2016080100
   1 -999.9900 -999.9900 -999.9900 -999.9900 -999.9900 -999.9900 -999.9900 -999.9900 -999.9900
   0    1.4213    1.8622    2.3016    2.3016    0.5071   -0.1657    1.6094    0.3561    0.4335
    
   0    1.1737 -999.9900    1.9185    1.9185    0.5654    0.5354    1.3609    0.2486    0.4942
   0    1.3221 -999.9900    2.1251    2.1251    0.4924    0.1211    1.5009    0.3141    0.4649
    
   0    5.1871    4.0228    7.1138    7.1138    0.5071   -4.9892    5.4059    0.7486    0.1731
   0    1.2840    1.8895    2.0714    2.0714    0.4391    0.5744    1.4456    0.2117    0.5675
    
   0    1.5444    2.0967    2.5044    2.5044    0.6705    0.1023    1.7486    0.3539    0.4199
   0    1.1737 -999.9900    1.9185    1.9185    0.5654    0.5354    1.3609    0.2486    0.4942
    
    
2016080200
   0    1.4283    1.7697    2.3578    2.3578    0.5067   -0.2799    1.6131    0.3710    0.4156
   0    1.3457    1.7295    2.2101    2.2101    0.5067   -0.1459    1.5291    0.3544    0.4269
    
   0    1.3574 -999.9900    2.2030    2.2030    0.4643    0.0012    1.5294    0.3278    0.4613
   0    1.2683 -999.9900    2.0376    2.0376    0.4643    0.1834    1.4380    0.2991    0.4824
    
   0    1.2877    1.8296    2.1033    2.1033    0.4197    0.4005    1.4459    0.2485    0.5398
   0    1.2566    1.8033    2.0276    2.0276    0.4197    0.5204    1.4149    0.2327    0.5586
    
   0    1.1743 -999.9900    1.9130    1.9130    0.5369    0.4601    1.3553    0.2557    0.4966
   0    1.1773 -999.9900    1.9291    1.9291    0.5369    0.3710    1.3571    0.2754    0.4750
    
    
2016080300
   0    1.4700    1.7976    2.3210    2.3210    0.5020   -0.2497    1.6581    0.3893    0.4155
   0    1.3952    1.7764    2.1926    2.1926    0.5020   -0.1110    1.5795    0.3699    0.4275
    
   0    1.3875 -999.9900    2.1620    2.1620    0.4758   -0.0002    1.5620    0.3448    0.4490
   0    1.3280 -999.9900    2.0562    2.0562    0.4758    0.1675    1.4997    0.3206    0.4691
    
   0    1.2932    1.8547    2.0488    2.0488    0.4120    0.3145    1.4500    0.2736    0.5207
   0    1.2766    1.8430    2.0061    2.0061    0.4120    0.4060    1.4331    0.2668    0.5292
    
   0    1.1249 -999.9900    1.7991    1.7991    0.5112    0.2911    1.2959    0.2980    0.4396
   0    1.1547 -999.9900    1.8356    1.8356    0.5112    0.2335    1.3267    0.3148    0.4332
    
    
2016080400
   0    1.5057    1.8961    2.4015    2.4015    0.4807   -0.2828    1.6889    0.3988    0.4146
   0    1.4351    1.8616    2.2751    2.2751    0.4807   -0.1654    1.6175    0.3838    0.4250
    
   0    1.4277 -999.9900    2.2425    2.2425    0.4660   -0.0947    1.6029    0.3677    0.4374
   0    1.3612 -999.9900    2.1152    2.1152    0.4660    0.0588    1.5362    0.3452    0.4568
    
   0    1.3542    1.9597    2.1419    2.1419    0.4361    0.2314    1.5189    0.3004    0.5007
   0    1.3148    1.9171    2.0563    2.0563    0.4361    0.3531    1.4770    0.2843    0.5112
    
   0    1.1343 -999.9900    1.8078    1.8078    0.5376    0.3073    1.3080    0.2974    0.4431
   0    1.1157 -999.9900    1.7823    1.7823    0.5376    0.2267    1.2891    0.3153    0.4211
    
    
2016080500
   0    1.4741    1.8279    2.3724    2.3724    0.4834   -0.3014    1.6566    0.3832    0.4274
   0    1.4132    1.7979    2.2493    2.2493    0.4834   -0.1595    1.5958    0.3670    0.4414
    
   0    1.3917 -999.9900    2.2003    2.2003    0.4673   -0.1436    1.5661    0.3671    0.4373
   0    1.3284 -999.9900    2.0727    2.0727    0.4673    0.0317    1.5020    0.3385    0.4604
    
   0    1.3063    1.8162    2.0741    2.0741    0.4415    0.1729    1.4691    0.3192    0.4680
   0    1.2724    1.8034    2.0011    2.0011    0.4415    0.3089    1.4347    0.2923    0.4925
    
   0    1.0821 -999.9900    1.7250    1.7250    0.5588    0.3010    1.2676    0.2782    0.4500
   0    1.0544 -999.9900    1.6805    1.6805    0.5588    0.2526    1.2355    0.2846    0.4356
    
    
2016080600
   0    1.3001    1.7691    2.1219    2.1219    0.4900   -0.3086    1.4757    0.3917    0.3990
   0    1.2538    1.7776    2.0260    2.0260    0.4900   -0.2007    1.4275    0.3711    0.4132
    
   0    1.2407 -999.9900    2.0106    2.0106    0.4686   -0.1163    1.4091    0.3456    0.4364
   0    1.1976 -999.9900    1.9113    1.9113    0.4686    0.0239    1.3655    0.3151    0.4681
    
   0    1.1727    1.7099    1.9011    1.9011    0.4456    0.1944    1.3326    0.2864    0.4872
   0    1.1716    1.7164    1.8858    1.8858    0.4456    0.2910    1.3317    0.2608    0.5166
    
   0    1.0074 -999.9900    1.6306    1.6306    0.5312    0.2090    1.1813    0.2846    0.4341
   0    1.0091 -999.9900    1.6345    1.6345    0.5312    0.1404    1.1836    0.2949    0.4228
    
    
2016080700
   0    1.3431    1.7010    2.1806    2.1806    0.4885   -0.3362    1.5234    0.3844    0.4051
   0    1.3538    1.7156    2.1965    2.1965    0.4885   -0.3064    1.5344    0.3753    0.4154
    
   0    1.3167 -999.9900    2.0809    2.0809    0.4708   -0.1459    1.4891    0.3525    0.4452
   0    1.3324 -999.9900    2.1021    2.1021    0.4708   -0.1364    1.5053    0.3490    0.4516
    
   0    1.2272    1.6700    1.9527    1.9527    0.4418    0.2315    1.3914    0.2872    0.5033
   0    1.2541    1.7407    1.9879    1.9879    0.4418    0.0978    1.4193    0.3227    0.4750
    
   0    1.0440 -999.9900    1.6636    1.6636    0.5219    0.3167    1.2203    0.2626    0.4699
   0    1.0740 -999.9900    1.7058    1.7058    0.5219    0.3553    1.2514    0.2571    0.4812
    
    
2016080800
   0    1.3330    1.7638    2.1255    2.1255    0.5006   -0.1903    1.5173    0.3626    0.4244
   0    1.3446    1.7815    2.1421    2.1421    0.5006   -0.1626    1.5290    0.3545    0.4337
    
   0    1.2838 -999.9900    2.0097    2.0097    0.4905    0.0338    1.4629    0.3203    0.4594
   0    1.2967 -999.9900    2.0259    2.0259    0.4905    0.0431    1.4762    0.3168    0.4651
    
   0    1.1916    1.6339    1.9016    1.9016    0.4523    0.3334    1.3584    0.2550    0.5115
   0    1.2086    1.6788    1.9190    1.9190    0.4523    0.1948    1.3771    0.2912    0.4848
    
   0    1.1396 -999.9900    1.8396    1.8396    0.5661    0.4038    1.3331    0.2590    0.4783
   0    1.1724 -999.9900    1.8860    1.8860    0.5661    0.4450    1.3673    0.2531    0.4904
    
    
2016080900
   0    1.3336    1.7080    2.1580    2.1580    0.4979   -0.2869    1.5218    0.3882    0.3874
   0    1.3446    1.7232    2.1780    2.1780    0.4979   -0.2585    1.5322    0.3798    0.3962
    
   0    1.2586 -999.9900    2.0251    2.0251    0.4915   -0.1167    1.4386    0.3616    0.4055
   0    1.2707 -999.9900    2.0449    2.0449    0.4915   -0.1078    1.4510    0.3588    0.4107
    
   0    1.1689    1.6254    1.9261    1.9261    0.4782    0.2565    1.3342    0.2722    0.4704
   0    1.1966    1.6187    1.9559    1.9559    0.4782    0.1215    1.3648    0.3114    0.4453
    
   0    1.0855 -999.9900    1.7630    1.7630    0.5535    0.3490    1.2682    0.2634    0.4649
   0    1.1205 -999.9900    1.8123    1.8123    0.5535    0.3908    1.3055    0.2581    0.4785
    
    
2016081000
   0    1.2512    1.8425    2.0522    2.0522    0.4932   -0.2098    1.4329    0.3781    0.3997
   0    1.2658    1.8551    2.0738    2.0738    0.4932   -0.1825    1.4477    0.3700    0.4092
    
   0    1.2115 -999.9900    1.9753    1.9753    0.4745   -0.0430    1.3838    0.3444    0.4300
   0    1.2257 -999.9900    1.9964    1.9964    0.4745   -0.0355    1.3984    0.3415    0.4348
    
   0    1.1757    1.9019    1.9316    1.9316    0.4398    0.2173    1.3370    0.2914    0.4832
   0    1.1895    1.8625    1.9575    1.9575    0.4398    0.0799    1.3511    0.3263    0.4499
    
   0    1.0169 -999.9900    1.7083    1.7083    0.5440    0.2155    1.1933    0.3125    0.3970
   0    1.0411 -999.9900    1.7389    1.7389    0.5440    0.2574    1.2193    0.3048    0.4123
    
    
2016081100
   0    1.3198    1.8581    2.1680    2.1680    0.4699   -0.2494    1.4953    0.3998    0.3869
   0    1.3329    1.8753    2.1868    2.1868    0.4699   -0.2236    1.5085    0.3905    0.3976
    
   0    1.2879 -999.9900    2.0663    2.0663    0.4618   -0.0541    1.4584    0.3637    0.4281
   0    1.3007 -999.9900    2.0846    2.0846    0.4618   -0.0465    1.4716    0.3585    0.4348
    
   0    1.2740    1.8610    2.0271    2.0271    0.4337    0.3330    1.4320    0.2874    0.5032
   0    1.2927    1.8261    2.0502    2.0502    0.4337    0.1925    1.4521    0.3238    0.4755
    
   0    1.1347 -999.9900    1.8094    1.8094    0.5396    0.3893    1.3153    0.2735    0.4664
   0    1.1624 -999.9900    1.8460    1.8460    0.5396    0.4304    1.3449    0.2657    0.4818
    
    
2016081200
   0    1.4381    1.9018    2.3040    2.3040    0.4531   -0.2294    1.6136    0.3827    0.4401
   0    1.4483    1.9155    2.3205    2.3205    0.4531   -0.2006    1.6239    0.3741    0.4505
    
   0    1.3763 -999.9900    2.1533    2.1533    0.4468   -0.0391    1.5464    0.3615    0.4548
   0    1.3883 -999.9900    2.1699    2.1699    0.4468   -0.0314    1.5585    0.3577    0.4598
    
   0    1.2590    1.9726    2.0228    2.0228    0.4152    0.2615    1.4132    0.2919    0.4987
   0    1.3040    1.9507    2.0749    2.0749    0.4152    0.1208    1.4604    0.3304    0.4716
    
   0    1.1446 -999.9900    1.7931    1.7931    0.5390    0.6019    1.3295    0.2258    0.5233
   0    1.1767 -999.9900    1.8331    1.8331    0.5390    0.6423    1.3632    0.2198    0.5370
    
    
2016081300
   0    1.4704    1.9315    2.3783    2.3783    0.4857   -0.4283    1.6530    0.4301    0.3681
   0    1.4804    1.9303    2.3962    2.3962    0.4857   -0.3976    1.6629    0.4206    0.3767
    
   0    1.4090 -999.9900    2.2316    2.2316    0.4676   -0.1804    1.5859    0.4005    0.3908
   0    1.4214 -999.9900    2.2505    2.2505    0.4676   -0.1709    1.5982    0.3970    0.3951
    
   0    1.2485    1.7614    2.0400    2.0400    0.4268    0.3045    1.4099    0.2791    0.4992
   0    1.2935    1.7740    2.0890    2.0890    0.4268    0.1676    1.4576    0.3197    0.4717
    
   0    1.1178 -999.9900    1.7842    1.7842    0.5323    0.5393    1.2988    0.2296    0.5036
   0    1.1441 -999.9900    1.8152    1.8152    0.5323    0.5828    1.3262    0.2227    0.5181
    
    
2016081400
   0    1.4020    1.8073    2.2817    2.2817    0.4791   -0.2312    1.5811    0.3905    0.4048
   0    1.4147    1.7996    2.3028    2.3028    0.4791   -0.2027    1.5932    0.3801    0.4145
    
   0    1.3889 -999.9900    2.1937    2.1937    0.4639    0.0781    1.5627    0.3400    0.4524
   0    1.4026 -999.9900    2.2137    2.2137    0.4639    0.0877    1.5763    0.3354    0.4584
    
   0    1.2498    1.6649    2.0533    2.0533    0.4374    0.3888    1.4067    0.2663    0.4855
   0    1.2911    1.6806    2.0971    2.0971    0.4374    0.2494    1.4514    0.3121    0.4541
    
   0    1.0924 -999.9900    1.7474    1.7474    0.5628    0.3971    1.2735    0.2643    0.4548
   0    1.1221 -999.9900    1.7853    1.7853    0.5628    0.4409    1.3050    0.2561    0.4697
    
    
2016081500
   0    1.4520    1.7481    2.3194    2.3194    0.5445   -0.2945    1.6488    0.3733    0.4238
   0    1.4705    1.7438    2.3441    2.3441    0.5445   -0.2645    1.6673    0.3663    0.4323
    
   0    1.4206 -999.9900    2.2279    2.2279    0.5203   -0.0089    1.6091    0.3235    0.4783
   0    1.4395 -999.9900    2.2528    2.2528    0.5203   -0.0002    1.6282    0.3219    0.4832
    
   0    1.3230    1.6005    2.1127    2.1127    0.4201    0.4894    1.4841    0.2383    0.5486
   0    1.3306    1.5648    2.1336    2.1336    0.4201    0.3516    1.4913    0.2733    0.5138
    
   0    1.0971 -999.9900    1.7381    1.7381    0.5490    0.5084    1.2741    0.2255    0.5056
   0    1.1224 -999.9900    1.7718    1.7718    0.5490    0.5523    1.3003    0.2180    0.5189
    
    
2016081600
   0    1.4389    1.6997    2.2967    2.2967    0.5012   -0.2585    1.6286    0.3939    0.4105
   0    1.4518    1.7037    2.3186    2.3186    0.5012   -0.2275    1.6415    0.3850    0.4210
    
   0    1.4335 -999.9900    2.2372    2.2372    0.4803    0.0612    1.6141    0.3622    0.4455
   0    1.4489 -999.9900    2.2601    2.2601    0.4803    0.0712    1.6298    0.3578    0.4508
    
   0    1.3838    1.7256    2.1780    2.1780    0.4158    0.5247    1.5441    0.2549    0.5415
   0    1.4089    1.6514    2.2055    2.2055    0.4158    0.3865    1.5709    0.2962    0.5105
    
   0    1.1131 -999.9900    1.7362    1.7362    0.5188    0.4955    1.2853    0.2679    0.4796
   0    1.1388 -999.9900    1.7679    1.7679    0.5188    0.5401    1.3114    0.2605    0.4920
    
    
2016081700
   0    1.3891    1.7870    2.2257    2.2257    0.5055   -0.0914    1.5702    0.3433    0.4406
   0    1.4051    1.7955    2.2484    2.2484    0.5055   -0.0601    1.5865    0.3343    0.4523
    
   0    1.3690 -999.9900    2.1487    2.1487    0.4884    0.1082    1.5450    0.3270    0.4610
   0    1.3862 -999.9900    2.1734    2.1734    0.4884    0.1185    1.5626    0.3223    0.4674
    
   0    1.3583    1.8102    2.1258    2.1258    0.4312    0.5433    1.5170    0.2581    0.5236
   0    1.3810    1.7354    2.1498    2.1498    0.4312    0.4048    1.5417    0.3052    0.4889
    
   0    1.1531 -999.9900    1.8065    1.8065    0.5336    0.5333    1.3294    0.2463    0.4912
   0    1.1861 -999.9900    1.8496    1.8496    0.5336    0.5761    1.3636    0.2400    0.5040
    
    
2016081800
   0    1.3460    1.7043    2.1350    2.1350    0.4643   -0.2139    1.5179    0.3805    0.4155
   0    1.3629    1.7074    2.1575    2.1575    0.4643   -0.1842    1.5350    0.3715    0.4265
    
   0    1.3188 -999.9900    2.0513    2.0513    0.4448   -0.0155    1.4830    0.3547    0.4422
   0    1.3359 -999.9900    2.0742    2.0742    0.4448   -0.0062    1.5006    0.3506    0.4492
    
   0    1.2602    1.6706    1.9667    1.9667    0.3991    0.4218    1.4104    0.2633    0.5260
   0    1.2932    1.5766    2.0030    2.0030    0.3991    0.2840    1.4450    0.3062    0.4949
    
   0    1.1894 -999.9900    1.8361    1.8361    0.4987    0.5098    1.3604    0.2660    0.4931
   0    1.2184 -999.9900    1.8711    1.8711    0.4987    0.5524    1.3904    0.2604    0.5046
    
    
2016081900
   0    1.3466    1.7797    2.1386    2.1386    0.4283   -0.1809    1.5134    0.3987    0.4158
   0    1.3580    1.7778    2.1535    2.1535    0.4283   -0.1501    1.5249    0.3888    0.4275
    
   0    1.2619 -999.9900    1.9758    1.9758    0.4144    0.0083    1.4210    0.3662    0.4349
   0    1.2717 -999.9900    1.9905    1.9905    0.4144    0.0186    1.4309    0.3597    0.4419
    
   0    1.2133    1.7117    1.9051    1.9051    0.3928    0.3007    1.3684    0.3104    0.4907
   0    1.2425    1.6477    1.9310    1.9310    0.3928    0.1625    1.3990    0.3483    0.4649
    
   0    1.1165 -999.9900    1.7487    1.7487    0.5177    0.4687    1.2956    0.2715    0.4775
   0    1.1427 -999.9900    1.7757    1.7757    0.5177    0.5124    1.3234    0.2654    0.4918
    
    
2016082000
   0    1.4083    1.9436    2.3225    2.3225    0.4784   -0.2047    1.5863    0.3712    0.4227
   0    1.4239    1.9417    2.3467    2.3467    0.4784   -0.1720    1.6017    0.3594    0.4341
    
   0    1.3736 -999.9900    2.2037    2.2037    0.4667   -0.0446    1.5482    0.3667    0.4253
   0    1.3869 -999.9900    2.2261    2.2261    0.4667   -0.0333    1.5617    0.3614    0.4310
    
   0    1.2718    1.9660    2.0756    2.0756    0.4378    0.3767    1.4304    0.2702    0.4985
   0    1.3023    1.9286    2.1063    2.1063    0.4378    0.2399    1.4636    0.3129    0.4688
    
   0    1.1006 -999.9900    1.7538    1.7538    0.5262    0.5707    1.2799    0.2426    0.4830
   0    1.1316 -999.9900    1.7939    1.7939    0.5262    0.6161    1.3127    0.2372    0.4965
    
    
2016082100
   0    1.4028    2.1667    2.2917    2.2917    0.4997   -0.1344    1.5870    0.3705    0.4244
   0    1.4158    2.1604    2.3156    2.3156    0.4997   -0.1023    1.6002    0.3593    0.4348
    
   0    1.3779 -999.9900    2.2081    2.2081    0.4852    0.1301    1.5536    0.3267    0.4651
   0    1.3913 -999.9900    2.2269    2.2269    0.4852    0.1410    1.5673    0.3209    0.4727
    
   0    1.2997    2.1660    2.1361    2.1361    0.4687    0.3548    1.4689    0.2838    0.4848
   0    1.3478    2.1684    2.1765    2.1765    0.4687    0.2178    1.5179    0.3212    0.4593
    
   0    1.0958 -999.9900    1.7226    1.7226    0.5065    0.3071    1.2734    0.2835    0.4600
   0    1.1248 -999.9900    1.7577    1.7577    0.5065    0.3513    1.3028    0.2752    0.4738
    
    
2016082200
   0    1.2535    2.0693    2.0854    2.0854    0.4788   -0.1496    1.4295    0.3630    0.4125
   0    1.2694    2.0780    2.1067    2.1067    0.4788   -0.1179    1.4456    0.3525    0.4245
    
   0    1.2552 -999.9900    2.0475    2.0475    0.4634    0.0475    1.4259    0.3353    0.4494
   0    1.2715 -999.9900    2.0700    2.0700    0.4634    0.0582    1.4427    0.3297    0.4576
    
   0    1.2093    1.8922    2.0235    2.0235    0.4271    0.3492    1.3675    0.2696    0.4948
   0    1.2287    1.9695    2.0484    2.0484    0.4271    0.2124    1.3872    0.3067    0.4616
    
   0    0.9718 -999.9900    1.5701    1.5701    0.4640    0.1646    1.1298    0.3257    0.3958
   0    1.0008 -999.9900    1.6063    1.6063    0.4640    0.2088    1.1605    0.3186    0.4104
    
    
2016082300
   0    1.3366    1.7748    2.1925    2.1925    0.4681   -0.3018    1.5132    0.3928    0.3993
   0    1.3465    1.7915    2.2105    2.2105    0.4681   -0.2719    1.5227    0.3804    0.4116
    
   0    1.2811 -999.9900    2.0794    2.0794    0.4450   -0.0879    1.4489    0.3636    0.4252
   0    1.2896 -999.9900    2.0958    2.0958    0.4450   -0.0790    1.4570    0.3574    0.4308
    
   0    1.2477    1.5478    2.0583    2.0583    0.4152    0.2884    1.4029    0.2768    0.4918
   0    1.2465    1.5834    2.0622    2.0622    0.4152    0.1502    1.4029    0.3105    0.4609
    
   0    1.0524 -999.9900    1.6462    1.6462    0.4847    0.2589    1.2157    0.3135    0.4473
   0    1.0789 -999.9900    1.6798    1.6798    0.4847    0.3013    1.2430    0.3041    0.4609
    
    
2016082400
   0    1.3215    1.5793    2.2160    2.2160    0.4746   -0.2572    1.4963    0.3819    0.3933
   0    1.3333    1.5953    2.2353    2.2353    0.4746   -0.2278    1.5080    0.3712    0.4057
    
   0    1.2984 -999.9900    2.0984    2.0984    0.4507   -0.0431    1.4638    0.3563    0.4266
   0    1.3091 -999.9900    2.1158    2.1158    0.4507   -0.0341    1.4747    0.3514    0.4330
    
   0    1.2563    1.5616    1.9992    1.9992    0.4292    0.2945    1.4137    0.2986    0.4946
   0    1.2743    1.5281    2.0246    2.0246    0.4292    0.1556    1.4325    0.3344    0.4637
    
   0    1.0953 -999.9900    1.7189    1.7189    0.5319    0.4358    1.2698    0.2794    0.4802
   0    1.1262 -999.9900    1.7633    1.7633    0.5319    0.4782    1.3016    0.2709    0.4939
    
    
2016082500
   0    1.3131    1.9282    2.1358    2.1358    0.4536   -0.3225    1.4792    0.4017    0.3786
   0    1.3278    1.9364    2.1586    2.1586    0.4536   -0.2924    1.4937    0.3915    0.3900
    
   0    1.2669 -999.9900    2.0089    2.0089    0.4288   -0.0921    1.4228    0.3688    0.4086
   0    1.2816 -999.9900    2.0295    2.0295    0.4288   -0.0821    1.4376    0.3635    0.4152
    
   0    1.2141    1.8272    1.9293    1.9293    0.3891    0.3163    1.3597    0.2719    0.5062
   0    1.2384    1.8017    1.9606    1.9606    0.3891    0.1799    1.3855    0.3136    0.4739
    
   0    1.0497 -999.9900    1.6179    1.6179    0.4635    0.4240    1.2117    0.2809    0.4803
   0    1.0801 -999.9900    1.6594    1.6594    0.4635    0.4660    1.2437    0.2757    0.4919
    
    
2016082600
   0    1.3924    1.8569    2.2473    2.2473    0.4871   -0.3983    1.5730    0.4261    0.3736
   0    1.4052    1.8559    2.2668    2.2668    0.4871   -0.3674    1.5862    0.4148    0.3867
    
   0    1.3213 -999.9900    2.1061    2.1061    0.4605   -0.2106    1.4931    0.3975    0.3918
   0    1.3372 -999.9900    2.1268    2.1268    0.4605   -0.2001    1.5094    0.3920    0.4010
    
   0    1.1795    1.7299    1.9196    1.9196    0.4249    0.1863    1.3343    0.3144    0.4573
   0    1.2108    1.7162    1.9543    1.9543    0.4249    0.0496    1.3687    0.3553    0.4306
    
   0    1.0339 -999.9900    1.6237    1.6237    0.4799    0.3952    1.1986    0.2966    0.4512
   0    1.0628 -999.9900    1.6643    1.6643    0.4799    0.4379    1.2282    0.2865    0.4650
    
    
2016082700
   0    1.3304    1.5531    2.1636    2.1636    0.4673   -0.2895    1.5041    0.3776    0.3999
   0    1.3456    1.5555    2.1872    2.1872    0.4673   -0.2588    1.5194    0.3672    0.4117
    
   0    1.2740 -999.9900    2.0470    2.0470    0.4444   -0.0572    1.4391    0.3349    0.4328
   0    1.2891 -999.9900    2.0663    2.0663    0.4444   -0.0470    1.4543    0.3314    0.4382
    
   0    1.2460    1.3894    2.0030    2.0030    0.4198    0.3296    1.3997    0.2822    0.4849
   0    1.2501    1.3587    2.0149    2.0149    0.4198    0.1935    1.4065    0.3174    0.4557
    
   0    1.0767 -999.9900    1.7224    1.7224    0.4559    0.4667    1.2371    0.2797    0.4682
   0    1.0939 -999.9900    1.7460    1.7460    0.4559    0.5092    1.2538    0.2678    0.4820
    
    
2016082800
   0    1.2650    1.3859    2.0605    2.0605    0.4406   -0.1353    1.4324    0.3708    0.4091
   0    1.2781    1.3971    2.0800    2.0800    0.4406   -0.1042    1.4453    0.3605    0.4197
    
   0    1.2663 -999.9900    2.0265    2.0265    0.4243   -0.0245    1.4272    0.3514    0.4277
   0    1.2813 -999.9900    2.0468    2.0468    0.4243   -0.0137    1.4427    0.3489    0.4338
    
   0    1.2008    1.5989    1.9458    1.9458    0.3943    0.3437    1.3498    0.2683    0.5006
   0    1.2135    1.5046    1.9694    1.9694    0.3943    0.2072    1.3641    0.3089    0.4653
    
   0    1.0617 -999.9900    1.6736    1.6736    0.4599    0.3419    1.2235    0.3002    0.4484
   0    1.0905 -999.9900    1.7143    1.7143    0.4599    0.3842    1.2537    0.2907    0.4629
    
    
2016082900
   0    1.3471    1.8076    2.1518    2.1518    0.4008   -0.1263    1.5063    0.3644    0.4432
   0    1.3633    1.8158    2.1753    2.1753    0.4008   -0.0943    1.5228    0.3552    0.4543
    
   0    1.3683 -999.9900    2.1254    2.1254    0.3798    0.1302    1.5216    0.3143    0.4975
   0    1.3854 -999.9900    2.1471    2.1471    0.3798    0.1414    1.5389    0.3106    0.5025
    
   0    1.3555    1.7874    2.1162    2.1162    0.3669    0.4714    1.5042    0.2527    0.5553
   0    1.3754    1.7250    2.1461    2.1461    0.3669    0.3334    1.5250    0.2904    0.5201
    
   0    1.1516 -999.9900    1.7883    1.7883    0.4448    0.5550    1.3136    0.2356    0.5204
   0    1.1940 -999.9900    1.8382    1.8382    0.4448    0.5989    1.3571    0.2347    0.5303
    
    
2016083000
   0    1.2829    1.7700    2.1257    2.1257    0.4544   -0.3291    1.4606    0.3874    0.3672
   0    1.2987    1.7699    2.1493    2.1493    0.4544   -0.2959    1.4767    0.3782    0.3802
    
   0    1.2892 -999.9900    2.0885    2.0885    0.4430   -0.0817    1.4623    0.3368    0.4305
   0    1.3060 -999.9900    2.1093    2.1093    0.4430   -0.0694    1.4794    0.3343    0.4372
    
   0    1.2409    1.7510    2.0269    2.0269    0.4187    0.3618    1.4039    0.2420    0.5191
   0    1.2396    1.6880    2.0332    2.0332    0.4187    0.2265    1.4022    0.2767    0.4801
    
   0    1.0524 -999.9900    1.6681    1.6681    0.4524    0.3730    1.2193    0.2688    0.4552
   0    1.0771 -999.9900    1.6974    1.6974    0.4524    0.4166    1.2450    0.2620    0.4682
    
    
2016083100
   0    1.3001    1.7328    2.1137    2.1137    0.5042   -0.3285    1.4906    0.3721    0.3898
   0    1.2418    1.7235    2.0064    2.0064    0.5042   -0.2677    1.4289    0.3649    0.3874
    
   0    1.3095 -999.9900    2.1203    2.1203    0.4906   -0.2288    1.4957    0.3631    0.3975
   0    1.2409 -999.9900    1.9970    1.9970    0.4906   -0.1197    1.4238    0.3432    0.4059
    
   0    1.1915    1.7691    1.9640    1.9640    0.4440    0.1947    1.3571    0.2677    0.4720
   0    1.1544    1.7441    1.8992    1.8992    0.4440    0.2617    1.3185    0.2502    0.4798
    
   0    0.9976 -999.9900    1.6061    1.6061    0.5138    0.2970    1.1719    0.2776    0.4278
   0    0.9486 -999.9900    1.5302    1.5302    0.5138    0.1439    1.1202    0.3037    0.3898
    
    
