2022120100
    
2022120200
    
2022120300
    
2022120400
    
2022120500
    
2022120600
   1 -999.9900 -999.9900 -999.9900 -999.9900 -999.9900 -999.9900 -999.9900 -999.9900 -999.9900
   1 -999.9900 -999.9900 -999.9900 -999.9900 -999.9900 -999.9900 -999.9900 -999.9900 -999.9900
   1 -999.9900 -999.9900 -999.9900 -999.9900 -999.9900 -999.9900 -999.9900 -999.9900 -999.9900
   1 -999.9900 -999.9900 -999.9900 -999.9900 -999.9900 -999.9900 -999.9900 -999.9900 -999.9900
    
2022120700
   1 -999.9900 -999.9900 -999.9900 -999.9900 -999.9900 -999.9900 -999.9900 -999.9900 -999.9900
   1 -999.9900 -999.9900 -999.9900 -999.9900 -999.9900 -999.9900 -999.9900 -999.9900 -999.9900
   1 -999.9900 -999.9900 -999.9900 -999.9900 -999.9900 -999.9900 -999.9900 -999.9900 -999.9900
   1 -999.9900 -999.9900 -999.9900 -999.9900 -999.9900 -999.9900 -999.9900 -999.9900 -999.9900
    
2022120800
   1 -999.9900 -999.9900 -999.9900 -999.9900 -999.9900 -999.9900 -999.9900 -999.9900 -999.9900
   1 -999.9900 -999.9900 -999.9900 -999.9900 -999.9900 -999.9900 -999.9900 -999.9900 -999.9900
   1 -999.9900 -999.9900 -999.9900 -999.9900 -999.9900 -999.9900 -999.9900 -999.9900 -999.9900
   1 -999.9900 -999.9900 -999.9900 -999.9900 -999.9900 -999.9900 -999.9900 -999.9900 -999.9900
    
2022120900
   1 -999.9900 -999.9900 -999.9900 -999.9900 -999.9900 -999.9900 -999.9900 -999.9900 -999.9900
   1 -999.9900 -999.9900 -999.9900 -999.9900 -999.9900 -999.9900 -999.9900 -999.9900 -999.9900
   1 -999.9900 -999.9900 -999.9900 -999.9900 -999.9900 -999.9900 -999.9900 -999.9900 -999.9900
   1 -999.9900 -999.9900 -999.9900 -999.9900 -999.9900 -999.9900 -999.9900 -999.9900 -999.9900
    
2022121000
   1 -999.9900 -999.9900 -999.9900 -999.9900 -999.9900 -999.9900 -999.9900 -999.9900 -999.9900
   1 -999.9900 -999.9900 -999.9900 -999.9900 -999.9900 -999.9900 -999.9900 -999.9900 -999.9900
   1 -999.9900 -999.9900 -999.9900 -999.9900 -999.9900 -999.9900 -999.9900 -999.9900 -999.9900
   1 -999.9900 -999.9900 -999.9900 -999.9900 -999.9900 -999.9900 -999.9900 -999.9900 -999.9900
    
2022121100
   1 -999.9900 -999.9900 -999.9900 -999.9900 -999.9900 -999.9900 -999.9900 -999.9900 -999.9900
   1 -999.9900 -999.9900 -999.9900 -999.9900 -999.9900 -999.9900 -999.9900 -999.9900 -999.9900
   1 -999.9900 -999.9900 -999.9900 -999.9900 -999.9900 -999.9900 -999.9900 -999.9900 -999.9900
   1 -999.9900 -999.9900 -999.9900 -999.9900 -999.9900 -999.9900 -999.9900 -999.9900 -999.9900
    
2022121200
   1 -999.9900 -999.9900 -999.9900 -999.9900 -999.9900 -999.9900 -999.9900 -999.9900 -999.9900
   1 -999.9900 -999.9900 -999.9900 -999.9900 -999.9900 -999.9900 -999.9900 -999.9900 -999.9900
   1 -999.9900 -999.9900 -999.9900 -999.9900 -999.9900 -999.9900 -999.9900 -999.9900 -999.9900
   1 -999.9900 -999.9900 -999.9900 -999.9900 -999.9900 -999.9900 -999.9900 -999.9900 -999.9900
    
2022121300
   1 -999.9900 -999.9900 -999.9900 -999.9900 -999.9900 -999.9900 -999.9900 -999.9900 -999.9900
   1 -999.9900 -999.9900 -999.9900 -999.9900 -999.9900 -999.9900 -999.9900 -999.9900 -999.9900
   1 -999.9900 -999.9900 -999.9900 -999.9900 -999.9900 -999.9900 -999.9900 -999.9900 -999.9900
   1 -999.9900 -999.9900 -999.9900 -999.9900 -999.9900 -999.9900 -999.9900 -999.9900 -999.9900
    
2022121400
   1 -999.9900 -999.9900 -999.9900 -999.9900 -999.9900 -999.9900 -999.9900 -999.9900 -999.9900
   1 -999.9900 -999.9900 -999.9900 -999.9900 -999.9900 -999.9900 -999.9900 -999.9900 -999.9900
   1 -999.9900 -999.9900 -999.9900 -999.9900 -999.9900 -999.9900 -999.9900 -999.9900 -999.9900
   1 -999.9900 -999.9900 -999.9900 -999.9900 -999.9900 -999.9900 -999.9900 -999.9900 -999.9900
    
2022121500
   1 -999.9900 -999.9900 -999.9900 -999.9900 -999.9900 -999.9900 -999.9900 -999.9900 -999.9900
   1 -999.9900 -999.9900 -999.9900 -999.9900 -999.9900 -999.9900 -999.9900 -999.9900 -999.9900
   1 -999.9900 -999.9900 -999.9900 -999.9900 -999.9900 -999.9900 -999.9900 -999.9900 -999.9900
   1 -999.9900 -999.9900 -999.9900 -999.9900 -999.9900 -999.9900 -999.9900 -999.9900 -999.9900
    
2022121600
   1 -999.9900 -999.9900 -999.9900 -999.9900 -999.9900 -999.9900 -999.9900 -999.9900 -999.9900
   1 -999.9900 -999.9900 -999.9900 -999.9900 -999.9900 -999.9900 -999.9900 -999.9900 -999.9900
   1 -999.9900 -999.9900 -999.9900 -999.9900 -999.9900 -999.9900 -999.9900 -999.9900 -999.9900
   1 -999.9900 -999.9900 -999.9900 -999.9900 -999.9900 -999.9900 -999.9900 -999.9900 -999.9900
    
2022121700
   0    1.9024    1.7123    3.9181    3.9181    4.0030    0.1289    2.6413    0.0841    0.1028
   0    1.8672    1.6020    3.8634    3.8634    4.2549    0.0258    2.6139    0.0711    0.0805
   0    1.8870    1.6564    3.8787    3.8787    4.1270    0.1421    2.6382    0.0732    0.0991
   0    1.8580    1.5827    3.8337    3.8337    4.2905    0.0544    2.6082    0.0673    0.0815
    
2022121800
   0    2.0649    1.6117    4.2284    4.2284    4.3286    0.4334    2.8980    0.0807    0.1165
   0    2.0474    1.5592    4.2693    4.2693    4.4782    0.1898    2.9045    0.0824    0.0944
   0    1.9839    1.6161    4.0559    4.0559    4.3343    0.4026    2.7948    0.0681    0.1065
   0    1.9953    1.5667    4.1468    4.1468    4.4633    0.2200    2.8318    0.0745    0.0884
    
2022121900
   0    2.0349    1.5653    4.3175    4.3175    4.1563    0.2378    2.8793    0.0952    0.1054
   0    2.1209    1.5201    4.5611    4.5611    4.4554   -0.0271    2.9739    0.0873    0.0970
   0    2.1003    1.5277    4.4258    4.4258    4.3285    0.0556    2.9622    0.0914    0.0999
   0    2.1402    1.5018    4.5689    4.5689    4.5006   -0.0835    2.9992    0.0858    0.0942
    
2022122000
   0    2.2582    1.6183    5.0431    5.0431    4.2456   -0.0397    3.0845    0.1065    0.0902
   0    2.2156    1.5272    4.9417    4.9417    4.4244   -0.2064    3.0152    0.0986    0.0797
   0    2.1337    1.5876    4.6897    4.6897    4.1213   -0.1664    2.9519    0.1180    0.0816
   0    2.1337    1.5876    4.6897    4.6897    4.1213   -0.1664    2.9519    0.1180    0.0816
    
2022122100
   1 -999.9900 -999.9900 -999.9900 -999.9900 -999.9900 -999.9900 -999.9900 -999.9900 -999.9900
   0    2.3081    1.5522    5.1457    5.1457    4.3419    0.2351    3.1758    0.1044    0.1083
   0    2.2680    1.5054    4.9350    4.9350    3.9746    0.1256    3.1099    0.1346    0.1131
   0    2.2680    1.5054    4.9350    4.9350    3.9746    0.1256    3.1099    0.1346    0.1131
    
2022122200
   0    2.3534    1.4907    5.1514    5.1514    4.2883    0.3076    3.2497    0.1056    0.1180
   0    2.3630    1.5026    5.2189    5.2189    4.6494    0.0562    3.2762    0.1038    0.1005
   0    2.2497    1.4254    4.9078    4.9078    4.2794    0.1482    3.1262    0.1167    0.1004
   0    2.2497    1.4254    4.9078    4.9078    4.2794    0.1482    3.1262    0.1167    0.1004
    
2022122300
   0    2.4575    1.4683    5.2665    5.2665    4.2503    0.6073    3.4630    0.0779    0.1743
   0    2.5634    1.4989    5.5006    5.5006    4.5481    0.3520    3.6347    0.0888    0.1516
   0    2.4087    1.4476    5.1233    5.1233    4.2499    0.3349    3.4103    0.0980    0.1518
   0    2.4087    1.4476    5.1233    5.1233    4.2499    0.3349    3.4103    0.0980    0.1518
    
2022122400
   0    2.4396    1.5229    5.0631    5.0631    4.2025    0.3215    3.4373    0.0968    0.1551
   0    2.5638    1.5081    5.3455    5.3455    4.5920    0.1921    3.6634    0.0961    0.1500
   0    2.3968    1.5698    4.9277    4.9277    4.1344    0.1858    3.3904    0.1102    0.1520
   0    2.5375    1.4367    5.2308    5.2308    4.5704   -0.0465    3.6059    0.1017    0.1430
    
2022122500
   0    2.3282    1.4436    4.8288    4.8288    4.2280    0.1401    3.3272    0.1102    0.1574
   0    2.3907    1.4626    4.9787    4.9787    4.5530   -0.1227    3.4317    0.1052    0.1439
   0    2.3765    1.4056    4.8904    4.8904    4.2178   -0.1303    3.4006    0.1336    0.1443
   0    2.4436    1.3551    5.0189    5.0189    4.5835   -0.4161    3.4922    0.1136    0.1347
    
2022122600
   0    2.2349    1.4970    4.6282    4.6282    4.1614   -0.2815    3.1711    0.1275    0.1357
   0    2.2903    1.4555    4.7351    4.7351    4.5217   -0.4212    3.2505    0.1179    0.1222
   0    2.2052    1.4235    4.5405    4.5405    4.1324   -0.4848    3.1338    0.1370    0.1227
   0    2.3019    1.3254    4.6849    4.6849    4.5451   -0.7025    3.2745    0.1185    0.1193
    
2022122700
   0    1.9223    1.4118    4.0261    4.0261    4.1803   -0.6054    2.6777    0.1013    0.0841
   0    2.0211    1.4082    4.2481    4.2481    4.4462   -0.6686    2.8362    0.0911    0.0801
   0    1.8751    1.3799    3.9382    3.9382    4.0892   -0.4956    2.6258    0.0892    0.0825
   0    1.9667    1.3721    4.1351    4.1351    4.3690   -0.5973    2.7642    0.0823    0.0772
    
2022122800
   0    1.8208    1.4286    3.8097    3.8097    4.0738   -0.6205    2.5544    0.1014    0.0740
   0    1.8438    1.3772    3.8445    3.8445    4.2349   -0.6633    2.5753    0.1000    0.0603
   0    1.7525    1.3747    3.6174    3.6174    4.0536   -0.5551    2.4518    0.0916    0.0717
   0    1.7901    1.3406    3.7160    3.7160    4.2156   -0.6253    2.4944    0.0917    0.0581
    
2022122900
   0    1.8080    1.3366    3.7616    3.7616    4.0230   -0.4520    2.5280    0.0921    0.0771
   0    1.8215    1.3430    3.7926    3.7926    4.3368   -0.5240    2.5393    0.0793    0.0590
   0    1.8102    1.3389    3.7691    3.7691    4.1183   -0.4916    2.5232    0.0887    0.0692
   0    1.8194    1.3421    3.7960    3.7960    4.3271   -0.5296    2.5305    0.0787    0.0588
    
2022123000
   0    1.9741    1.3173    4.1574    4.1574    4.0387   -0.2553    2.7881    0.1074    0.1113
   0    1.9441    1.3245    4.1174    4.1174    4.3658   -0.3328    2.7480    0.0888    0.0864
   0    1.9761    1.3109    4.1966    4.1966    4.1541   -0.2917    2.7902    0.0997    0.1044
   0    1.9525    1.3125    4.1547    4.1547    4.3640   -0.3356    2.7579    0.0832    0.0890
    
2022123100
   0    2.0538    1.3530    4.2617    4.2617    3.9395   -0.5155    2.8660    0.1334    0.1122
   0    2.0149    1.3206    4.2535    4.2535    4.2041   -0.5565    2.8050    0.1117    0.0927
   0    2.0544    1.3245    4.3306    4.3306    4.0307   -0.4776    2.8804    0.1184    0.1066
   0    2.0252    1.3011    4.2995    4.2995    4.2038   -0.5340    2.8312    0.1084    0.0934
    
2023010100
   0    2.0580    1.4551    4.3169    4.3169    3.6758    0.0555    2.8482    0.1219    0.1370
   0    2.0822    1.3514    4.3942    4.3942    4.0029   -0.2086    2.9480    0.0995    0.1197
   0    2.0360    1.3986    4.2947    4.2947    3.6737   -0.0002    2.8476    0.1130    0.1363
   0    2.0574    1.3302    4.3524    4.3524    3.9523   -0.1891    2.9162    0.0964    0.1191
    
2023010200
   0    1.9837    1.3701    4.1202    4.1202    3.8965   -0.2725    2.7580    0.1032    0.1083
   0    2.0193    1.3237    4.2776    4.2776    4.1980   -0.4180    2.8310    0.0960    0.0910
   0    1.9793    1.3529    4.0965    4.0965    3.8617   -0.3209    2.7578    0.1074    0.1063
   0    2.0014    1.3148    4.2182    4.2182    4.1341   -0.4179    2.8005    0.0947    0.0903
    
2023010300
   0    1.9671    1.4413    4.0092    4.0092    4.0410   -0.3540    2.7429    0.0969    0.0941
   0    2.0005    1.3852    4.1566    4.1566    4.2736   -0.3918    2.7880    0.0872    0.0865
   0    1.9617    1.4491    3.9945    3.9945    3.9707   -0.3082    2.7370    0.0972    0.0975
   0    1.9778    1.3872    4.0947    4.0947    4.2118   -0.3568    2.7620    0.0865    0.0868
    
2023010400
   0    1.9560    1.4162    4.0377    4.0377    3.8913   -0.1031    2.7293    0.0995    0.1178
   0    2.0192    1.3831    4.2006    4.2006    4.1710   -0.2366    2.8408    0.0921    0.1073
   0    1.9598    1.3869    4.0418    4.0418    3.9457   -0.1218    2.7523    0.0961    0.1130
   0    1.9975    1.3636    4.1508    4.1508    4.1665   -0.2212    2.8248    0.0878    0.1036
    
