 day  2018040100
     96      96   10464
     96      96   10464
 day  2018040200
     96      96   10464
     96      96   10464
 day  2018040300
     96      96   10464
     96      96   10464
 day  2018040400
     96      96   10464
     96      96   10464
 day  2018040500
     96      96   10464
     96      96   10464
 day  2018040600
     96      96   10464
     96      96   10464
 day  2018040700
     96      96   10464
     96      96   10464
 day  2018040800
     96      96   10464
     96      96   10464
 day  2018040900
     96      96   10464
     96      96   10464
 day  2018041000
     96      96   10464
     96      96   10464
 day  2018041100
     96      96   10464
     96      96   10464
 day  2018041200
     96      96   10464
     96      96   10464
 day  2018041300
     96      96   10464
     96      96   10464
 day  2018041400
     96      96   10464
     96      96   10464
 day  2018041500
     96      96   10464
     96      96   10464
 day  2018041600
     96      96   10464
     96      96   10464
 day  2018041700
     96      96   10464
     96      96   10464
 day  2018041800
     96      96   10464
     96      96   10464
 day  2018041900
     96      96   10464
     96      96   10464
 day  2018042000
     96      96   10464
     96      96   10464
 day  2018042100
     96      96   10464
     96      96   10464
 day  2018042200
     96      96   10464
     96      96   10464
 day  2018042300
     96      96   10464
     96      96   10464
 day  2018042400
     96      96   10464
     96      96   10464
 day  2018042500
     96      96   10464
     96      96   10464
 day  2018042600
     96      96   10464
     96      96   10464
 day  2018042700
     96      96   10464
     96      96   10464
 day  2018042800
     96      96   10464
     96      96   10464
 day  2018042900
     96      96   10464
     96      96   10464
 day  2018043000
     96      96   10464
     96      96   10464
 day  2018040100
     96      96   10560
     96      96   10560
 day  2018040200
     96      96   10560
     96      96   10560
 day  2018040300
     96      96   10560
     96      96   10560
 day  2018040400
     96      96   10560
     96      96   10560
 day  2018040500
     96      96   10560
     96      96   10560
 day  2018040600
     96      96   10560
     96      96   10560
 day  2018040700
     96      96   10560
     96      96   10560
 day  2018040800
     96      96   10560
     96      96   10560
 day  2018040900
     96      96   10560
     96      96   10560
 day  2018041000
     96      96   10560
     96      96   10560
 day  2018041100
     96      96   10560
     96      96   10560
 day  2018041200
     96      96   10560
     96      96   10560
 day  2018041300
     96      96   10560
     96      96   10560
 day  2018041400
     96      96   10560
     96      96   10560
 day  2018041500
     96      96   10560
     96      96   10560
 day  2018041600
     96      96   10560
     96      96   10560
 day  2018041700
     96      96   10560
     96      96   10560
 day  2018041800
     96      96   10560
     96      96   10560
 day  2018041900
     96      96   10560
     96      96   10560
 day  2018042000
     96      96   10560
     96      96   10560
 day  2018042100
     96      96   10560
     96      96   10560
 day  2018042200
     96      96   10560
     96      96   10560
 day  2018042300
     96      96   10560
     96      96   10560
 day  2018042400
     96      96   10560
     96      96   10560
 day  2018042500
     96      96   10560
     96      96   10560
 day  2018042600
     96      96   10560
     96      96   10560
 day  2018042700
     96      96   10560
     96      96   10560
 day  2018042800
     96      96   10560
     96      96   10560
 day  2018042900
     96      96   10560
     96      96   10560
 day  2018043000
     96      96   10560
     96      96   10560
