2023010700
   0    0.9466 -999.9900    1.7680    1.7680    0.7792   -0.1603    1.1807    0.2489    0.2329
   0    0.7450 -999.9900    1.4924    1.4924    1.3424   -0.0361    1.0119    0.1497    0.1424
   0    0.8382 -999.9900    1.5837    1.5837    0.7957   -0.1264    1.0665    0.2289    0.2249
   0    0.7394 -999.9900    1.4541    1.4541    1.3879    0.0804    1.0047    0.1049    0.1987
    
2023010800
   0    1.0439 -999.9900    1.9812    1.9812    0.8846    0.0162    1.2892    0.2116    0.2803
   0    0.8418 -999.9900    1.7257    1.7257    1.4412    0.1651    1.1270    0.1211    0.1745
   0    0.9468 -999.9900    1.8195    1.8195    0.9021    0.0908    1.1893    0.1959    0.2709
   0    0.8215 -999.9900    1.6612    1.6612    1.5265    0.3096    1.0954    0.0891    0.2346
    
2023010900
   0    1.0338 -999.9900    1.9567    1.9567    0.8035    0.1623    1.2762    0.2366    0.2777
   0    0.8761 -999.9900    1.8271    1.8271    1.4271    0.3334    1.1764    0.1390    0.1788
   0    0.9191 -999.9900    1.7771    1.7771    0.8342    0.1338    1.1551    0.2230    0.2468
   0    0.8517 -999.9900    1.7367    1.7367    1.5065    0.3949    1.1460    0.1050    0.2075
    
2023011000
   0    1.1552 -999.9900    2.0827    2.0827    0.7426   -0.0591    1.3931    0.2796    0.2969
   0    0.9101 -999.9900    1.8152    1.8152    1.3357    0.1165    1.2151    0.1654    0.1936
   0    1.1387 -999.9900    2.0695    2.0695    0.7629   -0.0877    1.3812    0.2798    0.2818
   0    0.7830 -999.9900    1.5684    1.5684    1.2662    0.0052    1.0572    0.1640    0.1568
    
2023011100
   0    1.1141 -999.9900    1.9558    1.9558    0.7072    0.0306    1.3579    0.2405    0.3771
   0    0.8446 -999.9900    1.6506    1.6506    1.3132    0.1269    1.1484    0.1326    0.2455
   0    1.1133 -999.9900    1.9557    1.9557    0.7129    0.0315    1.3599    0.2396    0.3831
   0    0.7518 -999.9900    1.4580    1.4580    1.2495    0.1411    1.0302    0.1160    0.2370
    
2023011200
   0    0.9835 -999.9900    1.8744    1.8744    0.6083    0.2192    1.1849    0.2538    0.3431
   0    0.7482 -999.9900    1.5408    1.5408    1.2434    0.1081    1.0137    0.1590    0.1790
   0    0.9865 -999.9900    1.8829    1.8829    0.6078    0.2262    1.1901    0.2535    0.3450
   0    0.6718 -999.9900    1.3766    1.3766    1.2042    0.0182    0.9230    0.1498    0.1693
    
2023011300
   0    1.3084 -999.9900    2.5341    2.5341    0.5739   -0.0285    1.4989    0.3169    0.2881
   0    0.9361 -999.9900    2.0304    2.0304    1.3218   -0.1196    1.2325    0.2205    0.1553
   0    1.1886 -999.9900    2.3026    2.3026    0.5790   -0.0656    1.3788    0.3096    0.2775
   0    0.8546 -999.9900    1.8494    1.8494    1.2572   -0.1312    1.1340    0.2147    0.1428
    
2023011400
   0    1.1906 -999.9900    2.2540    2.2540    0.5992    0.0529    1.3942    0.2887    0.3512
   0    0.8710 -999.9900    1.8237    1.8237    1.3341   -0.1012    1.1652    0.2158    0.2082
   0    1.0601 -999.9900    2.0763    2.0763    0.6073    0.0633    1.2607    0.2765    0.3269
   0    0.7953 -999.9900    1.7216    1.7216    1.2562   -0.0295    1.0717    0.1966    0.1905
    
2023011500
   0    1.1518 -999.9900    1.9738    1.9738    0.6351   -0.0082    1.3649    0.3061    0.3214
   0    0.8715 -999.9900    1.6847    1.6847    1.2669   -0.0013    1.1573    0.2053    0.1924
   0    1.1445 -999.9900    1.9690    1.9690    0.6581   -0.0122    1.3616    0.2992    0.3169
   0    0.8833 -999.9900    1.6984    1.6984    1.2186    0.0032    1.1680    0.2039    0.2015
    
2023011600
   0    0.9816 -999.9900    1.8013    1.8013    0.7856    0.1777    1.1978    0.2071    0.3171
   0    0.8233 -999.9900    1.6441    1.6441    1.2718    0.2169    1.1014    0.1368    0.2248
   0    1.0049 -999.9900    1.8416    1.8416    0.7279    0.1248    1.2167    0.2262    0.3133
   0    0.8250 -999.9900    1.6464    1.6464    1.2251    0.1854    1.1004    0.1465    0.2275
    
2023011700
   0    1.1634 -999.9900    1.9908    1.9908    0.7154    0.1591    1.3851    0.2460    0.3444
   0    0.8842 -999.9900    1.6768    1.6768    1.3165    0.2246    1.1592    0.1330    0.2200
   0    1.1575 -999.9900    1.9830    1.9830    0.7181    0.1259    1.3818    0.2480    0.3360
   0    0.8977 -999.9900    1.6967    1.6967    1.2697    0.1743    1.1752    0.1410    0.2245
    
2023011800
   0    1.2202 -999.9900    2.1667    2.1667    0.7045    0.3344    1.4469    0.2313    0.4023
   0    0.9388 -999.9900    1.8563    1.8563    1.3807    0.3196    1.2596    0.1341    0.2719
   0    1.2154 -999.9900    2.1607    2.1607    0.7074    0.3304    1.4431    0.2291    0.3989
   0    0.9539 -999.9900    1.8715    1.8715    1.3287    0.2969    1.2702    0.1436    0.2784
    
2023011900
   0    1.1313 -999.9900    1.9732    1.9732    0.7765    0.1946    1.3707    0.2418    0.3660
   0    0.9194 -999.9900    1.7908    1.7908    1.4848    0.3301    1.2442    0.1351    0.2514
   0    1.1371 -999.9900    1.9714    1.9714    0.7644    0.2190    1.3831    0.2407    0.3744
   0    0.9158 -999.9900    1.7671    1.7671    1.4152    0.3018    1.2392    0.1378    0.2577
    
2023012000
   1 -999.9900 -999.9900 -999.9900 -999.9900 -999.9900 -999.9900 -999.9900 -999.9900 -999.9900
   1 -999.9900 -999.9900 -999.9900 -999.9900 -999.9900 -999.9900 -999.9900 -999.9900 -999.9900
   1 -999.9900 -999.9900 -999.9900 -999.9900 -999.9900 -999.9900 -999.9900 -999.9900 -999.9900
   1 -999.9900 -999.9900 -999.9900 -999.9900 -999.9900 -999.9900 -999.9900 -999.9900 -999.9900
    
2023012100
   0    1.3950 -999.9900    2.4919    2.4919    1.0068    0.6731    1.6683    0.1980    0.4357
   0    1.3950 -999.9900    2.4919    2.4919    1.0068    0.6731    1.6683    0.1980    0.4357
   0    1.4038 -999.9900    2.5166    2.5166    0.9888    0.6554    1.6806    0.2025    0.4357
   0    1.0535 -999.9900    2.1219    2.1219    1.7377    0.5253    1.4369    0.1196    0.2796
    
2023012200
   0    1.1623 -999.9900    2.0219    2.0219    0.7659    0.5685    1.3835    0.1803    0.4591
   0    0.9507 -999.9900    1.8277    1.8277    1.5660    0.4904    1.2714    0.0895    0.3159
   0    1.1595 -999.9900    2.0274    2.0274    0.7769    0.5608    1.3833    0.1794    0.4539
   0    0.9464 -999.9900    1.8133    1.8133    1.5083    0.4998    1.2625    0.0923    0.3253
    
2023012300
   0    1.0939 -999.9900    1.9403    1.9403    0.6817    0.2464    1.3004    0.2268    0.4011
   0    0.9300 -999.9900    1.8987    1.8987    1.4438    0.1367    1.2528    0.1310    0.2637
   0    1.0946 -999.9900    1.9516    1.9516    0.7079    0.2579    1.3096    0.2249    0.3999
   0    0.9282 -999.9900    1.8749    1.8749    1.3914    0.1702    1.2458    0.1340    0.2750
    
2023012400
   0    1.2809 -999.9900    2.3726    2.3726    0.6695    0.4983    1.4986    0.1959    0.4794
   0    0.9563 -999.9900    1.9898    1.9898    1.5457    0.1790    1.2979    0.1248    0.2600
   0    1.2802 -999.9900    2.3692    2.3692    0.6813    0.4878    1.4993    0.1973    0.4708
   0    0.9600 -999.9900    1.9878    1.9878    1.4996    0.2299    1.2985    0.1261    0.2838
    
2023012500
   0    1.4703 -999.9900    2.4943    2.4943    0.7715    0.9829    1.7173    0.1614    0.5920
   0    1.1209 -999.9900    2.1730    2.1730    1.6405    0.5047    1.4844    0.1058    0.3031
   0    1.4446 -999.9900    2.4639    2.4639    0.7655    0.9534    1.6927    0.1612    0.5830
   0    1.1088 -999.9900    2.1440    2.1440    1.5847    0.5727    1.4769    0.1052    0.3247
    
2023012600
   1 -999.9900 -999.9900 -999.9900 -999.9900 -999.9900 -999.9900 -999.9900 -999.9900 -999.9900
   1 -999.9900 -999.9900 -999.9900 -999.9900 -999.9900 -999.9900 -999.9900 -999.9900 -999.9900
   1 -999.9900 -999.9900 -999.9900 -999.9900 -999.9900 -999.9900 -999.9900 -999.9900 -999.9900
   1 -999.9900 -999.9900 -999.9900 -999.9900 -999.9900 -999.9900 -999.9900 -999.9900 -999.9900
    
2023012700
   0    1.1746 -999.9900    2.1572    2.1572    0.9530    0.6921    1.4184    0.2089    0.4846
   0    0.9029 -999.9900    1.8054    1.8054    1.5408    0.4191    1.2234    0.1547    0.2659
   0    1.0457 -999.9900    2.0062    2.0062    0.9372    0.5695    1.2847    0.2038    0.4496
   0    0.8306 -999.9900    1.7065    1.7065    1.4637    0.4524    1.1308    0.1251    0.2603
    
2023012800
   0    2.2773 -999.9900    4.1645    4.1645    0.8193    2.1896    2.5621    0.0872    0.7269
   0    1.6974 -999.9900    3.3976    3.3976    1.6561    1.7824    2.1428    0.0520    0.5428
   0    2.2730 -999.9900    4.1590    4.1590    0.8409    2.1966    2.5647    0.0856    0.7255
   0    1.7609 -999.9900    3.5211    3.5211    1.6109    1.8795    2.2115    0.0490    0.5689
    
2023012900
   0    1.0169 -999.9900    1.9297    1.9297    0.7852    0.4359    1.2381    0.2296    0.3897
   0    0.8403 -999.9900    1.7572    1.7572    1.5532    0.0463    1.1154    0.1572    0.1922
   0    1.0004 -999.9900    1.9025    1.9025    0.8050    0.4287    1.2229    0.2249    0.3868
   0    0.8206 -999.9900    1.7053    1.7053    1.5103    0.1200    1.0895    0.1524    0.2028
    
2023013000
   1 -999.9900 -999.9900 -999.9900 -999.9900 -999.9900 -999.9900 -999.9900 -999.9900 -999.9900
   1 -999.9900 -999.9900 -999.9900 -999.9900 -999.9900 -999.9900 -999.9900 -999.9900 -999.9900
   1 -999.9900 -999.9900 -999.9900 -999.9900 -999.9900 -999.9900 -999.9900 -999.9900 -999.9900
   1 -999.9900 -999.9900 -999.9900 -999.9900 -999.9900 -999.9900 -999.9900 -999.9900 -999.9900
    
2023013100
   1 -999.9900 -999.9900 -999.9900 -999.9900 -999.9900 -999.9900 -999.9900 -999.9900 -999.9900
   1 -999.9900 -999.9900 -999.9900 -999.9900 -999.9900 -999.9900 -999.9900 -999.9900 -999.9900
   0    1.0265 -999.9900    1.8172    1.8172    0.6520    0.3151    1.2292    0.2646    0.3899
   0    0.7982 -999.9900    1.5342    1.5342    1.2102    0.2631    1.0671    0.1688    0.2640
    
2023020100
   0    0.9547 -999.9900    1.7264    1.7264    0.5933    0.0596    1.1504    0.3089    0.3218
   0    0.8162 -999.9900    1.6125    1.6125    1.2621    0.1339    1.0858    0.1946    0.2110
   0    0.9521 -999.9900    1.7293    1.7293    0.5989    0.0557    1.1494    0.3062    0.3174
   0    0.8065 -999.9900    1.5909    1.5909    1.2261    0.1194    1.0676    0.1986    0.2123
    
2023020200
   0    1.1680 -999.9900    2.2158    2.2158    0.6728    0.2580    1.3823    0.2769    0.3035
   0    0.8998 -999.9900    1.8412    1.8412    1.4248    0.2663    1.2169    0.1795    0.1878
   0    1.1664 -999.9900    2.2180    2.2180    0.6677    0.2515    1.3810    0.2704    0.3021
   0    0.9043 -999.9900    1.8682    1.8682    1.3769    0.2592    1.2140    0.1792    0.1920
    
2023020300
   0    1.1286 -999.9900    1.9657    1.9657    0.5514    0.0646    1.3146    0.2631    0.3896
   0    0.8614 -999.9900    1.6762    1.6762    1.4596    0.2034    1.1495    0.1307    0.2646
   0    1.1260 -999.9900    1.9658    1.9658    0.5582    0.0909    1.3144    0.2560    0.3928
   0    0.8581 -999.9900    1.6677    1.6677    1.4064    0.1900    1.1448    0.1314    0.2733
    
2023020400
   0    1.0448 -999.9900    1.7734    1.7734    0.6185   -0.2137    1.2372    0.3051    0.3110
   0    0.8628 -999.9900    1.6335    1.6335    1.4485    0.0199    1.1440    0.1589    0.2271
   0    1.0518 -999.9900    1.7852    1.7852    0.6259   -0.2056    1.2487    0.3018    0.3075
   0    0.8592 -999.9900    1.6021    1.6021    1.4000   -0.0303    1.1307    0.1659    0.2271
    
2023020500
   0    1.6012 -999.9900    2.7427    2.7427    0.5794    1.2558    1.8119    0.1436    0.5623
   0    1.4728 -999.9900    2.7200    2.7200    1.3650    1.5159    1.8328    0.0548    0.4808
   0    1.6000 -999.9900    2.7513    2.7513    0.6033    1.2645    1.8136    0.1359    0.5599
   0    1.4563 -999.9900    2.6930    2.6930    1.2929    1.4603    1.7943    0.0528    0.4827
    
2023020600
   0    1.0697 -999.9900    1.9779    1.9779    0.7939   -0.0898    1.2952    0.3372    0.2392
   0    0.8891 -999.9900    1.8109    1.8109    1.4480    0.1622    1.2170    0.1760    0.1652
   0    1.0654 -999.9900    1.9723    1.9723    0.7888   -0.0790    1.2912    0.3301    0.2432
   0    0.8740 -999.9900    1.7734    1.7734    1.3905    0.1017    1.1863    0.1787    0.1672
    
2023020700
   0    0.9545 -999.9900    1.7634    1.7634    0.7766    0.0882    1.1731    0.2676    0.2650
   0    0.8139 -999.9900    1.6124    1.6124    1.3256    0.1762    1.0966    0.1734    0.1612
   0    0.9479 -999.9900    1.7536    1.7536    0.7841    0.0750    1.1721    0.2707    0.2587
   0    0.8048 -999.9900    1.5948    1.5948    1.2785    0.1360    1.0782    0.1775    0.1597
    
2023020800
   1 -999.9900 -999.9900 -999.9900 -999.9900 -999.9900 -999.9900 -999.9900 -999.9900 -999.9900
   1 -999.9900 -999.9900 -999.9900 -999.9900 -999.9900 -999.9900 -999.9900 -999.9900 -999.9900
   1 -999.9900 -999.9900 -999.9900 -999.9900 -999.9900 -999.9900 -999.9900 -999.9900 -999.9900
   1 -999.9900 -999.9900 -999.9900 -999.9900 -999.9900 -999.9900 -999.9900 -999.9900 -999.9900
    
2023020900
   0    1.8079 -999.9900    2.7623    2.7623    0.7207    1.3765    2.0548    0.1464    0.5835
   0    1.5502 -999.9900    2.5398    2.5398    1.2211    1.3208    1.9177    0.0926    0.5071
   0    1.8137 -999.9900    2.7738    2.7738    0.7132    1.3855    2.0629    0.1481    0.5825
   0    1.5757 -999.9900    2.5752    2.5752    1.1756    1.3349    1.9375    0.0950    0.5128
    
2023021000
   1 -999.9900 -999.9900 -999.9900 -999.9900 -999.9900 -999.9900 -999.9900 -999.9900 -999.9900
   1 -999.9900 -999.9900 -999.9900 -999.9900 -999.9900 -999.9900 -999.9900 -999.9900 -999.9900
   1 -999.9900 -999.9900 -999.9900 -999.9900 -999.9900 -999.9900 -999.9900 -999.9900 -999.9900
   1 -999.9900 -999.9900 -999.9900 -999.9900 -999.9900 -999.9900 -999.9900 -999.9900 -999.9900
    
2023021100
   1 -999.9900 -999.9900 -999.9900 -999.9900 -999.9900 -999.9900 -999.9900 -999.9900 -999.9900
   1 -999.9900 -999.9900 -999.9900 -999.9900 -999.9900 -999.9900 -999.9900 -999.9900 -999.9900
   1 -999.9900 -999.9900 -999.9900 -999.9900 -999.9900 -999.9900 -999.9900 -999.9900 -999.9900
   1 -999.9900 -999.9900 -999.9900 -999.9900 -999.9900 -999.9900 -999.9900 -999.9900 -999.9900
    
2023021200
   0    2.4223 -999.9900    3.6223    3.6223    0.7528    2.4630    2.7175    0.0785    0.7328
   0    2.1278 -999.9900    3.4549    3.4549    1.3088    2.3854    2.5813    0.0316    0.6527
   0    2.4005 -999.9900    3.5960    3.5960    0.7685    2.4444    2.6974    0.0777    0.7288
   0    2.1312 -999.9900    3.4487    3.4487    1.2617    2.3799    2.5762    0.0339    0.6598
    
2023021300
   0    2.3490 -999.9900    3.5099    3.5099    0.7328    2.3029    2.6276    0.0859    0.6862
   0    2.1558 -999.9900    3.4363    3.4363    1.2776    2.3532    2.5875    0.0488    0.6168
   0    2.3361 -999.9900    3.4880    3.4880    0.7205    2.2942    2.6140    0.0854    0.6920
   0    2.1581 -999.9900    3.4194    3.4194    1.2380    2.3461    2.5827    0.0504    0.6285
    
2023021400
   0    1.7919 -999.9900    2.6831    2.6831    0.6183    1.6537    2.0221    0.1285    0.6565
   0    1.6016 -999.9900    2.6163    2.6163    1.2089    1.7007    1.9617    0.0678    0.5418
   0    1.7977 -999.9900    2.6848    2.6848    0.5971    1.6574    2.0263    0.1315    0.6598
   0    1.6182 -999.9900    2.6236    2.6236    1.1571    1.7124    1.9744    0.0719    0.5580
    
2023021500
   0    3.5669 -999.9900    5.5170    5.5170    0.7346    3.6331    3.8403    0.0641    0.7929
   0    3.3246 -999.9900    5.3576    5.3576    1.2733    3.6177    3.7754    0.0259    0.7413
   0    3.5185 -999.9900    5.4238    5.4238    0.6327    3.5371    3.7615    0.0707    0.7896
   0    3.3015 -999.9900    5.3246    5.3246    1.2061    3.5688    3.7300    0.0272    0.7373
    
2023021600
   0    2.7811 -999.9900    4.5341    4.5341    0.7216    2.7276    3.0392    0.0876    0.7278
   0    2.4553 -999.9900    4.1834    4.1834    1.3704    2.6787    2.9082    0.0495    0.6689
   0    2.7864 -999.9900    4.5487    4.5487    0.7074    2.7315    3.0418    0.0897    0.7261
   0    2.4879 -999.9900    4.2520    4.2520    1.3252    2.7011    2.9265    0.0515    0.6732
    
2023021700
   0    2.6906 -999.9900    4.3196    4.3196    0.7865    2.7012    2.9589    0.0625    0.7573
   0    2.4089 -999.9900    4.0734    4.0734    1.3582    2.6718    2.8701    0.0343    0.6858
   0    2.6880 -999.9900    4.3217    4.3217    0.7792    2.6962    2.9548    0.0648    0.7576
   0    2.4303 -999.9900    4.1133    4.1133    1.3219    2.6850    2.8789    0.0348    0.6902
    
2023021800
   0    2.6667 -999.9900    4.4296    4.4296    0.7122    2.7502    2.9130    0.0619    0.7514
   0    2.3870 -999.9900    4.1488    4.1488    1.2577    2.7103    2.8318    0.0294    0.6845
   0    2.6645 -999.9900    4.4248    4.4248    0.7138    2.7512    2.9126    0.0613    0.7510
   0    2.4090 -999.9900    4.1846    4.1846    1.2158    2.7192    2.8405    0.0313    0.6898
    
2023021900
   0    2.6156 -999.9900    4.2027    4.2027    0.7459    2.7442    2.8954    0.0607    0.7928
   0    2.2899 -999.9900    4.0140    4.0140    1.2912    2.6386    2.7456    0.0296    0.7006
   0    2.6060 -999.9900    4.1921    4.1921    0.7524    2.7355    2.8867    0.0595    0.7907
   0    2.3095 -999.9900    4.0242    4.0242    1.2486    2.6466    2.7557    0.0315    0.7107
    
