2022120700
   1 -999.9900 -999.9900 -999.9900 -999.9900 -999.9900 -999.9900 -999.9900 -999.9900 -999.9900
   1 -999.9900 -999.9900 -999.9900 -999.9900 -999.9900 -999.9900 -999.9900 -999.9900 -999.9900
   1 -999.9900 -999.9900 -999.9900 -999.9900 -999.9900 -999.9900 -999.9900 -999.9900 -999.9900
   1 -999.9900 -999.9900 -999.9900 -999.9900 -999.9900 -999.9900 -999.9900 -999.9900 -999.9900
    
2022120800
   1 -999.9900 -999.9900 -999.9900 -999.9900 -999.9900 -999.9900 -999.9900 -999.9900 -999.9900
   1 -999.9900 -999.9900 -999.9900 -999.9900 -999.9900 -999.9900 -999.9900 -999.9900 -999.9900
   1 -999.9900 -999.9900 -999.9900 -999.9900 -999.9900 -999.9900 -999.9900 -999.9900 -999.9900
   1 -999.9900 -999.9900 -999.9900 -999.9900 -999.9900 -999.9900 -999.9900 -999.9900 -999.9900
    
2022120900
   1 -999.9900 -999.9900 -999.9900 -999.9900 -999.9900 -999.9900 -999.9900 -999.9900 -999.9900
   1 -999.9900 -999.9900 -999.9900 -999.9900 -999.9900 -999.9900 -999.9900 -999.9900 -999.9900
   1 -999.9900 -999.9900 -999.9900 -999.9900 -999.9900 -999.9900 -999.9900 -999.9900 -999.9900
   1 -999.9900 -999.9900 -999.9900 -999.9900 -999.9900 -999.9900 -999.9900 -999.9900 -999.9900
    
2022121000
   1 -999.9900 -999.9900 -999.9900 -999.9900 -999.9900 -999.9900 -999.9900 -999.9900 -999.9900
   1 -999.9900 -999.9900 -999.9900 -999.9900 -999.9900 -999.9900 -999.9900 -999.9900 -999.9900
   1 -999.9900 -999.9900 -999.9900 -999.9900 -999.9900 -999.9900 -999.9900 -999.9900 -999.9900
   1 -999.9900 -999.9900 -999.9900 -999.9900 -999.9900 -999.9900 -999.9900 -999.9900 -999.9900
    
2022121100
   1 -999.9900 -999.9900 -999.9900 -999.9900 -999.9900 -999.9900 -999.9900 -999.9900 -999.9900
   1 -999.9900 -999.9900 -999.9900 -999.9900 -999.9900 -999.9900 -999.9900 -999.9900 -999.9900
   1 -999.9900 -999.9900 -999.9900 -999.9900 -999.9900 -999.9900 -999.9900 -999.9900 -999.9900
   1 -999.9900 -999.9900 -999.9900 -999.9900 -999.9900 -999.9900 -999.9900 -999.9900 -999.9900
    
2022121200
   1 -999.9900 -999.9900 -999.9900 -999.9900 -999.9900 -999.9900 -999.9900 -999.9900 -999.9900
   1 -999.9900 -999.9900 -999.9900 -999.9900 -999.9900 -999.9900 -999.9900 -999.9900 -999.9900
   1 -999.9900 -999.9900 -999.9900 -999.9900 -999.9900 -999.9900 -999.9900 -999.9900 -999.9900
   1 -999.9900 -999.9900 -999.9900 -999.9900 -999.9900 -999.9900 -999.9900 -999.9900 -999.9900
    
2022121300
   1 -999.9900 -999.9900 -999.9900 -999.9900 -999.9900 -999.9900 -999.9900 -999.9900 -999.9900
   1 -999.9900 -999.9900 -999.9900 -999.9900 -999.9900 -999.9900 -999.9900 -999.9900 -999.9900
   1 -999.9900 -999.9900 -999.9900 -999.9900 -999.9900 -999.9900 -999.9900 -999.9900 -999.9900
   1 -999.9900 -999.9900 -999.9900 -999.9900 -999.9900 -999.9900 -999.9900 -999.9900 -999.9900
    
2022121400
   1 -999.9900 -999.9900 -999.9900 -999.9900 -999.9900 -999.9900 -999.9900 -999.9900 -999.9900
   1 -999.9900 -999.9900 -999.9900 -999.9900 -999.9900 -999.9900 -999.9900 -999.9900 -999.9900
   1 -999.9900 -999.9900 -999.9900 -999.9900 -999.9900 -999.9900 -999.9900 -999.9900 -999.9900
   1 -999.9900 -999.9900 -999.9900 -999.9900 -999.9900 -999.9900 -999.9900 -999.9900 -999.9900
    
2022121500
   1 -999.9900 -999.9900 -999.9900 -999.9900 -999.9900 -999.9900 -999.9900 -999.9900 -999.9900
   1 -999.9900 -999.9900 -999.9900 -999.9900 -999.9900 -999.9900 -999.9900 -999.9900 -999.9900
   1 -999.9900 -999.9900 -999.9900 -999.9900 -999.9900 -999.9900 -999.9900 -999.9900 -999.9900
   1 -999.9900 -999.9900 -999.9900 -999.9900 -999.9900 -999.9900 -999.9900 -999.9900 -999.9900
    
2022121600
   1 -999.9900 -999.9900 -999.9900 -999.9900 -999.9900 -999.9900 -999.9900 -999.9900 -999.9900
   1 -999.9900 -999.9900 -999.9900 -999.9900 -999.9900 -999.9900 -999.9900 -999.9900 -999.9900
   1 -999.9900 -999.9900 -999.9900 -999.9900 -999.9900 -999.9900 -999.9900 -999.9900 -999.9900
   1 -999.9900 -999.9900 -999.9900 -999.9900 -999.9900 -999.9900 -999.9900 -999.9900 -999.9900
    
2022121700
   0    2.5607    1.7122    4.7496    4.7496    4.5086   -0.1831    3.6459    0.1300    0.1158
   0    2.6320    1.7042    4.9219    4.9219    4.8025   -0.2306    3.7530    0.1252    0.0968
   0    2.5006    1.6390    4.6374    4.6374    4.6471   -0.1773    3.5686    0.1152    0.1064
   0    2.5717    1.6500    4.7982    4.7982    4.8475   -0.2165    3.6771    0.1179    0.0953
    
2022121800
   0    2.6348    1.5843    4.9228    4.9228    4.9903    0.0709    3.7189    0.0983    0.1147
   0    2.7351    1.6432    5.1834    5.1834    5.0432   -0.1138    3.9039    0.1072    0.1134
   0    2.5487    1.5926    4.7777    4.7777    4.9665    0.0494    3.6379    0.0888    0.1002
   0    2.6600    1.6351    5.0418    5.0418    5.0266   -0.0890    3.8248    0.1018    0.1035
    
2022121900
   0    2.5654    1.5732    4.8691    4.8691    4.8098   -0.0735    3.6083    0.1117    0.1003
   0    2.6860    1.5790    5.2586    5.2586    4.9598   -0.2466    3.7499    0.1109    0.0913
   0    2.6429    1.5136    5.0008    5.0008    5.0155   -0.2139    3.6831    0.1207    0.0880
   0    2.7153    1.5482    5.2693    5.2693    5.0369   -0.2950    3.7791    0.1165    0.0859
    
2022122000
   0    2.9204    1.5769    5.7046    5.7046    4.8708   -0.1726    3.9964    0.1507    0.1039
   0    2.8412    1.5614    5.6441    5.6441    4.8557   -0.3257    3.9003    0.1413    0.0834
   0    2.8499    1.5662    5.5811    5.5811    4.7503   -0.4327    3.9349    0.1600    0.0910
   0    2.8499    1.5662    5.5811    5.5811    4.7503   -0.4327    3.9349    0.1600    0.0910
    
2022122100
   1 -999.9900 -999.9900 -999.9900 -999.9900 -999.9900 -999.9900 -999.9900 -999.9900 -999.9900
   0    3.0633    1.5925    6.1108    6.1108    4.9107   -0.0478    4.2257    0.1487    0.1168
   0    3.0512    1.5036    5.9751    5.9751    4.6758   -0.2670    4.1679    0.1713    0.1156
   0    3.0512    1.5036    5.9751    5.9751    4.6758   -0.2670    4.1679    0.1713    0.1156
    
2022122200
   0    3.3957    1.4543    6.5598    6.5598    4.7489    0.1403    4.6871    0.1660    0.1676
   0    3.3503    1.5374    6.6010    6.6010    5.0178   -0.0425    4.6535    0.1517    0.1461
   0    3.2274    1.3681    6.2913    6.2913    4.7604   -0.1687    4.4975    0.1709    0.1387
   0    3.2274    1.3681    6.2913    6.2913    4.7604   -0.1687    4.4975    0.1709    0.1387
    
2022122300
   0    3.2890    1.3470    6.3835    6.3835    4.8189    0.2907    4.6291    0.1471    0.1812
   0    3.3701    1.4801    6.5946    6.5946    5.0248    0.2072    4.7612    0.1305    0.1723
   0    3.1729    1.2939    6.1702    6.1702    4.8598    0.0026    4.4899    0.1343    0.1620
   0    3.1729    1.2939    6.1702    6.1702    4.8598    0.0026    4.4899    0.1343    0.1620
    
2022122400
   0    3.1269    1.4290    5.9753    5.9753    4.8283    0.2130    4.4209    0.1349    0.1622
   0    3.3076    1.4953    6.3152    6.3152    5.0932    0.1784    4.6866    0.1286    0.1632
   0    3.0560    1.4208    5.8169    5.8169    4.7717    0.0034    4.3377    0.1441    0.1519
   0    3.2437    1.4636    6.1741    6.1741    5.0297    0.1034    4.5996    0.1349    0.1595
    
2022122500
   0    2.9215    1.3253    5.5018    5.5018    4.9113    0.0496    4.1874    0.1256    0.1463
   0    3.0549    1.4548    5.7090    5.7090    5.1087   -0.1682    4.4092    0.1212    0.1511
   0    2.9319    1.2773    5.4669    5.4669    4.8537   -0.3148    4.2258    0.1423    0.1367
   0    3.0020    1.3789    5.6264    5.6264    5.0693   -0.2996    4.3261    0.1244    0.1410
    
2022122600
   0    2.8915    1.3446    5.1865    5.1865    4.6636   -0.5412    4.1036    0.1731    0.1446
   0    2.9615    1.3740    5.3101    5.3101    4.9168   -0.6532    4.2159    0.1605    0.1302
   0    2.8690    1.2895    5.1617    5.1617    4.6717   -0.8291    4.0768    0.1759    0.1258
   0    2.9130    1.3178    5.2559    5.2559    4.8858   -0.7537    4.1368    0.1587    0.1206
    
2022122700
   0    2.4726    1.3403    4.5766    4.5766    4.8654   -0.7592    3.5007    0.1335    0.0778
   0    2.5951    1.3877    4.8060    4.8060    4.9982   -0.7690    3.7097    0.1267    0.0802
   0    2.4379    1.2698    4.5225    4.5225    4.7480   -0.6756    3.4814    0.1252    0.0795
   0    2.5392    1.3256    4.7083    4.7083    4.9200   -0.7229    3.6443    0.1200    0.0775
    
2022122800
   0    2.3240    1.3577    4.4205    4.4205    4.5355   -0.5690    3.2828    0.1152    0.1037
   0    2.4006    1.3534    4.4975    4.4975    4.6988   -0.6000    3.3983    0.1040    0.1001
   0    2.2463    1.3034    4.2265    4.2265    4.5696   -0.5267    3.1726    0.0964    0.0955
   0    2.3267    1.3077    4.3445    4.3445    4.7044   -0.5685    3.2853    0.0934    0.0934
    
2022122900
   0    2.1520    1.3556    4.0298    4.0298    4.6740   -0.1904    2.9668    0.0743    0.1010
   0    2.1540    1.3392    4.0247    4.0247    4.8435   -0.2497    2.9694    0.0661    0.0777
   0    2.1876    1.3221    4.1223    4.1223    4.7221   -0.2164    3.0231    0.0728    0.1008
   0    2.1758    1.3265    4.0879    4.0879    4.8283   -0.2538    3.0090    0.0681    0.0826
    
2022123000
   0    2.1503    1.2621    4.0514    4.0514    4.5268   -0.1223    2.9918    0.0822    0.1045
   0    2.0951    1.3137    3.9435    3.9435    4.7603   -0.1756    2.8703    0.0603    0.0822
   0    2.1768    1.2730    4.1482    4.1482    4.6355   -0.1222    3.0280    0.0769    0.0990
   0    2.1198    1.3008    4.0175    4.0175    4.7867   -0.1638    2.8993    0.0640    0.0831
    
2022123100
   0    2.1766    1.3639    4.0576    4.0576    4.4274   -0.2585    3.0293    0.0877    0.0848
   0    2.0984    1.3185    3.9640    3.9640    4.5724   -0.3581    2.8892    0.0721    0.0741
   0    2.1523    1.2988    4.0306    4.0306    4.5249   -0.2372    2.9975    0.0751    0.0868
   0    2.1019    1.2929    3.9754    3.9754    4.5917   -0.3363    2.9043    0.0708    0.0761
    
2023010100
   0    2.1838    1.3649    3.9905    3.9905    4.3099   -0.0823    3.0674    0.0905    0.1014
   0    2.1852    1.3379    4.0617    4.0617    4.5271   -0.3152    3.0908    0.0712    0.0843
   0    2.1500    1.3109    3.9421    3.9421    4.3183   -0.0833    3.0371    0.0825    0.0967
   0    2.1580    1.3023    3.9997    3.9997    4.5060   -0.2685    3.0586    0.0700    0.0815
    
2023010200
   0    2.2089    1.3754    4.1168    4.1168    4.4702   -0.1081    3.0429    0.0720    0.0974
   0    2.1848    1.3343    4.1055    4.1055    4.6374   -0.2394    3.0243    0.0623    0.0763
   0    2.2574    1.3606    4.2136    4.2136    4.4333   -0.1703    3.1420    0.0793    0.0957
   0    2.2111    1.3259    4.1506    4.1506    4.5970   -0.2489    3.0739    0.0674    0.0776
    
2023010300
   0    2.2893    1.4543    4.3243    4.3243    4.7144   -0.1228    3.1761    0.0751    0.0885
   0    2.2903    1.4415    4.3546    4.3546    4.7937   -0.2163    3.2032    0.0735    0.0685
   0    2.2983    1.4533    4.3521    4.3521    4.5913   -0.0822    3.2027    0.0792    0.0967
   0    2.2815    1.4312    4.3376    4.3376    4.7317   -0.1725    3.1916    0.0733    0.0755
    
2023010400
   0    2.2278    1.5221    4.1341    4.1341    4.5139   -0.0682    3.1255    0.0852    0.0903
   0    2.2247    1.4362    4.1313    4.1313    4.6653   -0.1936    3.1373    0.0751    0.0784
   0    2.2145    1.4633    4.1088    4.1088    4.5461   -0.0455    3.1191    0.0803    0.0849
   0    2.2095    1.4134    4.1025    4.1025    4.6662   -0.1537    3.1242    0.0711    0.0774
    
2023010500
   0    2.1406    1.5314    3.9354    3.9354    4.4311    0.3022    2.9747    0.0718    0.1007
   0    2.1757    1.3989    3.9835    3.9835    4.6197    0.0273    3.0648    0.0631    0.0874
   0    2.1438    1.5194    3.9582    3.9582    4.3747    0.3540    3.0022    0.0688    0.1049
   0    2.1601    1.4049    3.9614    3.9614    4.5730    0.1147    3.0448    0.0633    0.0920
    
2023010600
   0    2.0566    1.4761    3.7663    3.7663    4.3692    0.1999    2.8443    0.0606    0.1136
   0    2.1215    1.3989    3.9070    3.9070    4.4216    0.0547    2.9457    0.0645    0.1019
   0    2.0551    1.4578    3.7793    3.7793    4.3685    0.2216    2.8354    0.0598    0.1093
   0    2.1024    1.3997    3.8768    3.8768    4.4196    0.0979    2.9114    0.0613    0.1012
    
2023010700
   0    2.0418    1.5324    3.8288    3.8288    4.1935    0.0922    2.7665    0.0564    0.1186
   0    2.1083    1.4235    3.8999    3.8999    4.4479   -0.1132    2.8845    0.0590    0.0895
   0    2.0385    1.4853    3.8074    3.8074    4.2275    0.0681    2.7442    0.0512    0.1118
   0    2.0835    1.4103    3.8537    3.8537    4.4339   -0.0852    2.8390    0.0541    0.0892
    
2023010800
   0    2.2914    1.4857    4.2883    4.2883    4.2692    0.0053    3.1704    0.0828    0.1103
   0    2.3191    1.4006    4.3715    4.3715    4.4541   -0.1782    3.2321    0.0761    0.0983
   0    2.3570    1.4316    4.4162    4.4162    4.3259    0.0346    3.2739    0.0765    0.1175
   0    2.3499    1.3814    4.4262    4.4262    4.4546   -0.1226    3.2758    0.0753    0.1036
    
2023010900
   0    2.4806    1.4539    4.6040    4.6040    4.2907    0.1451    3.4376    0.0923    0.1228
   0    2.4834    1.3877    4.6398    4.6398    4.3852   -0.0015    3.4433    0.0880    0.1043
   0    2.3971    1.4130    4.4755    4.4755    4.3587    0.0726    3.3386    0.0869    0.1078
   0    2.4246    1.3708    4.5436    4.5436    4.4194   -0.0146    3.3750    0.0840    0.0988
    
2023011000
   0    2.6163    1.3541    4.8962    4.8962    4.2411    0.3307    3.5959    0.0977    0.1433
   0    2.5665    1.3299    4.7838    4.7838    4.4465    0.1610    3.5671    0.0868    0.1287
   0    2.6131    1.3559    4.9427    4.9427    4.2389    0.2769    3.6174    0.1014    0.1332
   0    2.5666    1.3248    4.8177    4.8177    4.4233    0.1642    3.5706    0.0908    0.1251
    
2023011100
   0    2.8188    1.4258    5.4066    5.4066    4.3617    0.3847    3.8669    0.1003    0.1551
   0    2.6604    1.3232    5.1263    5.1263    4.5327    0.1881    3.6897    0.0889    0.1239
   0    2.8500    1.3995    5.4783    5.4783    4.3302    0.3717    3.8908    0.1065    0.1479
   0    2.7048    1.3247    5.2238    5.2238    4.4863    0.2210    3.7392    0.0948    0.1267
    
2023011200
   0    2.8696    1.3200    5.4247    5.4247    4.2563    0.4982    3.8237    0.0959    0.1556
   0    2.7462    1.2676    5.2223    5.2223    4.4538    0.2742    3.6789    0.0822    0.1406
   0    2.9618    1.3342    5.6262    5.6262    4.2872    0.4692    3.9331    0.0987    0.1525
   0    2.8155    1.2747    5.3728    5.3728    4.4519    0.3029    3.7623    0.0862    0.1384
    
2023011300
   0    2.8863    1.2931    5.4218    5.4218    4.2977    0.6063    3.9117    0.0849    0.1674
   0    2.7489    1.2690    5.1916    5.1916    4.5651    0.5537    3.7134    0.0684    0.1444
   0    2.8262    1.2881    5.3571    5.3571    4.4306    0.6180    3.8188    0.0731    0.1612
   0    2.7365    1.2654    5.1918    5.1918    4.5952    0.5725    3.6893    0.0629    0.1441
    
2023011400
   0    2.9400    1.3392    5.2976    5.2976    4.4213    0.7855    3.9969    0.1054    0.1772
   0    2.8451    1.2775    5.1600    5.1600    4.5686    0.5654    3.8905    0.0916    0.1559
   0    2.8995    1.3354    5.2800    5.2800    4.4474    0.7513    3.9269    0.1002    0.1680
   0    2.8353    1.2802    5.1688    5.1688    4.5635    0.5898    3.8617    0.0910    0.1544
    
2023011500
   0    2.8652    1.3156    5.1995    5.1995    4.4613    0.8173    3.9705    0.1022    0.1833
   0    2.6480    1.2707    4.8273    4.8273    4.6612    0.5141    3.7181    0.0776    0.1341
   0    2.8353    1.3084    5.1360    5.1360    4.4945    0.8039    3.9465    0.1000    0.1709
   0    2.6686    1.2721    4.8536    4.8536    4.6512    0.5677    3.7385    0.0797    0.1349
    
2023011600
   0    2.8171    1.3025    5.0778    5.0778    4.5729    0.5680    3.9909    0.0973    0.1519
   0    2.6382    1.2988    4.7633    4.7633    4.7070    0.2628    3.7373    0.0882    0.1190
   0    2.7624    1.2757    4.9799    4.9799    4.5628    0.5117    3.9044    0.0955    0.1547
   0    2.6285    1.2701    4.7423    4.7423    4.6990    0.2912    3.7179    0.0811    0.1220
    
2023011700
   0    2.7732    1.3514    5.1466    5.1466    4.7818   -0.0516    3.8626    0.1017    0.1286
   0    2.6117    1.2685    4.8437    4.8437    4.8630   -0.2062    3.6660    0.0871    0.1070
   0    2.6595    1.3199    4.9831    4.9831    4.6611   -0.0214    3.7414    0.0967    0.1151
   0    2.5728    1.2616    4.7953    4.7953    4.7848   -0.1560    3.6237    0.0875    0.1016
    
2023011800
   0    2.5178    1.3464    4.6279    4.6279    4.8386   -0.0401    3.6140    0.0765    0.1045
   0    2.4209    1.3355    4.4634    4.4634    4.8893   -0.3636    3.4995    0.0620    0.0836
   0    2.5269    1.3121    4.6190    4.6190    4.7716   -0.1136    3.6164    0.0847    0.1094
   0    2.4362    1.3123    4.4838    4.4838    4.8470   -0.3422    3.5275    0.0625    0.0860
    
2023011900
   0    2.4922    1.3927    4.6347    4.6347    4.5816   -0.0766    3.5355    0.0959    0.1310
   0    2.5073    1.3920    4.6506    4.6506    4.6847   -0.1730    3.5489    0.0962    0.1124
   0    2.4975    1.3799    4.6231    4.6231    4.5171   -0.0160    3.5257    0.0973    0.1323
   0    2.5045    1.3841    4.6364    4.6364    4.6307   -0.1165    3.5332    0.0977    0.1178
    
2023012000
   0    2.6162    1.4577    4.7382    4.7382    4.4038   -0.0114    3.6965    0.1196    0.1352
   0    2.5500    1.4061    4.7127    4.7127    4.6194   -0.1224    3.6562    0.1027    0.1076
   0    2.5669    1.4382    4.6479    4.6479    4.3846    0.0447    3.6391    0.1076    0.1359
   0    2.5308    1.4053    4.6605    4.6605    4.5683   -0.0653    3.6277    0.0988    0.1122
    
2023012100
   0    2.4151    1.3989    4.4814    4.4814    4.1185    0.2772    3.4153    0.1046    0.1239
   0    2.4369    1.3675    4.5587    4.5587    4.6024   -0.0165    3.5156    0.0779    0.0978
   0    2.3803    1.4029    4.4154    4.4154    4.1415    0.2022    3.3770    0.1032    0.1118
   0    2.4082    1.3684    4.4940    4.4940    4.5307   -0.0018    3.4660    0.0792    0.0973
    
2023012200
   0    2.5068    1.4617    4.5604    4.5604    4.2386    0.4226    3.5386    0.1018    0.1553
   0    2.4978    1.3864    4.6336    4.6336    4.4730    0.3182    3.5395    0.0821    0.1293
   0    2.4574    1.4246    4.5014    4.5014    4.1967    0.3959    3.4780    0.0981    0.1516
   0    2.4771    1.3879    4.5983    4.5983    4.4072    0.4307    3.4976    0.0824    0.1394
    
2023012300
   0    2.5262    1.4303    4.6518    4.6518    4.3165    0.5391    3.5181    0.0989    0.1348
   0    2.4585    1.3597    4.5748    4.5748    4.4828    0.4265    3.4069    0.0890    0.1155
   0    2.5019    1.3981    4.5716    4.5716    4.3756    0.5274    3.4814    0.1008    0.1339
   0    2.4484    1.3481    4.5249    4.5249    4.4947    0.4378    3.4034    0.0887    0.1163
    
2023012400
   0    2.8270    1.3973    5.0772    5.0772    4.4908    0.4537    3.8779    0.1320    0.1541
   0    2.6462    1.3301    4.7949    4.7949    4.7684    0.3230    3.6524    0.1070    0.1102
   0    2.7420    1.3585    4.9336    4.9336    4.4732    0.4249    3.7843    0.1274    0.1447
   0    2.6344    1.3200    4.7727    4.7727    4.6974    0.3292    3.6458    0.1093    0.1116
    
2023012500
   0    2.5768    1.3414    4.5525    4.5525    4.6049    0.1571    3.6223    0.1321    0.1005
   0    2.5562    1.3481    4.5266    4.5266    4.9037    0.0313    3.6330    0.1057    0.0852
   0    2.5744    1.3031    4.5579    4.5579    4.6029    0.2094    3.6346    0.1171    0.1065
   0    2.5525    1.3228    4.5217    4.5217    4.8496    0.0932    3.6283    0.1042    0.0902
    
2023012600
   0    2.5166    1.4159    4.4583    4.4583    4.7935    0.0936    3.5663    0.0912    0.1020
   0    2.5076    1.3324    4.4754    4.4754    4.8365   -0.0857    3.5671    0.1118    0.0784
   0    2.4821    1.3316    4.3782    4.3782    4.7920    0.0448    3.5454    0.1052    0.0945
   0    2.4905    1.3019    4.4273    4.4273    4.8242   -0.0779    3.5579    0.1144    0.0784
    
2023012700
   0    2.3393    1.4581    4.1705    4.1705    4.7531   -0.0891    3.2623    0.0787    0.0831
   0    2.3379    1.3722    4.1779    4.1779    4.8358   -0.1783    3.2847    0.0704    0.0806
   0    2.3831    1.3922    4.2425    4.2425    4.7459   -0.0101    3.3389    0.0707    0.0929
   0    2.3587    1.3482    4.2128    4.2128    4.8207   -0.1086    3.3185    0.0665    0.0858
    
2023012800
   0    2.5359    1.5529    4.4948    4.4948    4.6552   -0.2666    3.5570    0.0953    0.0979
   0    2.5536    1.4751    4.5234    4.5234    4.8041   -0.3381    3.5666    0.0929    0.0881
   0    2.4857    1.5420    4.3970    4.3970    4.6911   -0.2986    3.4776    0.0907    0.0918
   0    2.5176    1.4807    4.4511    4.4511    4.8008   -0.3387    3.5207    0.0901    0.0865
    
2023012900
   0    2.5535    1.4887    4.5236    4.5236    4.6452   -0.2208    3.5634    0.1023    0.1022
   0    2.4303    1.4392    4.3759    4.3759    4.8581   -0.1763    3.4320    0.0703    0.0922
   0    2.5361    1.4368    4.5551    4.5551    4.7201   -0.1960    3.5684    0.0929    0.1000
   0    2.4452    1.4232    4.4263    4.4263    4.8634   -0.1692    3.4634    0.0688    0.0939
    
2023013000
   0    2.6247    1.5195    4.6855    4.6855    4.8217   -0.1286    3.6577    0.1093    0.1074
   0    2.5996    1.4983    4.7013    4.7013    4.8963   -0.1659    3.6839    0.0893    0.1011
   0    2.6056    1.4628    4.6952    4.6952    4.8198   -0.0934    3.6370    0.1036    0.1109
   0    2.5870    1.4637    4.6953    4.6953    4.8885   -0.1364    3.6551    0.0909    0.1016
    
2023013100
   0    2.4767    1.4435    4.5056    4.5056    4.7601   -0.0915    3.4975    0.0930    0.0872
   0    2.4123    1.4404    4.3777    4.3777    4.8066   -0.1557    3.4340    0.0800    0.0717
   0    2.4969    1.4107    4.5422    4.5422    4.6434   -0.0264    3.5233    0.0912    0.0961
   0    2.4320    1.4184    4.4196    4.4196    4.7348   -0.1028    3.4629    0.0814    0.0779
    
2023020100
   0    2.4293    1.5137    4.3607    4.3607    4.5693   -0.1760    3.4508    0.1143    0.0885
   0    2.3136    1.5113    4.1396    4.1396    4.8162   -0.1583    3.2969    0.0869    0.0570
   0    2.3498    1.4480    4.2599    4.2599    4.6327   -0.1287    3.3640    0.0928    0.0693
   0    2.2970    1.4807    4.1379    4.1379    4.7890   -0.1323    3.2865    0.0811    0.0544
    
2023020200
   0    2.3142    1.5299    4.1541    4.1541    4.6824   -0.0061    3.2777    0.0932    0.0893
   0    2.2128    1.3923    4.0088    4.0088    4.8328    0.0337    3.1175    0.0758    0.0611
   0    2.2476    1.4939    4.0294    4.0294    4.6502   -0.0189    3.1887    0.0934    0.0780
   0    2.1883    1.3925    3.9506    3.9506    4.7933    0.0190    3.0874    0.0777    0.0580
    
2023020300
   0    2.1687    1.4061    4.0507    4.0507    4.7348    0.1478    2.9903    0.0609    0.0722
   0    2.2045    1.4115    4.0626    4.0626    4.8930    0.1213    3.0785    0.0428    0.0625
   0    2.1551    1.4186    3.9800    3.9800    4.6768    0.0640    2.9733    0.0688    0.0680
   0    2.1842    1.4125    4.0097    4.0097    4.8348    0.0772    3.0461    0.0474    0.0617
    
2023020400
   0    2.5035    1.4116    4.8209    4.8209    4.7276    0.1098    3.4443    0.0746    0.0953
   0    2.5377    1.4294    4.9953    4.9953    4.9711    0.1099    3.4719    0.0672    0.0814
   0    2.5240    1.4021    4.9006    4.9006    4.7486    0.0917    3.4724    0.0757    0.0915
   0    2.5363    1.4170    5.0004    5.0004    4.9418    0.0999    3.4658    0.0689    0.0808
    
2023020500
   0    2.5285    1.5401    4.6689    4.6689    4.7507   -0.1878    3.5254    0.1036    0.0912
   0    2.4506    1.5236    4.5576    4.5576    4.8626   -0.1518    3.4389    0.0890    0.0808
   0    2.4238    1.5026    4.4901    4.4901    4.7759   -0.1457    3.3848    0.0891    0.0831
   0    2.3852    1.4989    4.4416    4.4416    4.8860   -0.1378    3.3511    0.0752    0.0733
    
2023020600
   0    2.3734    1.5585    4.3912    4.3912    4.4614   -0.1125    3.3378    0.0934    0.1239
   0    2.3734    1.5585    4.3912    4.3912    4.4614   -0.1125    3.3378    0.0934    0.1239
   0    2.3653    1.5307    4.4706    4.4706    4.5771   -0.0590    3.3392    0.0832    0.1093
   0    2.3747    1.5472    4.5072    4.5072    4.6958   -0.0576    3.3649    0.0765    0.1053
    
2023020700
   0    2.5358    1.4972    4.7225    4.7225    4.3718    0.2340    3.6239    0.0925    0.1464
   0    2.4723    1.5032    4.5763    4.5763    4.6403    0.1833    3.5430    0.0792    0.1141
   0    2.3859    1.4720    4.4410    4.4410    4.3455    0.1933    3.4295    0.0805    0.1290
   0    2.3893    1.4788    4.4280    4.4280    4.5788    0.1701    3.4332    0.0741    0.1080
    
2023020800
   0    2.8112    1.4971    5.2073    5.2073    4.3465    0.2917    4.0291    0.1087    0.1798
   0    2.7266    1.4878    5.0423    5.0423    4.6128    0.1742    3.9381    0.0836    0.1590
   0    2.7738    1.4861    5.1516    5.1516    4.3943    0.1833    4.0024    0.1017    0.1700
   0    2.7118    1.4723    5.0272    5.0272    4.6030    0.1337    3.9267    0.0834    0.1532
    
2023020900
   0    2.8161    1.5777    5.1136    5.1136    4.5240    0.3103    3.9894    0.1040    0.1764
   0    2.7486    1.5863    5.0176    5.0176    4.5855    0.2662    3.9444    0.0906    0.1617
   0    2.7060    1.5055    4.9352    4.9352    4.5087    0.2465    3.8657    0.1022    0.1610
   0    2.6935    1.5414    4.9298    4.9298    4.5633    0.2381    3.8736    0.0910    0.1556
    
2023021000
   0    2.6911    1.4998    4.8045    4.8045    4.4029    0.4128    3.8462    0.0978    0.1738
   0    2.6646    1.5385    4.7858    4.7858    4.4986    0.3923    3.8157    0.0876    0.1661
   0    2.6574    1.4331    4.7534    4.7534    4.4034    0.3465    3.8109    0.0978    0.1632
   0    2.6412    1.4841    4.7479    4.7479    4.4916    0.3576    3.7943    0.0889    0.1613
    
2023021100
   0    2.5428    1.5036    4.6125    4.6125    4.3397    0.2564    3.6474    0.0953    0.1531
   0    2.5870    1.5425    4.7092    4.7092    4.5901    0.2425    3.7224    0.0881    0.1342
   1 -999.9900 -999.9900 -999.9900 -999.9900 -999.9900 -999.9900 -999.9900 -999.9900 -999.9900
   1 -999.9900 -999.9900 -999.9900 -999.9900 -999.9900 -999.9900 -999.9900 -999.9900 -999.9900
    
2023021200
   0    2.4746    1.6027    4.5709    4.5709    4.2934    0.4385    3.4633    0.0822    0.1614
   0    2.4933    1.5960    4.6071    4.6071    4.5514    0.3439    3.5348    0.0711    0.1309
   0    2.4301    1.4980    4.5055    4.5055    4.4568    0.1505    3.4055    0.0857    0.1366
   0    2.4743    1.4963    4.5765    4.5765    4.6209    0.2786    3.5044    0.0740    0.1269
    
2023021300
   0    2.3167    1.4878    4.2046    4.2046    4.3741    0.3657    3.2423    0.0902    0.1021
   0    2.3734    1.5464    4.3280    4.3280    4.5628    0.2219    3.3416    0.0839    0.0945
   0    2.3771    1.4839    4.3419    4.3419    4.4094    0.3815    3.3484    0.0899    0.1094
   0    2.3938    1.5294    4.3751    4.3751    4.5545    0.2613    3.3794    0.0831    0.0993
    
2023021400
   0    2.5178    1.5679    4.7129    4.7129    4.4400    0.0500    3.5467    0.0923    0.1184
   0    2.4865    1.5592    4.6478    4.6478    4.5105   -0.0364    3.4950    0.0988    0.1000
   0    2.4670    1.5136    4.5963    4.5963    4.4768    0.0653    3.4900    0.0901    0.1093
   0    2.4611    1.5271    4.5887    4.5887    4.5194   -0.0087    3.4738    0.0957    0.0958
    
2023021500
   0    2.4209    1.4941    4.4375    4.4375    4.5464    0.0298    3.4525    0.1063    0.0945
   0    2.3859    1.5362    4.3516    4.3516    4.6426   -0.0461    3.4098    0.1069    0.0726
   0    2.3301    1.4694    4.2694    4.2694    4.5324   -0.0218    3.3179    0.0979    0.0848
   0    2.3335    1.5082    4.2632    4.2632    4.6245   -0.0553    3.3335    0.1007    0.0707
    
2023021600
   0    2.4955    1.6252    4.4596    4.4596    4.4016   -0.0533    3.5637    0.1190    0.1143
   0    2.4254    1.6118    4.3860    4.3860    4.5052   -0.0886    3.4735    0.1057    0.0970
   0    2.4766    1.5200    4.4529    4.4529    4.5157    0.0144    3.5458    0.1048    0.1037
   0    2.4280    1.5515    4.3872    4.3872    4.5638   -0.0350    3.4730    0.1000    0.0941
    
2023021700
   0    2.6023    1.5365    4.7535    4.7535    4.7422   -0.0507    3.7278    0.1003    0.1088
   0    2.5209    1.5729    4.5859    4.5859    4.8162   -0.0403    3.6090    0.0866    0.0929
   0    2.5656    1.4546    4.6768    4.6768    4.7976   -0.0159    3.6962    0.0929    0.0951
   0    2.5159    1.5190    4.5780    4.5780    4.8282   -0.0202    3.6204    0.0841    0.0883
    
2023021800
   0    2.5639    1.4233    4.5806    4.5806    4.8289    0.1632    3.6627    0.0906    0.1086
   0    2.5332    1.4933    4.5424    4.5424    4.8015    0.1128    3.5957    0.0837    0.1063
   0    2.5665    1.4129    4.5696    4.5696    4.7153    0.1847    3.6695    0.0922    0.1175
   0    2.5310    1.4658    4.5273    4.5273    4.7555    0.1371    3.5999    0.0844    0.1117
    
2023021900
   0    2.6184    1.4046    4.5860    4.5860    4.8363   -0.1624    3.6681    0.1397    0.0964
   0    2.5012    1.4398    4.3830    4.3830    4.9154   -0.2400    3.5226    0.1146    0.0872
   0    2.5095    1.3865    4.4018    4.4018    4.7972   -0.1824    3.5283    0.1276    0.0896
   0    2.4601    1.4241    4.3157    4.3157    4.8721   -0.2352    3.4690    0.1148    0.0854
    
2023022000
   0    2.3417    1.5281    4.1446    4.1446    4.7717   -0.3110    3.3530    0.0985    0.0534
   0    2.3161    1.4937    4.0775    4.0775    4.9844   -0.3723    3.2989    0.0954    0.0490
   0    2.2804    1.4745    4.0225    4.0225    4.7097   -0.2637    3.2540    0.1025    0.0525
   0    2.2883    1.4744    4.0326    4.0326    4.8932   -0.3301    3.2570    0.0991    0.0468
    
2023022100
   0    2.3391    1.5196    4.1386    4.1386    4.5650   -0.4814    3.2446    0.1005    0.0918
   0    2.3528    1.5571    4.1821    4.1821    4.6296   -0.4261    3.2994    0.0984    0.0877
   0    2.2862    1.5633    4.0487    4.0487    4.5945   -0.4330    3.1692    0.0942    0.0847
   0    2.3106    1.5681    4.1068    4.1068    4.6455   -0.4069    3.2360    0.0937    0.0827
    
2023022200
   0    2.3354    1.7796    4.2285    4.2285    4.5603   -0.4265    3.3451    0.1035    0.0707
   0    2.3094    1.6815    4.1713    4.1713    4.7373   -0.3939    3.3304    0.0788    0.0754
   0    2.3381    1.6976    4.2165    4.2165    4.7215   -0.4660    3.3300    0.1037    0.0661
   0    2.3104    1.6511    4.1641    4.1641    4.8051   -0.4227    3.3104    0.0822    0.0711
    
2023022300
   0    2.9385    1.8501    5.2484    5.2484    4.4809    0.1032    4.1558    0.1376    0.1600
   0    2.6953    1.8122    4.8943    4.8943    4.7281    0.0614    3.8689    0.1059    0.1269
   0    2.7493    1.7176    4.9984    4.9984    4.6327    0.0507    3.9573    0.1180    0.1292
   0    2.6311    1.7407    4.8031    4.8031    4.7724    0.0393    3.7985    0.0997    0.1146
    
2023022400
   0    2.7557    1.6276    5.0563    5.0563    4.5929    0.4068    3.9907    0.1121    0.1426
   0    2.7786    1.6747    5.1277    5.1277    4.7574    0.4143    4.0405    0.1043    0.1437
   0    2.7081    1.6128    4.9604    4.9604    4.6058    0.3269    3.9119    0.1134    0.1306
   0    2.7307    1.6442    5.0348    5.0348    4.7456    0.3567    3.9725    0.1046    0.1343
    
2023022500
   0    2.7281    1.5517    5.1068    5.1068    4.6951    0.7073    3.9363    0.1021    0.1531
   0    2.6071    1.6518    4.8729    4.8729    4.8360    0.6483    3.7588    0.0867    0.1250
   0    2.6671    1.5378    5.0456    5.0456    4.7680    0.6817    3.8538    0.0985    0.1314
   0    2.5995    1.6293    4.8879    4.8879    4.8447    0.6457    3.7537    0.0853    0.1207
    
2023022600
   0    2.7127    1.7657    4.9064    4.9064    4.9218    0.5513    3.9071    0.0908    0.1413
   0    2.6698    1.7743    4.8409    4.8409    4.9132    0.4827    3.8685    0.0832    0.1497
   0    2.6624    1.7050    4.8463    4.8463    4.8492    0.5651    3.8283    0.0865    0.1435
   0    2.6429    1.7326    4.8116    4.8116    4.8785    0.5062    3.8283    0.0811    0.1407
    
2023022700
   1 -999.9900 -999.9900 -999.9900 -999.9900 -999.9900 -999.9900 -999.9900 -999.9900 -999.9900
   0    2.8450    1.7762    5.1770    5.1770    4.9174    0.0693    4.1115    0.1094    0.1278
   0    2.7354    1.7302    4.9448    4.9448    4.7607    0.1244    3.9211    0.1036    0.1233
   0    2.7594    1.7245    5.0320    5.0320    4.8857    0.0847    3.9870    0.1048    0.1146
    
2023022800
   0    2.7029    1.6946    5.0919    5.0919    4.8247   -0.0283    3.8699    0.1018    0.1375
   0    2.7748    1.7236    5.2103    5.2103    4.8409   -0.1275    3.9923    0.1172    0.1273
   0    2.6309    1.6438    4.9449    4.9449    4.7240   -0.0754    3.7767    0.1039    0.1241
   0    2.7188    1.6882    5.1024    5.1024    4.7767   -0.1348    3.9123    0.1160    0.1168
    
2023030100
   0    2.5208    1.8167    4.7227    4.7227    4.5821    0.1005    3.5803    0.1116    0.1193
   0    2.5304    1.8049    4.6760    4.6760    4.7992    0.0389    3.6225    0.0942    0.1183
   0    2.4491    1.8289    4.5889    4.5889    4.5782    0.1378    3.4772    0.0988    0.1140
   0    2.4824    1.8081    4.5959    4.5959    4.7624    0.0746    3.5457    0.0884    0.1113
    
2023030200
   0    2.5278    1.8159    4.5411    4.5411    4.8762   -0.0038    3.5576    0.0857    0.1453
   0    2.5246    1.7615    4.6132    4.6132    4.9411   -0.0524    3.6173    0.0722    0.1235
   0    2.4916    1.7882    4.5311    4.5311    4.8817   -0.0317    3.5269    0.0735    0.1353
   0    2.4992    1.7517    4.5846    4.5846    4.9386   -0.0582    3.5765    0.0657    0.1208
    
2023030300
   0    2.6907 -999.9900    5.0530    5.0530    4.6982   -0.0388    3.8129    0.0966    0.1644
   0    2.7476 -999.9900    5.1548    5.1548    4.8666   -0.0841    3.9322    0.0945    0.1462
   0    2.6470 -999.9900    4.9536    4.9536    4.6213   -0.1040    3.7635    0.1031    0.1562
   0    2.7034 -999.9900    5.0619    5.0619    4.8038   -0.1129    3.8694    0.0957    0.1455
    
2023030400
   0    2.4654 -999.9900    4.6314    4.6314    4.9919   -0.0219    3.4567    0.0744    0.1210
   0    2.5792 -999.9900    4.8881    4.8881    5.0057   -0.0658    3.6626    0.0805    0.1228
   0    2.5387 -999.9900    4.8319    4.8319    5.0241   -0.0834    3.5871    0.0848    0.1186
   0    2.6025 -999.9900    4.9581    4.9581    5.0179   -0.0928    3.6977    0.0823    0.1241
    
2023030500
   0    2.4139 -999.9900    4.5103    4.5103    4.9620   -0.1628    3.4277    0.0910    0.0937
   0    2.5216 -999.9900    4.8030    4.8030    4.9250   -0.2187    3.5587    0.1002    0.1036
   0    2.4029 -999.9900    4.5008    4.5008    4.9238   -0.1717    3.4043    0.0886    0.1006
   0    2.4844 -999.9900    4.7212    4.7212    4.9285   -0.2115    3.5034    0.0948    0.1013
    
2023030600
   0    2.6844 -999.9900    5.0440    5.0440    4.8906   -0.2076    3.8078    0.1367    0.1162
   0    2.6492 -999.9900    4.9902    4.9902    4.9781   -0.2339    3.7736    0.1277    0.0982
   0    2.6103 -999.9900    4.8819    4.8819    4.8612   -0.1608    3.7204    0.1355    0.1054
   0    2.6023 -999.9900    4.8844    4.8844    4.9623   -0.1994    3.7153    0.1264    0.0959
    
2023030700
   0    2.6622 -999.9900    4.9640    4.9640    4.8806   -0.2379    3.7550    0.1383    0.1031
   0    2.6914 -999.9900    5.0424    5.0424    4.9008   -0.2850    3.8018    0.1345    0.0936
   0    2.6285 -999.9900    4.9319    4.9319    4.9499   -0.2273    3.7063    0.1267    0.0937
   0    2.6563 -999.9900    4.9979    4.9979    4.9477   -0.2675    3.7557    0.1275    0.0859
    
2023030800
   0    2.3938 -999.9900    4.5776    4.5776    4.8244   -0.3211    3.3555    0.1143    0.0901
   0    2.4654 -999.9900    4.7276    4.7276    4.9458   -0.4100    3.4450    0.1166    0.0768
   0    2.4384 -999.9900    4.6563    4.6563    4.8855   -0.3553    3.4054    0.1106    0.0896
   0    2.4731 -999.9900    4.7376    4.7376    4.9629   -0.4114    3.4555    0.1126    0.0781
    
2023030900
   0    2.4579 -999.9900    4.4330    4.4330    4.8156   -0.4216    3.4943    0.1195    0.0721
   0    2.4182 -999.9900    4.4052    4.4052    4.7865   -0.5099    3.4472    0.1150    0.0619
   0    2.4110 -999.9900    4.3700    4.3700    4.7720   -0.4521    3.4260    0.1137    0.0655
   0    2.3946 -999.9900    4.3726    4.3726    4.7667   -0.5094    3.4098    0.1114    0.0603
    
2023031000
   0    2.3788 -999.9900    4.3203    4.3203    4.9277   -0.6837    3.3982    0.0908    0.0710
   0    2.4570 -999.9900    4.4530    4.4530    4.9711   -0.6668    3.5363    0.0946    0.0737
   0    2.3592 -999.9900    4.2674    4.2674    4.9006   -0.6340    3.3619    0.0951    0.0627
   0    2.4242 -999.9900    4.3879    4.3879    4.9536   -0.6391    3.4848    0.0951    0.0648
    
2023031100
   0    2.4864 -999.9900    4.4002    4.4002    4.9049   -0.3683    3.4897    0.1021    0.1008
   0    2.5186 -999.9900    4.5154    4.5154    4.9632   -0.4566    3.5449    0.0979    0.0929
   0    2.4489 -999.9900    4.3716    4.3716    4.8851   -0.3954    3.4447    0.1054    0.0896
   0    2.4849 -999.9900    4.4662    4.4662    4.9487   -0.4541    3.5048    0.0953    0.0878
    
2023031200
   0    2.6380 -999.9900    4.7139    4.7139    4.9516   -0.1158    3.6962    0.0968    0.1125
   0    2.5100 -999.9900    4.5299    4.5299    5.0613   -0.2360    3.5021    0.0783    0.0866
   0    2.5758 -999.9900    4.6371    4.6371    4.8437   -0.1840    3.6179    0.1005    0.1039
   0    2.4964 -999.9900    4.5197    4.5197    4.9768   -0.2513    3.4913    0.0819    0.0875
    
2023031300
   0    2.3640 -999.9900    4.1949    4.1949    4.8911   -0.0258    3.2845    0.0727    0.0996
   0    2.3369 -999.9900    4.2095    4.2095    4.9145   -0.0953    3.2590    0.0740    0.0769
   0    2.3294 -999.9900    4.1340    4.1340    4.9041   -0.0186    3.2552    0.0699    0.0847
   0    2.3114 -999.9900    4.1461    4.1461    4.9382   -0.0761    3.2290    0.0665    0.0699
    
2023031400
   0    2.4348 -999.9900    4.4579    4.4579    4.6830    0.0208    3.4447    0.0940    0.1104
   0    2.3938 -999.9900    4.3544    4.3544    4.8333   -0.0679    3.4126    0.0788    0.0808
   0    2.4099 -999.9900    4.3983    4.3983    4.7377   -0.0486    3.4296    0.0938    0.0939
   0    2.3767 -999.9900    4.3191    4.3191    4.8526   -0.0909    3.3942    0.0793    0.0759
    
2023031500
   0    2.4339 -999.9900    4.4140    4.4140    4.9354    0.1674    3.4931    0.0874    0.0879
   0    2.4061 -999.9900    4.3758    4.3758    4.9688    0.1407    3.4463    0.0768    0.0812
   0    2.4427 -999.9900    4.4269    4.4269    4.9028    0.1427    3.5041    0.0916    0.0845
   0    2.4414 -999.9900    4.4337    4.4337    5.0362    0.0258    3.5076    0.0748    0.0751
    
2023031600
   0    2.4314 -999.9900    4.3984    4.3984    4.6824    0.0680    3.5340    0.1092    0.0865
   0    2.4489 -999.9900    4.4362    4.4362    4.8331    0.0269    3.5509    0.0968    0.0836
   0    2.3996 -999.9900    4.3304    4.3304    4.6693    0.0511    3.4814    0.0934    0.0905
   0    2.4149 -999.9900    4.3659    4.3659    4.8150    0.0153    3.4974    0.0908    0.0840
    
2023031700
   0    2.2844 -999.9900    4.1545    4.1545    4.8397   -0.0595    3.2352    0.0568    0.0953
   0    2.3311 -999.9900    4.2504    4.2504    4.9469   -0.0413    3.3353    0.0573    0.0880
   0    2.2987 -999.9900    4.1825    4.1825    4.7990   -0.0161    3.2594    0.0618    0.0960
   0    2.3207 -999.9900    4.2319    4.2319    4.9053   -0.0200    3.3190    0.0567    0.0907
    
2023031800
   0    2.5247 -999.9900    4.6542    4.6542    4.9459    0.2200    3.5648    0.0654    0.1208
   0    2.4601 -999.9900    4.5315    4.5315    4.9386    0.2115    3.4757    0.0582    0.1234
   0    2.4625 -999.9900    4.5461    4.5461    4.9150    0.2090    3.4887    0.0569    0.1130
   0    2.4219 -999.9900    4.4620    4.4620    4.9370    0.1953    3.4325    0.0541    0.1164
    
2023031900
   0    2.7931 -999.9900    5.0733    5.0733    4.5755    0.4996    3.9073    0.1060    0.1690
   0    2.6574 -999.9900    4.8865    4.8865    4.7781    0.4009    3.7646    0.0782    0.1470
   0    2.7586 -999.9900    5.0469    5.0469    4.5849    0.4955    3.8743    0.0992    0.1621
   0    2.6583 -999.9900    4.8992    4.8992    4.7524    0.4196    3.7613    0.0833    0.1481
    
2023032000
   0    2.9162 -999.9900    5.3365    5.3365    4.6968    0.8016    4.0845    0.0893    0.1911
   0    2.8373 -999.9900    5.2616    5.2616    4.7845    0.7281    3.9904    0.0922    0.1692
   0    2.9258 -999.9900    5.3799    5.3799    4.7092    0.8410    4.0982    0.0924    0.1897
   0    2.8552 -999.9900    5.3004    5.3004    4.7772    0.7674    4.0165    0.0924    0.1705
    
2023032100
   0    2.7826 -999.9900    5.1022    5.1022    4.6338    0.7321    3.9373    0.1087    0.1627
   0    2.7173 -999.9900    5.0305    5.0305    4.7651    0.6328    3.8603    0.0989    0.1442
   0    2.7922 -999.9900    5.1151    5.1151    4.5841    0.7427    3.9502    0.1127    0.1643
   0    2.7298 -999.9900    5.0461    5.0461    4.7172    0.6602    3.8755    0.0987    0.1475
    
2023032200
   0    2.6963 -999.9900    4.9999    4.9999    4.6845    0.7221    3.7559    0.1129    0.1595
   0    2.6869 -999.9900    4.9678    4.9678    4.7800    0.6130    3.7420    0.0974    0.1520
   0    2.6869 -999.9900    5.0118    5.0118    4.6783    0.7231    3.7368    0.1039    0.1555
   0    2.6781 -999.9900    4.9732    4.9732    4.7659    0.6364    3.7345    0.0952    0.1455
    
2023032300
   0    2.7675 -999.9900    5.0483    5.0483    4.5972    0.6925    3.9040    0.1145    0.1570
   0    2.6131 -999.9900    4.8052    4.8052    4.6910    0.5900    3.7254    0.0900    0.1249
   0    2.7793 -999.9900    5.0671    5.0671    4.6426    0.6359    3.8951    0.1173    0.1554
   0    2.6459 -999.9900    4.8592    4.8592    4.7061    0.5778    3.7535    0.0956    0.1305
    
2023032400
   0    2.8103 -999.9900    5.0300    5.0300    4.5620    0.4803    3.9331    0.1206    0.1636
   0    2.5981 -999.9900    4.7005    4.7005    4.6873    0.4100    3.6911    0.1024    0.1218
   0    2.7028 -999.9900    4.8682    4.8682    4.5727    0.4635    3.8018    0.1136    0.1449
   0    2.5815 -999.9900    4.6746    4.6746    4.6600    0.4152    3.6609    0.1006    0.1215
    
2023032500
   0    2.6609 -999.9900    4.7262    4.7262    4.6037    0.1655    3.7942    0.1232    0.1380
   0    2.5553 -999.9900    4.5800    4.5800    4.6775    0.1890    3.6627    0.0961    0.1220
   0    2.6094 -999.9900    4.6527    4.6527    4.5785    0.2287    3.7513    0.1088    0.1270
   0    2.5433 -999.9900    4.5622    4.5622    4.6501    0.2235    3.6581    0.0952    0.1192
    
2023032600
   0    2.7523 -999.9900    4.7993    4.7993    4.5979   -0.0239    3.8998    0.1132    0.1373
   0    2.5776 -999.9900    4.5760    4.5760    4.6745    0.0130    3.6919    0.0941    0.1194
   0    2.7092 -999.9900    4.7463    4.7463    4.5979   -0.0118    3.8466    0.1182    0.1296
   0    2.5786 -999.9900    4.5792    4.5792    4.6684    0.0140    3.6972    0.0997    0.1187
    
2023032700
   0    2.7127 -999.9900    4.7782    4.7782    4.6468   -0.0287    3.8910    0.1094    0.1368
   0    2.5850 -999.9900    4.6280    4.6280    4.7583   -0.0550    3.7600    0.0823    0.1066
   0    2.7121 -999.9900    4.7774    4.7774    4.6189   -0.0036    3.8956    0.1072    0.1353
   0    2.6088 -999.9900    4.6613    4.6613    4.7163   -0.0335    3.7891    0.0853    0.1116
    
2023032800
   0    2.4919 -999.9900    4.5753    4.5753    4.5881    0.0682    3.5062    0.0859    0.1194
   0    2.4346 -999.9900    4.4930    4.4930    4.7297    0.0259    3.4577    0.0698    0.1001
   0    2.4677 -999.9900    4.5280    4.5280    4.5327    0.0291    3.4813    0.0818    0.1161
   0    2.4243 -999.9900    4.4698    4.4698    4.6802    0.0123    3.4450    0.0696    0.1017
    
2023032900
   0    2.2980 -999.9900    4.2017    4.2017    4.5593    0.2632    3.2504    0.0691    0.1001
   0    2.2750 -999.9900    4.1852    4.1852    4.6784    0.1527    3.1938    0.0595    0.0855
   0    2.2737 -999.9900    4.1741    4.1741    4.5568    0.2937    3.2161    0.0624    0.0917
   0    2.2664 -999.9900    4.1742    4.1742    4.6509    0.1944    3.1865    0.0583    0.0843
    
2023033000
   0    2.3862 -999.9900    4.4030    4.4030    4.5391    0.2789    3.3942    0.0759    0.1005
   0    2.3737 -999.9900    4.3786    4.3786    4.6000    0.3565    3.4021    0.0630    0.1027
   0    2.3094 -999.9900    4.2739    4.2739    4.4747    0.2543    3.2931    0.0671    0.0950
   0    2.3270 -999.9900    4.2980    4.2980    4.5579    0.3275    3.3362    0.0622    0.0962
    
2023033100
   0    2.6669 -999.9900    4.9215    4.9215    4.6060    0.4981    3.7929    0.0993    0.1324
   0    2.5980 -999.9900    4.8090    4.8090    4.6869    0.5260    3.7136    0.0826    0.1227
   0    2.5854 -999.9900    4.7875    4.7875    4.5782    0.4427    3.6944    0.0922    0.1162
   0    2.5624 -999.9900    4.7485    4.7485    4.6565    0.4885    3.6635    0.0796    0.1156
    
