v6.1 gefs
v6.1 naefs
v7.0 gefs
v7.0 naefs

2023010700
   1 -999.9900 -999.9900 -999.9900 -999.9900 -999.9900 -999.9900 -999.9900 -999.9900 -999.9900
   1 -999.9900 -999.9900 -999.9900 -999.9900 -999.9900 -999.9900 -999.9900 -999.9900 -999.9900
   1 -999.9900 -999.9900 -999.9900 -999.9900 -999.9900 -999.9900 -999.9900 -999.9900 -999.9900
   1 -999.9900 -999.9900 -999.9900 -999.9900 -999.9900 -999.9900 -999.9900 -999.9900 -999.9900
    
2023010800
   1 -999.9900 -999.9900 -999.9900 -999.9900 -999.9900 -999.9900 -999.9900 -999.9900 -999.9900
   1 -999.9900 -999.9900 -999.9900 -999.9900 -999.9900 -999.9900 -999.9900 -999.9900 -999.9900
   1 -999.9900 -999.9900 -999.9900 -999.9900 -999.9900 -999.9900 -999.9900 -999.9900 -999.9900
   1 -999.9900 -999.9900 -999.9900 -999.9900 -999.9900 -999.9900 -999.9900 -999.9900 -999.9900
    
2023010900
   1 -999.9900 -999.9900 -999.9900 -999.9900 -999.9900 -999.9900 -999.9900 -999.9900 -999.9900
   1 -999.9900 -999.9900 -999.9900 -999.9900 -999.9900 -999.9900 -999.9900 -999.9900 -999.9900
   1 -999.9900 -999.9900 -999.9900 -999.9900 -999.9900 -999.9900 -999.9900 -999.9900 -999.9900
   1 -999.9900 -999.9900 -999.9900 -999.9900 -999.9900 -999.9900 -999.9900 -999.9900 -999.9900
    
2023011000
   1 -999.9900 -999.9900 -999.9900 -999.9900 -999.9900 -999.9900 -999.9900 -999.9900 -999.9900
   1 -999.9900 -999.9900 -999.9900 -999.9900 -999.9900 -999.9900 -999.9900 -999.9900 -999.9900
   1 -999.9900 -999.9900 -999.9900 -999.9900 -999.9900 -999.9900 -999.9900 -999.9900 -999.9900
   1 -999.9900 -999.9900 -999.9900 -999.9900 -999.9900 -999.9900 -999.9900 -999.9900 -999.9900
    
2023011100
   1 -999.9900 -999.9900 -999.9900 -999.9900 -999.9900 -999.9900 -999.9900 -999.9900 -999.9900
   1 -999.9900 -999.9900 -999.9900 -999.9900 -999.9900 -999.9900 -999.9900 -999.9900 -999.9900
   1 -999.9900 -999.9900 -999.9900 -999.9900 -999.9900 -999.9900 -999.9900 -999.9900 -999.9900
   1 -999.9900 -999.9900 -999.9900 -999.9900 -999.9900 -999.9900 -999.9900 -999.9900 -999.9900
    
2023011200
   1 -999.9900 -999.9900 -999.9900 -999.9900 -999.9900 -999.9900 -999.9900 -999.9900 -999.9900
   1 -999.9900 -999.9900 -999.9900 -999.9900 -999.9900 -999.9900 -999.9900 -999.9900 -999.9900
   1 -999.9900 -999.9900 -999.9900 -999.9900 -999.9900 -999.9900 -999.9900 -999.9900 -999.9900
   1 -999.9900 -999.9900 -999.9900 -999.9900 -999.9900 -999.9900 -999.9900 -999.9900 -999.9900
    
2023011300
   1 -999.9900 -999.9900 -999.9900 -999.9900 -999.9900 -999.9900 -999.9900 -999.9900 -999.9900
   1 -999.9900 -999.9900 -999.9900 -999.9900 -999.9900 -999.9900 -999.9900 -999.9900 -999.9900
   1 -999.9900 -999.9900 -999.9900 -999.9900 -999.9900 -999.9900 -999.9900 -999.9900 -999.9900
   1 -999.9900 -999.9900 -999.9900 -999.9900 -999.9900 -999.9900 -999.9900 -999.9900 -999.9900
    
2023011400
   1 -999.9900 -999.9900 -999.9900 -999.9900 -999.9900 -999.9900 -999.9900 -999.9900 -999.9900
   1 -999.9900 -999.9900 -999.9900 -999.9900 -999.9900 -999.9900 -999.9900 -999.9900 -999.9900
   1 -999.9900 -999.9900 -999.9900 -999.9900 -999.9900 -999.9900 -999.9900 -999.9900 -999.9900
   1 -999.9900 -999.9900 -999.9900 -999.9900 -999.9900 -999.9900 -999.9900 -999.9900 -999.9900
    
2023011500
   1 -999.9900 -999.9900 -999.9900 -999.9900 -999.9900 -999.9900 -999.9900 -999.9900 -999.9900
   1 -999.9900 -999.9900 -999.9900 -999.9900 -999.9900 -999.9900 -999.9900 -999.9900 -999.9900
   1 -999.9900 -999.9900 -999.9900 -999.9900 -999.9900 -999.9900 -999.9900 -999.9900 -999.9900
   1 -999.9900 -999.9900 -999.9900 -999.9900 -999.9900 -999.9900 -999.9900 -999.9900 -999.9900
    
2023011600
   1 -999.9900 -999.9900 -999.9900 -999.9900 -999.9900 -999.9900 -999.9900 -999.9900 -999.9900
   1 -999.9900 -999.9900 -999.9900 -999.9900 -999.9900 -999.9900 -999.9900 -999.9900 -999.9900
   1 -999.9900 -999.9900 -999.9900 -999.9900 -999.9900 -999.9900 -999.9900 -999.9900 -999.9900
   1 -999.9900 -999.9900 -999.9900 -999.9900 -999.9900 -999.9900 -999.9900 -999.9900 -999.9900
    
2023011700
   1 -999.9900 -999.9900 -999.9900 -999.9900 -999.9900 -999.9900 -999.9900 -999.9900 -999.9900
   1 -999.9900 -999.9900 -999.9900 -999.9900 -999.9900 -999.9900 -999.9900 -999.9900 -999.9900
   1 -999.9900 -999.9900 -999.9900 -999.9900 -999.9900 -999.9900 -999.9900 -999.9900 -999.9900
   1 -999.9900 -999.9900 -999.9900 -999.9900 -999.9900 -999.9900 -999.9900 -999.9900 -999.9900
    
2023011800
   1 -999.9900 -999.9900 -999.9900 -999.9900 -999.9900 -999.9900 -999.9900 -999.9900 -999.9900
   1 -999.9900 -999.9900 -999.9900 -999.9900 -999.9900 -999.9900 -999.9900 -999.9900 -999.9900
   1 -999.9900 -999.9900 -999.9900 -999.9900 -999.9900 -999.9900 -999.9900 -999.9900 -999.9900
   1 -999.9900 -999.9900 -999.9900 -999.9900 -999.9900 -999.9900 -999.9900 -999.9900 -999.9900
    
2023011900
   1 -999.9900 -999.9900 -999.9900 -999.9900 -999.9900 -999.9900 -999.9900 -999.9900 -999.9900
   1 -999.9900 -999.9900 -999.9900 -999.9900 -999.9900 -999.9900 -999.9900 -999.9900 -999.9900
   1 -999.9900 -999.9900 -999.9900 -999.9900 -999.9900 -999.9900 -999.9900 -999.9900 -999.9900
   1 -999.9900 -999.9900 -999.9900 -999.9900 -999.9900 -999.9900 -999.9900 -999.9900 -999.9900
    
2023012000
   1 -999.9900 -999.9900 -999.9900 -999.9900 -999.9900 -999.9900 -999.9900 -999.9900 -999.9900
   1 -999.9900 -999.9900 -999.9900 -999.9900 -999.9900 -999.9900 -999.9900 -999.9900 -999.9900
   1 -999.9900 -999.9900 -999.9900 -999.9900 -999.9900 -999.9900 -999.9900 -999.9900 -999.9900
   1 -999.9900 -999.9900 -999.9900 -999.9900 -999.9900 -999.9900 -999.9900 -999.9900 -999.9900
    
2023012100
   1 -999.9900 -999.9900 -999.9900 -999.9900 -999.9900 -999.9900 -999.9900 -999.9900 -999.9900
   1 -999.9900 -999.9900 -999.9900 -999.9900 -999.9900 -999.9900 -999.9900 -999.9900 -999.9900
   1 -999.9900 -999.9900 -999.9900 -999.9900 -999.9900 -999.9900 -999.9900 -999.9900 -999.9900
   1 -999.9900 -999.9900 -999.9900 -999.9900 -999.9900 -999.9900 -999.9900 -999.9900 -999.9900
    
2023012200
   1 -999.9900 -999.9900 -999.9900 -999.9900 -999.9900 -999.9900 -999.9900 -999.9900 -999.9900
   1 -999.9900 -999.9900 -999.9900 -999.9900 -999.9900 -999.9900 -999.9900 -999.9900 -999.9900
   1 -999.9900 -999.9900 -999.9900 -999.9900 -999.9900 -999.9900 -999.9900 -999.9900 -999.9900
   1 -999.9900 -999.9900 -999.9900 -999.9900 -999.9900 -999.9900 -999.9900 -999.9900 -999.9900
    
2023012300
   0    2.0938 -999.9900    3.8637    3.8637    4.9159    0.7287    2.9047    0.0581    0.1353
   0    1.9903 -999.9900    3.8095    3.8095    4.8652    0.0314    2.8172    0.0595    0.0743
   0    2.0660 -999.9900    3.8057    3.8057    4.8940    0.7130    2.9054    0.0521    0.1241
   0    1.9777 -999.9900    3.7607    3.7607    4.8534    0.1932    2.8098    0.0559    0.0733
    
2023012400
   0    2.3396 -999.9900    4.5504    4.5504    4.8680   -0.3829    3.3711    0.0672    0.1089
   0    2.0359 -999.9900    3.9387    3.9387    4.9217   -0.3334    2.9009    0.0472    0.0363
   0    2.2185 -999.9900    4.3138    4.3138    5.0474   -0.2804    3.1859    0.0525    0.0761
   0    2.0226 -999.9900    3.9077    3.9077    5.0084   -0.2755    2.8795    0.0419    0.0336
    
2023012500
   0    2.0843 -999.9900    3.8673    3.8673    5.1320    0.4414    2.9680    0.0397    0.0838
   0    2.0511 -999.9900    3.9028    3.9028    5.1673   -0.2681    2.9539    0.0548    0.0236
   0    2.1537 -999.9900    4.0624    4.0624    5.0702    0.6255    3.0643    0.0320    0.1031
   0    2.0611 -999.9900    3.9277    3.9277    5.1571    0.0022    2.9656    0.0430    0.0330
    
2023012600
   0    2.0912 -999.9900    3.7126    3.7126    5.4962   -0.3871    2.8647    0.0529    0.0383
   0    2.0471 -999.9900    3.7348    3.7348    5.1308   -0.3931    2.8346    0.0684    0.0193
   0    2.0885 -999.9900    3.7148    3.7148    5.4325   -0.4633    2.8643    0.0581    0.0271
   0    2.0523 -999.9900    3.7196    3.7196    5.1769   -0.4376    2.8403    0.0680    0.0149
    
2023012700
   0    2.5152 -999.9900    5.1571    5.1571    5.5895   -1.8365    3.4380    0.1075    0.0315
   0    2.3790 -999.9900    4.7366    4.7366    5.4929   -1.2928    3.3978    0.0806    0.0311
   0    2.4202 -999.9900    4.9080    4.9080    5.5384   -1.7926    3.3834    0.0859    0.0405
   0    2.3447 -999.9900    4.6711    4.6711    5.4839   -1.3916    3.3427    0.0738    0.0308
    
2023012800
   0    2.2498 -999.9900    4.1986    4.1986    4.5915   -1.2803    3.2039    0.1404    0.0608
   0    2.0439 -999.9900    3.8337    3.8337    5.0008   -1.0795    2.8984    0.0740    0.0367
   0    2.1749 -999.9900    4.0297    4.0297    4.9801   -1.1847    3.0774    0.0979    0.0519
   0    2.0490 -999.9900    3.8114    3.8114    5.1315   -1.0623    2.8976    0.0669    0.0362
    
2023012900
   0    2.5739 -999.9900    5.0061    5.0061    5.1359    0.2456    3.7033    0.0943    0.0621
   0    2.5323 -999.9900    4.9757    4.9757    5.1986    0.2732    3.6676    0.0844    0.0664
   0    2.5890 -999.9900    5.0590    5.0590    5.3409    0.4014    3.7363    0.0929    0.0559
   0    2.5296 -999.9900    4.9767    4.9767    5.3115    0.3484    3.6555    0.0853    0.0591
    
2023013000
   0    2.8536 -999.9900    5.5594    5.5594    6.1686    2.2403    4.1441    0.0376    0.1015
   0    2.9956 -999.9900    5.8192    5.8192    5.9558    1.9810    4.3959    0.0356    0.1171
   0    2.9827 -999.9900    5.7733    5.7733    5.9026    2.2877    4.3703    0.0463    0.1308
   0    3.0460 -999.9900    5.8907    5.8907    5.8418    2.0613    4.4760    0.0427    0.1324
    
2023013100
   0    2.7897 -999.9900    5.5000    5.5000    5.5315    2.5110    3.8822    0.0046    0.1651
   0    2.7243 -999.9900    5.3838    5.3838    5.4536    2.0424    3.8263    0.0086    0.1382
   0    2.9398 -999.9900    5.7469    5.7469    5.4711    2.8628    4.1220    0.0059    0.1747
   0    2.8127 -999.9900    5.5266    5.5266    5.4675    2.3473    3.9469    0.0076    0.1515
    
2023020100
   0    2.5411 -999.9900    4.8514    4.8514    4.9556    1.6702    3.5130    0.0236    0.1386
   0    2.4352 -999.9900    4.6457    4.6457    5.4743    1.3512    3.4481    0.0350    0.0799
   0    2.6257 -999.9900    5.0146    5.0146    5.1184    1.5894    3.5912    0.0367    0.1349
   0    2.4996 -999.9900    4.7945    4.7945    5.4579    1.3665    3.5237    0.0376    0.0873
    
2023020200
   0    2.5599 -999.9900    5.0052    5.0052    5.0263    1.4334    3.5593    0.0381    0.1473
   0    2.4186 -999.9900    4.6565    4.6565    5.4004    1.3636    3.4125    0.0185    0.1071
   0    2.4781 -999.9900    4.8636    4.8636    5.2135    1.4175    3.4417    0.0243    0.1239
   0    2.3951 -999.9900    4.6223    4.6223    5.4461    1.3680    3.3597    0.0164    0.1013
    
2023020300
   0    2.9443 -999.9900    5.7177    5.7177    5.5678    1.6972    4.2728    0.0491    0.1697
   0    2.6816 -999.9900    5.0937    5.0937    5.3787    1.1185    3.8784    0.0453    0.1357
   0    2.8090 -999.9900    5.5227    5.5227    5.3785    1.7352    4.0797    0.0388    0.1701
   0    2.6488 -999.9900    5.0880    5.0880    5.3124    1.2571    3.8359    0.0391    0.1386
    
2023020400
   0    3.6169 -999.9900    6.8528    6.8528    5.5347    1.8451    5.0662    0.0442    0.2387
   0    4.0756 -999.9900    7.6311    7.6311    5.6748    1.8168    5.7882    0.0822    0.2412
   0    3.9430 -999.9900    7.3509    7.3509    5.5647    2.0072    5.5667    0.0763    0.2544
   0    4.1863 -999.9900    7.7715    7.7715    5.6484    1.9197    5.9354    0.1009    0.2534
    
2023020500
   1 -999.9900 -999.9900 -999.9900 -999.9900 -999.9900 -999.9900 -999.9900 -999.9900 -999.9900
   1 -999.9900 -999.9900 -999.9900 -999.9900 -999.9900 -999.9900 -999.9900 -999.9900 -999.9900
   1 -999.9900 -999.9900 -999.9900 -999.9900 -999.9900 -999.9900 -999.9900 -999.9900 -999.9900
   1 -999.9900 -999.9900 -999.9900 -999.9900 -999.9900 -999.9900 -999.9900 -999.9900 -999.9900
    
2023020600
   0    2.8217 -999.9900    5.6253    5.6253    5.3924   -2.7846    3.9299    0.1536    0.0129
   0    2.8217 -999.9900    5.6253    5.6253    5.3924   -2.7846    3.9299    0.1536    0.0129
   0    2.9487 -999.9900    5.8156    5.8156    5.6988   -3.1781    4.1391    0.1527    0.0097
   0    3.0986 -999.9900    6.1341    6.1341    5.6423   -3.4316    4.3633    0.1678    0.0053
    
2023020700
   0    3.3422 -999.9900    6.5640    6.5640    5.0324   -3.8015    4.6285    0.2285    0.0287
   0    3.3470 -999.9900    6.7276    6.7276    5.3223   -4.0295    4.7226    0.2153    0.0118
   0    3.0676 -999.9900    6.1243    6.1243    5.0652   -3.2717    4.2714    0.2037    0.0280
   0    3.1799 -999.9900    6.4287    6.4287    5.2974   -3.6659    4.4972    0.1997    0.0127
    
2023020800
   0    3.7839 -999.9900    7.1076    7.1076    4.8745   -3.8845    5.2214    0.3005    0.0574
   0    3.7266 -999.9900    7.1177    7.1177    5.0984   -4.1353    5.2647    0.2854    0.0406
   0    3.8802 -999.9900    7.2780    7.2780    4.9733   -3.8623    5.3625    0.2790    0.0647
   0    3.7848 -999.9900    7.2072    7.2072    5.1266   -4.0720    5.3252    0.2744    0.0477
    
2023020900
   0    3.6510 -999.9900    6.7958    6.7958    4.9044   -4.3584    5.0509    0.2977    0.0467
   0    3.5306 -999.9900    6.7728    6.7728    5.1745   -4.2405    4.8942    0.2634    0.0389
   0    3.3983 -999.9900    6.3978    6.3978    5.0753   -3.8323    4.7322    0.2597    0.0526
   0    3.4022 -999.9900    6.5407    6.5407    5.2188   -3.9485    4.7202    0.2477    0.0399
    
2023021000
   0    2.8443 -999.9900    5.3667    5.3667    5.4786   -2.9260    4.0239    0.1506    0.0492
   0    2.7352 -999.9900    5.2822    5.2822    5.3114   -3.0259    3.9890    0.1289    0.0304
   0    2.8065 -999.9900    5.3615    5.3615    5.3102   -2.9920    4.0328    0.1499    0.0375
   0    2.7430 -999.9900    5.2986    5.2986    5.2420   -3.0455    3.9949    0.1400    0.0289
    
2023021100
   1 -999.9900 -999.9900 -999.9900 -999.9900 -999.9900 -999.9900 -999.9900 -999.9900 -999.9900
   1 -999.9900 -999.9900 -999.9900 -999.9900 -999.9900 -999.9900 -999.9900 -999.9900 -999.9900
   1 -999.9900 -999.9900 -999.9900 -999.9900 -999.9900 -999.9900 -999.9900 -999.9900 -999.9900
   1 -999.9900 -999.9900 -999.9900 -999.9900 -999.9900 -999.9900 -999.9900 -999.9900 -999.9900
    
2023021200
   0    3.0266 -999.9900    5.7663    5.7663    5.1861   -2.0263    4.2738    0.1767    0.1006
   0    3.3571 -999.9900    6.5233    6.5233    5.1977   -2.7990    4.7707    0.2216    0.0819
   0    2.9530 -999.9900    5.7333    5.7333    5.6041   -1.9390    4.2142    0.1410    0.0899
   0    3.2303 -999.9900    6.3581    6.3581    5.4854   -2.5967    4.6050    0.1912    0.0798
    
2023021300
   0    2.8647 -999.9900    5.3098    5.3098    4.7337   -2.4589    4.1388    0.2077    0.1019
   0    3.0376 -999.9900    5.6854    5.6854    5.0823   -3.0055    4.4156    0.2282    0.0619
   0    3.0195 -999.9900    5.7080    5.7080    5.1605   -2.8611    4.4203    0.1908    0.0901
   0    3.1014 -999.9900    5.8556    5.8556    5.2415   -3.1376    4.5305    0.2188    0.0604
    
2023021400
   0    3.4982 -999.9900    6.7375    6.7375    5.0542   -3.2447    4.8816    0.2294    0.0774
   0    3.4839 -999.9900    6.7688    6.7688    5.0379   -3.1817    4.8669    0.2301    0.0893
   0    3.3789 -999.9900    6.5751    6.5751    5.1895   -3.0965    4.8084    0.2062    0.0823
   0    3.3953 -999.9900    6.6435    6.6435    5.1518   -3.1053    4.8052    0.2131    0.0884
    
2023021500
   1 -999.9900 -999.9900 -999.9900 -999.9900 -999.9900 -999.9900 -999.9900 -999.9900 -999.9900
   1 -999.9900 -999.9900 -999.9900 -999.9900 -999.9900 -999.9900 -999.9900 -999.9900 -999.9900
   1 -999.9900 -999.9900 -999.9900 -999.9900 -999.9900 -999.9900 -999.9900 -999.9900 -999.9900
   1 -999.9900 -999.9900 -999.9900 -999.9900 -999.9900 -999.9900 -999.9900 -999.9900 -999.9900
    
2023021600
   1 -999.9900 -999.9900 -999.9900 -999.9900 -999.9900 -999.9900 -999.9900 -999.9900 -999.9900
   1 -999.9900 -999.9900 -999.9900 -999.9900 -999.9900 -999.9900 -999.9900 -999.9900 -999.9900
   1 -999.9900 -999.9900 -999.9900 -999.9900 -999.9900 -999.9900 -999.9900 -999.9900 -999.9900
   0    2.6364 -999.9900    5.2028    5.2028    4.8013   -0.1084    3.7829    0.1094    0.0886
    
2023021700
   0    3.3124 -999.9900    6.0687    6.0687    5.1561    0.2683    4.7702    0.1258    0.1662
   0    2.8760 -999.9900    5.4669    5.4669    5.3660    0.7183    4.2475    0.0551    0.1355
   0    3.0636 -999.9900    5.7559    5.7559    5.3024    0.8449    4.5059    0.0783    0.1422
   0    2.8361 -999.9900    5.4324    5.4324    5.3655    0.9743    4.2099    0.0474    0.1281
    
2023021800
   0    2.6530 -999.9900    4.8998    4.8998    4.9185    0.9518    3.8016    0.0414    0.1736
   0    2.6333 -999.9900    4.9343    4.9343    4.7649    1.1916    3.8052    0.0363    0.1751
   0    2.6892 -999.9900    5.0209    5.0209    4.9405    0.5849    3.8647    0.0629    0.1548
   0    2.6468 -999.9900    4.9660    4.9660    4.8462    0.9234    3.8372    0.0497    0.1619
    
2023021900
   0    2.1330 -999.9900    4.0241    4.0241    5.3534   -0.5781    3.0087    0.0523    0.0315
   0    2.1567 -999.9900    3.9744    3.9744    5.3055   -0.1407    3.0740    0.0357    0.0700
   0    2.1323 -999.9900    3.9690    3.9690    5.3099   -0.3311    3.0178    0.0447    0.0471
   0    2.1607 -999.9900    3.9704    3.9704    5.2748   -0.0800    3.0734    0.0343    0.0787
    
2023022000
   0    2.5690 -999.9900    5.0591    5.0591    4.6007   -2.1341    3.6196    0.1746    0.0277
   0    2.4006 -999.9900    4.7457    4.7457    5.2569   -2.1095    3.4733    0.1140    0.0090
   0    2.3509 -999.9900    4.6579    4.6579    4.6594   -1.7592    3.4167    0.1348    0.0323
   0    2.3213 -999.9900    4.5784    4.5784    5.1452   -1.8896    3.3819    0.1007    0.0157
    
2023022100
   0    2.1706 -999.9900    4.2251    4.2251    5.1272   -0.4611    3.1065    0.0759    0.0142
   0    2.1673 -999.9900    4.2348    4.2348    5.2035   -0.5463    3.0851    0.0726    0.0184
   0    2.2516 -999.9900    4.3757    4.3757    5.2369   -0.6110    3.1939    0.0787    0.0243
   0    2.2116 -999.9900    4.3155    4.3155    5.2595   -0.6193    3.1305    0.0699    0.0226
    
2023022200
   0    2.2111 -999.9900    4.2770    4.2770    5.0221    1.2586    3.2123    0.0295    0.1183
   0    2.3049 -999.9900    4.4390    4.4390    5.3353    1.1299    3.2686    0.0225    0.1032
   0    2.2439 -999.9900    4.2979    4.2979    5.5230    0.8766    3.1820    0.0340    0.0640
   0    2.2992 -999.9900    4.4086    4.4086    5.5659    1.0071    3.2573    0.0228    0.0801
    
2023022300
   0    4.0199 -999.9900    7.3403    7.3403    5.2067    2.8296    5.5236    0.0953    0.2911
   0    3.5995 -999.9900    6.7251    6.7251    5.5800    2.7834    5.1284    0.0574    0.2614
   0    3.8114 -999.9900    7.0553    7.0553    5.3087    2.8568    5.2921    0.0743    0.2766
   0    3.5644 -999.9900    6.6847    6.6847    5.5462    2.8090    5.0752    0.0546    0.2608
    
2023022400
   1 -999.9900 -999.9900 -999.9900 -999.9900 -999.9900 -999.9900 -999.9900 -999.9900 -999.9900
   1 -999.9900 -999.9900 -999.9900 -999.9900 -999.9900 -999.9900 -999.9900 -999.9900 -999.9900
   1 -999.9900 -999.9900 -999.9900 -999.9900 -999.9900 -999.9900 -999.9900 -999.9900 -999.9900
   1 -999.9900 -999.9900 -999.9900 -999.9900 -999.9900 -999.9900 -999.9900 -999.9900 -999.9900
    
2023022500
   0    3.0807 -999.9900    5.7412    5.7412    5.0202    3.2344    4.3413    0.0165    0.2722
   0    2.7407 -999.9900    5.2836    5.2836    5.2514    2.9861    3.9573    0.0048    0.1940
   0    2.9097 -999.9900    5.6221    5.6221    5.2285    3.1433    4.2244    0.0160    0.2283
   0    2.7316 -999.9900    5.3157    5.3157    5.3116    2.9811    3.9844    0.0062    0.1828
    
2023022600
   1 -999.9900 -999.9900 -999.9900 -999.9900 -999.9900 -999.9900 -999.9900 -999.9900 -999.9900
   1 -999.9900 -999.9900 -999.9900 -999.9900 -999.9900 -999.9900 -999.9900 -999.9900 -999.9900
   1 -999.9900 -999.9900 -999.9900 -999.9900 -999.9900 -999.9900 -999.9900 -999.9900 -999.9900
   1 -999.9900 -999.9900 -999.9900 -999.9900 -999.9900 -999.9900 -999.9900 -999.9900 -999.9900
    
2023022700
   0    2.1618 -999.9900    3.9285    3.9285    4.9401   -0.3202    2.9220    0.0381    0.0873
   0    2.1650 -999.9900    4.1001    4.1001    5.2753   -1.0223    3.0594    0.0291    0.0496
   0    2.0448 -999.9900    3.7474    3.7474    4.7789   -0.3550    2.7901    0.0305    0.0720
   0    2.0824 -999.9900    3.9261    3.9261    5.1475   -0.9028    2.9311    0.0230    0.0482
    
2023022800
   0    2.5204 -999.9900    4.6780    4.6780    5.3911   -1.0513    3.6375    0.0757    0.0866
   0    2.5153 -999.9900    4.7499    4.7499    5.2834   -1.6595    3.6650    0.0952    0.0432
   0    2.4182 -999.9900    4.5097    4.5097    5.2898   -1.2049    3.5361    0.0622    0.0793
   0    2.4674 -999.9900    4.6580    4.6580    5.2256   -1.6300    3.6178    0.0956    0.0474
    
2023030100
   0    2.4061 -999.9900    4.6163    4.6163    4.9542   -1.2438    3.3859    0.0925    0.0669
   0    2.3649 -999.9900    4.5542    4.5542    5.3529   -1.6462    3.3462    0.0618    0.0449
   0    2.3459 -999.9900    4.4956    4.4956    4.7575   -1.0089    3.2740    0.0852    0.0738
   0    2.3249 -999.9900    4.4655    4.4655    5.1911   -1.4248    3.2661    0.0610    0.0514
    
2023030200
   0    2.2154 -999.9900    4.1181    4.1181    5.3060   -0.5423    3.0125    0.0496    0.0756
   0    2.3081 -999.9900    4.4156    4.4156    5.1967   -1.2486    3.2264    0.0652    0.0502
   0    2.2928 -999.9900    4.3079    4.3079    5.3082   -0.5300    3.1918    0.0419    0.0804
   0    2.3337 -999.9900    4.4631    4.4631    5.2238   -1.0999    3.2790    0.0614    0.0541
    
2023030300
   0    2.7526 -999.9900    5.1095    5.1095    4.5410   -0.5198    3.8716    0.1131    0.1314
   0    2.3179 -999.9900    4.3579    4.3579    4.8445   -0.5434    3.2824    0.0855    0.0707
   0    2.5169 -999.9900    4.7564    4.7564    4.6019   -0.5812    3.5839    0.0974    0.1071
   0    2.2685 -999.9900    4.2737    4.2737    4.8251   -0.5755    3.2056    0.0808    0.0706
    
2023030400
   0    2.1268 -999.9900    3.7931    3.7931    5.5255   -1.2179    2.8966    0.0526    0.0358
   0    1.9971 -999.9900    3.6025    3.6025    5.0269   -1.2327    2.7548    0.0585    0.0335
   0    2.0416 -999.9900    3.6514    3.6514    5.3596   -1.0197    2.8362    0.0264    0.0366
   0    1.9671 -999.9900    3.5511    3.5511    5.0295   -1.1110    2.7361    0.0397    0.0323
    
2023030500
   0    2.0238 -999.9900    3.8336    3.8336    4.7876   -1.2753    2.7572    0.0980    0.0384
   0    1.8140 -999.9900    3.3539    3.3539    4.8271   -1.0397    2.3890    0.0643    0.0227
   0    1.9369 -999.9900    3.6632    3.6632    4.6169   -1.2545    2.6653    0.0844    0.0361
   0    1.8002 -999.9900    3.3333    3.3333    4.7263   -1.0744    2.3948    0.0598    0.0268
    
2023030600
   0    2.1644 -999.9900    4.1203    4.1203    5.1272   -1.1777    3.0815    0.0565    0.0480
   0    2.0913 -999.9900    3.9744    3.9744    4.8813   -0.7531    2.9978    0.0341    0.0701
   0    2.1636 -999.9900    4.1089    4.1089    5.0528   -1.0803    3.1155    0.0492    0.0610
   0    2.1029 -999.9900    3.9892    3.9892    4.8935   -0.7796    3.0284    0.0323    0.0743
    
2023030700
   0    2.4558 -999.9900    4.7721    4.7721    5.0692   -1.4575    3.5572    0.1045    0.0200
   0    2.4511 -999.9900    4.7533    4.7533    5.0036   -0.9520    3.6048    0.0665    0.0689
   0    2.3670 -999.9900    4.6184    4.6184    4.9703   -1.2586    3.4460    0.0887    0.0256
   0    2.4004 -999.9900    4.6701    4.6701    4.9537   -0.9338    3.5245    0.0651    0.0615
    
2023030800
   0    2.1470 -999.9900    4.1804    4.1804    4.8779   -0.9640    3.0816    0.0981    0.0305
   0    2.2028 -999.9900    4.3568    4.3568    5.0815   -0.5319    3.1321    0.0644    0.0298
   0    2.1812 -999.9900    4.3311    4.3311    4.9329   -1.0773    3.1114    0.0941    0.0243
   0    2.2094 -999.9900    4.4044    4.4044    5.0778   -0.6863    3.1272    0.0663    0.0248
    
2023030900
   0    2.0878 -999.9900    4.0050    4.0050    4.8234    0.4270    2.9991    0.0372    0.0554
   0    2.0067 -999.9900    3.8236    3.8236    4.8298    0.6522    2.9311    0.0274    0.0366
   0    2.0214 -999.9900    3.8387    3.8387    4.6118    0.3334    2.9101    0.0448    0.0603
   0    1.9791 -999.9900    3.7475    3.7475    4.7133    0.5510    2.8777    0.0319    0.0431
    
2023031000
   0    1.7108 -999.9900    3.0431    3.0431    4.6790   -0.4188    2.3310    0.0438    0.0235
   0    1.8060 -999.9900    3.2340    3.2340    4.9338    0.0442    2.5283    0.0325    0.0189
   0    1.6950 -999.9900    2.9524    2.9524    4.7203   -0.4764    2.2920    0.0353    0.0179
   0    1.7789 -999.9900    3.1469    3.1469    4.9055   -0.0830    2.4640    0.0286    0.0183
    
2023031100
   0    1.8311 -999.9900    3.1948    3.1948    4.8669   -1.2773    2.4975    0.0790    0.0400
   0    1.8051 -999.9900    3.2352    3.2352    4.8157   -1.0142    2.3859    0.0803    0.0124
   0    1.8106 -999.9900    3.2024    3.2024    4.7864   -1.2040    2.4431    0.0761    0.0310
   0    1.8056 -999.9900    3.2495    3.2495    4.7664   -1.0229    2.3972    0.0810    0.0129
    
2023031200
   0    2.0188 -999.9900    3.8155    3.8155    4.9939   -1.3576    2.8176    0.0929    0.0230
   0    1.8880 -999.9900    3.5687    3.5687    4.8533   -0.9380    2.6070    0.0771    0.0145
   0    1.9775 -999.9900    3.7295    3.7295    4.8775   -1.2623    2.7474    0.0950    0.0170
   0    1.8845 -999.9900    3.5624    3.5624    4.8146   -0.9647    2.5968    0.0768    0.0138
    
2023031300
   0    1.7094 -999.9900    2.9902    2.9902    4.4761   -1.1871    2.3055    0.0678    0.0132
   0    1.7075 -999.9900    3.0061    3.0061    4.5548   -0.5775    2.3787    0.0405    0.0141
   0    1.7615 -999.9900    3.1293    3.1293    4.5883   -1.3585    2.4105    0.0619    0.0090
   0    1.7281 -999.9900    3.0447    3.0447    4.6335   -0.8022    2.4028    0.0372    0.0101
    
2023031400
   0    2.2235 -999.9900    4.1934    4.1934    4.6087   -1.4964    3.1449    0.1318    0.0197
   0    2.0109 -999.9900    3.6792    3.6792    4.9894   -1.2404    2.7902    0.0817    0.0143
   0    2.2194 -999.9900    4.1763    4.1763    4.7274   -1.7353    3.1196    0.1320    0.0116
   0    2.0397 -999.9900    3.7466    3.7466    5.0034   -1.4350    2.8309    0.0865    0.0112
    
2023031500
   0    2.2584 -999.9900    4.3672    4.3672    5.0160   -1.5671    3.2447    0.0879    0.0205
   0    2.1179 -999.9900    4.0536    4.0536    5.0396   -1.0552    2.9944    0.0707    0.0292
   0    2.2246 -999.9900    4.3173    4.3173    4.8051   -1.5709    3.2108    0.0958    0.0199
   0    2.1945 -999.9900    4.2351    4.2351    4.8911   -1.1098    3.1297    0.0855    0.0270
    
2023031600
   0    2.4593 -999.9900    4.6279    4.6279    4.6541   -0.4837    3.5564    0.0896    0.1375
   0    2.3710 -999.9900    4.5592    4.5592    4.5745   -0.8350    3.4095    0.1210    0.0874
   0    2.3958 -999.9900    4.4801    4.4801    4.6337   -0.3234    3.4838    0.0702    0.1448
   0    2.3292 -999.9900    4.4495    4.4495    4.6131   -0.6686    3.3673    0.0993    0.0949
    
2023031700
   0    2.4235 -999.9900    4.6276    4.6276    4.3001   -0.1331    3.5161    0.1175    0.1486
   0    2.1681 -999.9900    4.1778    4.1778    4.4365   -0.1191    3.1725    0.0789    0.0934
   0    2.3975 -999.9900    4.5459    4.5459    4.3763   -0.4129    3.4376    0.1402    0.1208
   1 -999.9900 -999.9900 -999.9900 -999.9900 -999.9900 -999.9900 -999.9900 -999.9900 -999.9900
    
2023031800
   1 -999.9900 -999.9900 -999.9900 -999.9900 -999.9900 -999.9900 -999.9900 -999.9900 -999.9900
   1 -999.9900 -999.9900 -999.9900 -999.9900 -999.9900 -999.9900 -999.9900 -999.9900 -999.9900
   1 -999.9900 -999.9900 -999.9900 -999.9900 -999.9900 -999.9900 -999.9900 -999.9900 -999.9900
   1 -999.9900 -999.9900 -999.9900 -999.9900 -999.9900 -999.9900 -999.9900 -999.9900 -999.9900
    
2023031900
   0    3.3228 -999.9900    6.0280    6.0280    4.1814    2.0771    4.5684    0.0854    0.2860
   0    2.8900 -999.9900    5.4480    5.4480    4.4073    1.8006    4.0532    0.0657    0.2302
   0    3.1702 -999.9900    5.7950    5.7950    4.3477    2.0627    4.3872    0.0714    0.2764
   0    2.8872 -999.9900    5.4235    5.4235    4.4515    1.8473    4.0373    0.0602    0.2309
    
2023032000
   0    2.7301 -999.9900    4.8913    4.8913    4.3844    2.1153    3.6874    0.0256    0.2587
   0    2.6169 -999.9900    4.8316    4.8316    4.7132    2.0200    3.6098    0.0462    0.2044
   0    2.7987 -999.9900    5.0191    5.0191    4.3341    2.4262    3.8029    0.0295    0.2703
   0    2.6715 -999.9900    4.9168    4.9168    4.6253    2.2255    3.6938    0.0409    0.2205
    
2023032100
   0    2.5768 -999.9900    4.6240    4.6240    4.1774    2.7250    3.6013    0.0257    0.2779
   0    2.4204 -999.9900    4.4878    4.4878    4.2505    2.3775    3.4504    0.0163    0.2247
   0    2.5801 -999.9900    4.6583    4.6583    4.1095    2.7019    3.6229    0.0278    0.2740
   0    2.4383 -999.9900    4.5213    4.5213    4.2133    2.4331    3.4856    0.0178    0.2300
    
2023032200
   0    2.1600 -999.9900    4.0584    4.0584    4.0458    1.6389    3.0953    0.0547    0.1721
   0    2.0924 -999.9900    3.9920    3.9920    4.2567    1.1552    2.9627    0.0539    0.1235
   0    2.1377 -999.9900    4.0067    4.0067    4.1516    1.6560    3.0009    0.0444    0.1626
   0    2.0748 -999.9900    3.9520    3.9520    4.2962    1.2621    2.9309    0.0431    0.1231
    
2023032300
   0    2.0571 -999.9900    3.9006    3.9006    3.9876    0.0213    2.9156    0.1053    0.0870
   0    1.8887 -999.9900    3.5551    3.5551    4.0970   -0.0331    2.6607    0.0900    0.0647
   0    2.0098 -999.9900    3.8075    3.8075    4.1460    0.3141    2.8202    0.0827    0.0906
   0    1.8882 -999.9900    3.5501    3.5501    4.1824    0.1535    2.6456    0.0796    0.0706
    
2023032400
   0    2.0099 -999.9900    3.8329    3.8329    3.9589   -0.1462    2.8110    0.0955    0.1078
   0    1.9004 -999.9900    3.6476    3.6476    4.1776   -0.2162    2.6804    0.0722    0.0660
   0    2.1661 -999.9900    4.1184    4.1184    3.9699   -0.0943    3.0089    0.1053    0.1150
   0    1.9946 -999.9900    3.8150    3.8150    4.1880   -0.1710    2.8036    0.0833    0.0764
    
2023032500
   0    2.2381 -999.9900    4.2141    4.2141    4.2508    0.4900    3.0847    0.0464    0.1774
   0    1.9823 -999.9900    3.7058    3.7058    4.2860    0.3587    2.7959    0.0415    0.1264
   0    2.4119 -999.9900    4.5177    4.5177    4.1418    0.2964    3.3500    0.0636    0.1862
   0    2.1042 -999.9900    3.9485    3.9485    4.2802    0.2688    2.9697    0.0492    0.1452
    
2023032600
   0    2.5921 -999.9900    4.7105    4.7105    3.7480    0.3237    3.5889    0.1034    0.2230
   0    2.1233 -999.9900    3.9400    3.9400    4.0559    0.5593    3.0367    0.0623    0.1590
   0    2.6463 -999.9900    4.7829    4.7829    3.7385    0.4414    3.6303    0.1079    0.2291
   0    2.2229 -999.9900    4.1258    4.1258    4.0216    0.5828    3.1651    0.0724    0.1748
    
2023032700
   0    2.8217 -999.9900    5.0877    5.0877    4.1768    0.1983    3.9497    0.1261    0.1898
   0    2.5979 -999.9900    4.8047    4.8047    4.1436    0.6274    3.7301    0.0832    0.1807
   0    2.8016 -999.9900    5.0740    5.0740    4.0998    0.6732    3.9156    0.1089    0.2013
   0    2.6332 -999.9900    4.8708    4.8708    4.0847    0.8264    3.7695    0.0821    0.1908
    
2023032800
   0    3.0943 -999.9900    5.6089    5.6089    3.8253    2.2006    4.2140    0.0692    0.2970
   0    2.7913 -999.9900    5.1473    5.1473    4.1204    1.9124    3.8850    0.0352    0.2574
   0    3.0778 -999.9900    5.5169    5.5169    3.8812    1.8598    4.1934    0.0899    0.2939
   0    2.8234 -999.9900    5.1662    5.1662    4.1165    1.7657    3.9215    0.0463    0.2629
    
2023032900
   0    2.4266 -999.9900    4.6861    4.6861    3.9061    1.9453    3.3971    0.0458    0.2074
   0    2.2092 -999.9900    4.2926    4.2926    4.1332    1.7462    3.0349    0.0181    0.1715
   0    2.3467 -999.9900    4.5459    4.5459    3.7823    1.8858    3.2362    0.0279    0.2014
   0    2.2039 -999.9900    4.2836    4.2836    4.0195    1.7503    3.0098    0.0176    0.1748
    
2023033000
   0    2.1820 -999.9900    4.2208    4.2208    3.9159    1.6825    2.9824    0.0140    0.1971
   0    2.1223 -999.9900    4.0315    4.0315    4.1742    1.6964    2.9466    0.0102    0.1652
   0    2.0563 -999.9900    4.0147    4.0147    3.9466    1.4258    2.8057    0.0174    0.1707
   0    2.0417 -999.9900    3.9050    3.9050    4.1772    1.5396    2.8029    0.0098    0.1527
    
2023033100
   0    2.0345 -999.9900    3.9471    3.9471    4.5040    1.4830    2.8373    0.0080    0.1191
   0    1.9575 -999.9900    3.7756    3.7756    4.3817    1.4223    2.7876    0.0054    0.0964
   0    1.9914 -999.9900    3.8542    3.8542    4.2516    1.4700    2.7782    0.0121    0.1279
   0    1.9407 -999.9900    3.7419    3.7419    4.2679    1.4273    2.7600    0.0057    0.1047
    
2023040100
    
