2023010700
   1 -999.9900 -999.9900 -999.9900 -999.9900 -999.9900 -999.9900 -999.9900 -999.9900 -999.9900
   1 -999.9900 -999.9900 -999.9900 -999.9900 -999.9900 -999.9900 -999.9900 -999.9900 -999.9900
   1 -999.9900 -999.9900 -999.9900 -999.9900 -999.9900 -999.9900 -999.9900 -999.9900 -999.9900
   1 -999.9900 -999.9900 -999.9900 -999.9900 -999.9900 -999.9900 -999.9900 -999.9900 -999.9900
    
2023010800
   0   41.7494 -999.9900   52.8694   52.8694   28.4041    2.0177   36.6300    0.2597    0.3260
   0   37.9269 -999.9900   51.1437   51.1437   30.8528    0.3869   34.8024    0.2480    0.2659
   0   41.3663 -999.9900   52.6992   52.6992   28.6138    1.7961   36.3875    0.2501    0.3125
   0   36.6614 -999.9900   52.1264   52.1264   34.2749   -1.1498   35.3122    0.2565    0.2099
    
2023010900
   0   43.2989 -999.9900   51.2471   51.2471   30.9403    2.5480   35.1097    0.2696    0.2579
   0   38.7874 -999.9900   48.5233   48.5233   31.0370    2.7941   32.5692    0.2311    0.2332
   0   42.8646 -999.9900   51.3216   51.3216   31.9564    2.4760   35.1204    0.2575    0.2551
   0   36.7858 -999.9900   49.5142   49.5142   35.7506    2.0316   33.0284    0.2430    0.1847
    
2023011000
   0   43.8913 -999.9900   47.1691   47.1691   25.7387    0.5329   32.0417    0.2578    0.3011
   0   40.0312 -999.9900   45.9055   45.9055   27.6773    1.5276   30.7184    0.2166    0.2835
   0   43.5837 -999.9900   47.0509   47.0509   26.7424    0.8423   32.2349    0.2522    0.2978
   0   40.1604 -999.9900   45.9359   45.9359   28.3208    1.5598   30.9610    0.2143    0.2775
    
2023011100
   0   42.0176 -999.9900   48.9811   48.9811   25.4004   -0.5893   33.1210    0.3008    0.3297
   0   37.8097 -999.9900   46.6481   46.6481   28.5934    0.3634   31.3567    0.2514    0.2982
   0   41.8052 -999.9900   49.1659   49.1659   25.9107   -0.5144   33.2147    0.2958    0.3240
   0   38.0314 -999.9900   47.0627   47.0627   28.8074    0.1242   31.6407    0.2517    0.2945
    
2023011200
   0   39.2441 -999.9900   46.3534   46.3534   19.8366    0.5674   31.4400    0.3373    0.3372
   0   35.3215 -999.9900   44.4684   44.4684   24.8819    0.0200   30.0251    0.2897    0.2982
   0   38.9459 -999.9900   46.2004   46.2004   19.9533    0.7936   31.3090    0.3292    0.3329
   0   35.4579 -999.9900   44.5557   44.5557   24.5262    0.3100   30.0888    0.2878    0.2975
    
2023011300
   0   37.7875 -999.9900   47.0300   47.0300   22.5671    0.8306   31.6127    0.2958    0.3331
   0   33.4403 -999.9900   44.5011   44.5011   27.1856   -0.6528   29.5009    0.2527    0.2649
   0   37.7525 -999.9900   46.8950   46.8950   22.4149    0.7935   31.5934    0.2924    0.3332
   0   33.7698 -999.9900   44.7789   44.7789   26.8424   -0.3272   29.7766    0.2539    0.2709
    
2023011400
   0   33.7683 -999.9900   42.3363   42.3363   20.7577    1.1999   28.7134    0.2941    0.3229
   0   30.2799 -999.9900   40.8688   40.8688   23.6519    0.8123   27.2015    0.2531    0.2783
   0   33.5558 -999.9900   42.2101   42.2101   20.6110    1.1272   28.6228    0.2940    0.3245
   0   30.4479 -999.9900   40.9386   40.9386   23.4203    0.8598   27.3410    0.2563    0.2823
    
2023011500
   0   35.2056 -999.9900   46.6178   46.6178   22.7564    0.4424   30.8429    0.2701    0.3497
   0   31.5931 -999.9900   45.1988   45.1988   26.7848   -0.1901   29.6492    0.2337    0.2975
   0   34.8938 -999.9900   46.3955   46.3955   22.8545    0.3266   30.5925    0.2676    0.3476
   0   31.6766 -999.9900   45.2389   45.2389   26.4799   -0.1800   29.6686    0.2338    0.3006
    
2023011600
   0   36.0936 -999.9900   47.1382   47.1382   24.0910    2.5620   31.8156    0.2557    0.3537
   0   32.5367 -999.9900   45.5314   45.5314   28.3278    1.6985   30.3307    0.2046    0.2942
   0   35.8744 -999.9900   47.1630   47.1630   24.1600    2.7201   31.7450    0.2509    0.3512
   0   32.6584 -999.9900   45.7167   45.7167   27.9711    2.0063   30.4278    0.2063    0.2989
    
2023011700
   0   36.4484 -999.9900   41.6733   41.6733   19.7466    1.5793   28.0985    0.3027    0.3349
   0   32.8515 -999.9900   40.7550   40.7550   24.5112    0.8168   27.2790    0.2622    0.2862
   0   36.6303 -999.9900   41.6732   41.6732   19.7071    1.4660   28.1410    0.3029    0.3294
   0   33.1557 -999.9900   40.7190   40.7190   24.1728    0.9496   27.3156    0.2645    0.2874
    
2023011800
   0   39.0362 -999.9900   41.5873   41.5873   18.2225    1.7905   28.2236    0.3276    0.3299
   0   34.7194 -999.9900   40.4947   40.4947   22.2362    1.7088   26.9944    0.2849    0.2742
   0   39.1570 -999.9900   41.5666   41.5666   18.2408    1.8217   28.2251    0.3282    0.3297
   0   35.1273 -999.9900   40.5048   40.5048   22.0277    1.8262   27.0742    0.2849    0.2783
    
2023011900
   0   40.0877 -999.9900   44.7893   44.7893   18.5192    2.0227   29.7116    0.3579    0.3278
   0   36.5364 -999.9900   43.8733   43.8733   23.8715    1.8454   28.9369    0.3076    0.2699
   0   39.8855 -999.9900   44.7144   44.7144   18.6773    1.8200   29.6600    0.3573    0.3245
   0   36.6777 -999.9900   43.8817   43.8817   23.4944    1.8197   28.9805    0.3115    0.2728
    
2023012000
   0   42.4701 -999.9900   46.1413   46.1413   19.2138    0.8005   32.0582    0.3814    0.3137
   0   37.2819 -999.9900   43.9462   43.9462   25.0997    0.9208   30.0335    0.3219    0.2513
   0   42.3377 -999.9900   45.9510   45.9510   18.9733    0.4619   31.9111    0.3851    0.3083
   0   37.7077 -999.9900   44.1465   44.1465   24.2814    0.6175   30.2646    0.3314    0.2566
    
2023012100
   1 -999.9900 -999.9900 -999.9900 -999.9900 -999.9900 -999.9900 -999.9900 -999.9900 -999.9900
   1 -999.9900 -999.9900 -999.9900 -999.9900 -999.9900 -999.9900 -999.9900 -999.9900 -999.9900
   1 -999.9900 -999.9900 -999.9900 -999.9900 -999.9900 -999.9900 -999.9900 -999.9900 -999.9900
   1 -999.9900 -999.9900 -999.9900 -999.9900 -999.9900 -999.9900 -999.9900 -999.9900 -999.9900
    
2023012200
   0   42.0098 -999.9900   48.6196   48.6196   18.3395   -0.9866   32.2429    0.3716    0.3077
   0   42.0098 -999.9900   48.6196   48.6196   18.3395   -0.9866   32.2429    0.3716    0.3077
   0   41.5884 -999.9900   48.2796   48.2796   18.4780   -0.9817   32.0537    0.3705    0.3003
   0   37.3480 -999.9900   47.3273   47.3273   23.6457   -1.0322   30.7494    0.3104    0.2350
    
2023012300
   0   42.2514 -999.9900   44.6745   44.6745   18.3012    3.3016   29.0757    0.3125    0.3456
   0   39.2293 -999.9900   44.1175   44.1175   23.5699    2.7368   28.3925    0.2642    0.2791
   0   41.8951 -999.9900   44.4021   44.4021   18.4908    3.3440   28.8880    0.3097    0.3389
   0   39.1454 -999.9900   43.8955   43.8955   23.1346    2.9475   28.2930    0.2652    0.2797
    
2023012400
   0   36.0298 -999.9900   42.7452   42.7452   19.7571    0.4042   28.2711    0.2879    0.3571
   0   31.4007 -999.9900   40.7764   40.7764   25.2234    0.2967   26.8802    0.2489    0.2931
   0   35.5321 -999.9900   42.4366   42.4366   19.6764    0.3527   28.0383    0.2872    0.3475
   0   31.5104 -999.9900   40.8359   40.8359   24.6904    0.2842   26.8932    0.2502    0.2958
    
2023012500
   0   39.5965 -999.9900   46.5529   46.5529   21.8051    0.4525   32.2591    0.3215    0.3771
   0   33.4877 -999.9900   44.4190   44.4190   26.8748    1.4814   30.1747    0.2563    0.3408
   0   39.5606 -999.9900   46.2856   46.2856   21.4372    0.2648   32.0131    0.3201    0.3773
   0   33.9056 -999.9900   44.5231   44.5231   26.3854    1.1376   30.3232    0.2605    0.3425
    
2023012600
   0   41.2510 -999.9900   44.7113   44.7113   20.2522    1.7963   30.9142    0.3091    0.3820
   0   35.2808 -999.9900   42.9717   42.9717   24.3951    2.3025   29.2773    0.2597    0.3238
   0   41.2191 -999.9900   44.9529   44.9529   20.4885    1.9533   31.0735    0.3043    0.3811
   0   35.8184 -999.9900   43.2518   43.2518   24.4279    2.2984   29.5521    0.2579    0.3287
    
2023012700
   1 -999.9900 -999.9900 -999.9900 -999.9900 -999.9900 -999.9900 -999.9900 -999.9900 -999.9900
   1 -999.9900 -999.9900 -999.9900 -999.9900 -999.9900 -999.9900 -999.9900 -999.9900 -999.9900
   1 -999.9900 -999.9900 -999.9900 -999.9900 -999.9900 -999.9900 -999.9900 -999.9900 -999.9900
   1 -999.9900 -999.9900 -999.9900 -999.9900 -999.9900 -999.9900 -999.9900 -999.9900 -999.9900
    
2023012800
   0   42.3449 -999.9900   48.8828   48.8828   22.4725    2.5420   34.4496    0.3264    0.3493
   0   37.9940 -999.9900   46.5797   46.5797   25.0538    2.4037   32.0224    0.2821    0.3056
   0   42.0346 -999.9900   48.5569   48.5569   22.1612    1.9995   34.1106    0.3275    0.3420
   0   38.3197 -999.9900   46.6806   46.6806   24.8212    2.0992   32.1955    0.2889    0.3045
    
2023012900
   0   45.4888 -999.9900   49.4443   49.4443   21.2258   -1.5009   33.7091    0.3025    0.3723
   0   38.1696 -999.9900   47.7700   47.7700   25.2107   -0.9318   31.8993    0.2593    0.3303
   0   45.1661 -999.9900   49.4071   49.4071   21.5236   -1.4627   33.7700    0.2996    0.3706
   0   38.8585 -999.9900   47.9478   47.9478   25.1106   -1.0040   32.2214    0.2622    0.3340
    
2023013000
   0   35.8329 -999.9900   44.9040   44.9040   20.3664    3.1006   31.0569    0.2630    0.3669
   0   30.7346 -999.9900   42.5846   42.5846   24.1985    3.0654   28.7165    0.2088    0.3177
   0   35.9618 -999.9900   45.1089   45.1089   20.5709    3.0882   31.1848    0.2598    0.3685
   0   31.3570 -999.9900   43.0046   43.0046   24.1259    3.0619   29.1069    0.2135    0.3227
    
2023013100
   1 -999.9900 -999.9900 -999.9900 -999.9900 -999.9900 -999.9900 -999.9900 -999.9900 -999.9900
   1 -999.9900 -999.9900 -999.9900 -999.9900 -999.9900 -999.9900 -999.9900 -999.9900 -999.9900
   1 -999.9900 -999.9900 -999.9900 -999.9900 -999.9900 -999.9900 -999.9900 -999.9900 -999.9900
   1 -999.9900 -999.9900 -999.9900 -999.9900 -999.9900 -999.9900 -999.9900 -999.9900 -999.9900
    
2023020100
   1 -999.9900 -999.9900 -999.9900 -999.9900 -999.9900 -999.9900 -999.9900 -999.9900 -999.9900
   1 -999.9900 -999.9900 -999.9900 -999.9900 -999.9900 -999.9900 -999.9900 -999.9900 -999.9900
   0   37.1745 -999.9900   47.2121   47.2121   20.6383    1.4313   31.8065    0.2828    0.3588
   0   34.6224 -999.9900   46.5004   46.5004   24.1661    2.0167   30.9301    0.2338    0.3335
    
2023020200
   0   37.4272 -999.9900   47.6164   47.6164   21.0817    2.6481   31.5136    0.2957    0.3289
   0   32.7880 -999.9900   46.4613   46.4613   26.1278    1.7593   30.1588    0.2422    0.2630
   0   37.2198 -999.9900   47.4373   47.4373   21.6958    2.6371   31.4033    0.2892    0.3177
   0   33.1304 -999.9900   46.4270   46.4270   25.9826    1.9430   30.2287    0.2443    0.2619
    
2023020300
   0   36.9455 -999.9900   47.2490   47.2490   23.0839    5.1496   32.8530    0.3039    0.3644
   0   33.1664 -999.9900   45.7648   45.7648   27.9836    4.1355   31.2196    0.2486    0.3086
   0   36.8074 -999.9900   47.3801   47.3801   23.5546    5.0196   32.9096    0.3049    0.3527
   0   33.3329 -999.9900   45.8165   45.8165   27.8077    4.3035   31.3608    0.2508    0.3074
    
2023020400
   0   42.5350 -999.9900   49.2539   49.2539   23.8699    3.5080   33.3166    0.2564    0.3669
   0   38.2264 -999.9900   48.2521   48.2521   29.5021    4.0910   32.4506    0.2050    0.3079
   0   42.1569 -999.9900   49.1978   49.1978   23.9543    3.4677   33.1729    0.2519    0.3624
   0   38.1747 -999.9900   48.1996   48.1996   29.0268    3.9691   32.3143    0.2039    0.3111
    
2023020500
   0   41.2904 -999.9900   46.9682   46.9682   23.5213    0.9500   32.2229    0.3133    0.2975
   0   36.6746 -999.9900   45.6618   45.6618   28.9179    0.8261   30.8597    0.2536    0.2268
   0   41.2436 -999.9900   47.0681   47.0681   24.0889    1.1951   32.3725    0.3057    0.2981
   0   36.9205 -999.9900   45.7101   45.7101   28.8104    1.0796   30.9958    0.2531    0.2329
    
2023020600
   0   38.7093 -999.9900   40.4808   40.4808   16.3345    0.5520   27.2404    0.3645    0.3141
   0   35.8401 -999.9900   40.3254   40.3254   22.0985    0.5237   27.2009    0.3176    0.2625
   0   38.7994 -999.9900   40.6159   40.6159   16.2567    0.5739   27.3962    0.3623    0.3110
   0   35.8879 -999.9900   40.2519   40.2519   21.5761    0.5600   27.1633    0.3196    0.2647
    
2023020700
   0   43.1266 -999.9900   48.5586   48.5586   23.6396   -0.1676   33.8531    0.3337    0.3153
   0   38.7192 -999.9900   46.9705   46.9705   29.2679    0.6884   32.6960    0.2836    0.2634
   0   42.8429 -999.9900   48.4349   48.4349   23.6638   -0.1308   33.6605    0.3288    0.3109
   0   38.7427 -999.9900   47.1220   47.1220   28.7356    0.5030   32.6894    0.2834    0.2640
    
2023020800
   0   41.8052 -999.9900   52.7462   52.7462   27.2358    2.9690   36.6169    0.3032    0.3091
   0   38.9459 -999.9900   52.0213   52.0213   33.0088    3.0780   35.9382    0.2590    0.2610
   0   41.5716 -999.9900   52.6435   52.6435   27.5570    3.0761   36.5440    0.2961    0.3038
   0   38.8782 -999.9900   51.9148   51.9148   32.6522    3.1229   35.8727    0.2564    0.2619
    
2023020900
   1 -999.9900 -999.9900 -999.9900 -999.9900 -999.9900 -999.9900 -999.9900 -999.9900 -999.9900
   1 -999.9900 -999.9900 -999.9900 -999.9900 -999.9900 -999.9900 -999.9900 -999.9900 -999.9900
   1 -999.9900 -999.9900 -999.9900 -999.9900 -999.9900 -999.9900 -999.9900 -999.9900 -999.9900
   1 -999.9900 -999.9900 -999.9900 -999.9900 -999.9900 -999.9900 -999.9900 -999.9900 -999.9900
    
2023021000
   0   40.9497 -999.9900   46.7522   46.7522   18.6726    3.9750   30.9124    0.2756    0.3784
   0   36.6970 -999.9900   45.4816   45.4816   24.9199    3.3368   29.7133    0.2363    0.2803
   0   40.5855 -999.9900   46.5531   46.5531   18.8620    3.9792   30.7698    0.2726    0.3766
   0   36.6895 -999.9900   45.4329   45.4329   24.4215    3.4388   29.7167    0.2348    0.2897
    
2023021100
   1 -999.9900 -999.9900 -999.9900 -999.9900 -999.9900 -999.9900 -999.9900 -999.9900 -999.9900
   1 -999.9900 -999.9900 -999.9900 -999.9900 -999.9900 -999.9900 -999.9900 -999.9900 -999.9900
   1 -999.9900 -999.9900 -999.9900 -999.9900 -999.9900 -999.9900 -999.9900 -999.9900 -999.9900
   1 -999.9900 -999.9900 -999.9900 -999.9900 -999.9900 -999.9900 -999.9900 -999.9900 -999.9900
    
2023021200
   0   42.5914 -999.9900   43.0393   43.0393   21.8108    2.7069   29.4152    0.3412    0.3189
   0   37.5842 -999.9900   41.2571   41.2571   25.6222    2.7659   28.1265    0.2814    0.2741
   0   42.4323 -999.9900   42.6809   42.6809   21.0175    2.5116   29.1994    0.3430    0.3190
   0   37.7525 -999.9900   41.2431   41.2431   25.0062    2.7230   28.1160    0.2867    0.2742
    
2023021300
   0   40.6392 -999.9900   44.1711   44.1711   19.9302    2.6733   29.5180    0.3300    0.3482
   0   36.6044 -999.9900   42.9244   42.9244   24.2632    3.2906   28.1042    0.2691    0.2823
   0   40.6106 -999.9900   44.1370   44.1370   19.8746    2.7290   29.4794    0.3299    0.3499
   0   36.7080 -999.9900   42.9207   42.9207   23.9843    3.2680   28.1470    0.2700    0.2899
    
2023021400
   0   41.5382 -999.9900   43.3911   43.3911   14.0285    0.0305   28.9905    0.3514    0.3910
   0   37.9079 -999.9900   42.4459   42.4459   20.2578   -0.0622   27.8865    0.2953    0.3135
   0   41.4891 -999.9900   43.3642   43.3642   13.8548   -0.0546   28.9716    0.3497    0.3890
   0   38.0926 -999.9900   42.4706   42.4706   19.6051   -0.0874   27.9864    0.3001    0.3215
    
2023021500
   0   38.7590 -999.9900   42.4905   42.4905   15.7476    2.5483   28.3750    0.3298    0.4124
   0   34.4170 -999.9900   41.0154   41.0154   21.7814    2.9870   26.8325    0.2539    0.3371
   0   38.6440 -999.9900   42.4763   42.4763   15.4369    2.7146   28.3677    0.3261    0.4189
   0   34.6166 -999.9900   41.0730   41.0730   21.1087    2.9640   26.9727    0.2595    0.3501
    
2023021600
   0   32.4283 -999.9900   43.4655   43.4655   16.6175    2.5476   28.2959    0.2810    0.4024
   0   28.1238 -999.9900   41.9525   41.9525   23.3478    2.7766   26.6944    0.2088    0.3146
   0   32.4493 -999.9900   43.5422   43.5422   16.7169    2.4387   28.3426    0.2814    0.3983
   0   28.4167 -999.9900   42.1109   42.1109   22.6902    2.7019   26.8696    0.2140    0.3209
    
2023021700
   0   36.6255 -999.9900   44.1058   44.1058   19.6407    2.5138   29.8877    0.2863    0.3608
   0   31.9570 -999.9900   42.2974   42.2974   25.0379    2.9082   28.1666    0.2277    0.2926
   0   36.3880 -999.9900   43.9250   43.9250   19.4992    2.5954   29.7556    0.2857    0.3572
   0   32.2707 -999.9900   42.3866   42.3866   24.4375    2.8098   28.3094    0.2321    0.2984
    
2023021800
   0   34.6322 -999.9900   42.6578   42.6578   20.9374    1.5498   27.9085    0.2902    0.2887
   0   31.1504 -999.9900   40.7223   40.7223   26.1689    1.7559   26.4458    0.2421    0.2323
   0   34.5992 -999.9900   42.5766   42.5766   21.0189    1.5637   27.9753    0.2928    0.2879
   0   31.2861 -999.9900   40.8264   40.8264   25.7486    1.6978   26.6091    0.2452    0.2360
    
2023021900
   0   35.1238 -999.9900   44.5129   44.5129   21.3396    2.1217   30.1796    0.3392    0.3272
   0   31.9503 -999.9900   42.9785   42.9785   26.8113    2.1766   29.0807    0.2971    0.2733
   0   34.9760 -999.9900   44.3444   44.3444   21.3342    2.1168   30.1062    0.3349    0.3282
   0   31.9429 -999.9900   42.9825   42.9825   26.3692    2.1697   29.1189    0.2954    0.2777
    
2023022000
   0   45.0690 -999.9900   49.9406   49.9406   22.3175    3.6569   35.1092    0.3366    0.3519
   0   41.3903 -999.9900   48.6715   48.6715   28.3118    3.6193   33.5521    0.2799    0.2691
   0   44.8100 -999.9900   49.6783   49.6783   22.3673    3.5513   34.9511    0.3325    0.3484
   0   41.3980 -999.9900   48.6300   48.6300   27.8087    3.7212   33.6605    0.2840    0.2734
    
2023022100
   0   41.0613 -999.9900   46.2151   46.2151   17.6870    0.7007   31.0961    0.3512    0.3913
   0   36.7809 -999.9900   45.7376   45.7376   22.8113    0.1822   30.1025    0.2926    0.3163
   0   41.0742 -999.9900   46.2741   46.2741   18.0710    0.6320   31.1472    0.3514    0.3856
   0   37.1408 -999.9900   45.7695   45.7695   22.4819    0.1886   30.2560    0.2992    0.3231
    
2023022200
   0   42.5183 -999.9900   40.6484   40.6484   16.0112    0.8124   28.0638    0.3532    0.3752
   0   36.6598 -999.9900   38.8539   38.8539   20.4726   -0.0199   25.9764    0.2870    0.2837
   0   42.1165 -999.9900   40.3916   40.3916   16.2054    1.0052   27.7693    0.3451    0.3663
   0   36.9934 -999.9900   38.8969   38.8969   20.1414    0.2692   26.1234    0.2902    0.2895
    
2023022300
   0   39.1618 -999.9900   39.0219   39.0219   16.9783    1.7495   26.3385    0.3019    0.3854
   0   33.8081 -999.9900   37.6518   37.6518   22.0040    1.4096   24.6042    0.2353    0.3133
   0   38.9403 -999.9900   38.9199   38.9199   17.1283    2.0248   26.2050    0.2960    0.3822
   0   34.1150 -999.9900   37.6856   37.6856   21.6918    1.5939   24.7676    0.2402    0.3191
    
2023022400
   0   35.9010 -999.9900   44.7466   44.7466   20.7495    1.8726   30.9842    0.3277    0.3442
   0   30.3772 -999.9900   42.0516   42.0516   26.0962    1.5372   28.6740    0.2653    0.2803
   0   35.7350 -999.9900   44.7945   44.7945   20.5768    2.1159   30.9928    0.3259    0.3417
   0   30.6643 -999.9900   42.4730   42.4730   25.6321    1.7023   29.0664    0.2704    0.2839
    
2023022500
   0   34.2998 -999.9900   46.2525   46.2525   18.1286   -1.7219   30.7218    0.3328    0.3379
   0   32.2050 -999.9900   46.5848   46.5848   23.0885   -1.8396   30.7336    0.2841    0.2968
   0   34.4168 -999.9900   46.2671   46.2671   18.1497   -1.6915   30.7727    0.3317    0.3379
   0   32.3542 -999.9900   46.4357   46.4357   22.6161   -1.8150   30.6716    0.2872    0.2994
    
2023022600
   0   31.8210 -999.9900   47.2971   47.2971   22.2732   -0.7987   30.1917    0.2843    0.3289
   0   30.0387 -999.9900   47.1603   47.1603   27.5943   -2.1877   30.1292    0.2481    0.2616
   0   31.5913 -999.9900   47.0364   47.0364   22.2542   -1.1954   29.9863    0.2908    0.3220
   0   29.8820 -999.9900   46.8345   46.8345   27.0098   -2.1523   29.8879    0.2515    0.2664
    
2023022700
   0   35.9451 -999.9900   48.4823   48.4823   21.4062    1.7675   31.8235    0.2897    0.3863
   0   31.9841 -999.9900   46.5397   46.5397   27.1012    1.5409   30.4432    0.2373    0.3143
   0   35.8827 -999.9900   48.4491   48.4491   21.1667    1.7304   31.8629    0.2898    0.3867
   0   32.2660 -999.9900   46.9011   46.9011   26.4554    1.5389   30.6995    0.2415    0.3238
    
2023022800
   0   41.8011 -999.9900   47.7154   47.7154   18.6410    1.7239   31.5264    0.3156    0.3517
   0   36.6080 -999.9900   46.2615   46.2615   25.9325    1.6389   30.1914    0.2485    0.2852
   0   41.3888 -999.9900   47.4155   47.4155   18.9457    1.7235   31.3104    0.3139    0.3429
   0   36.8412 -999.9900   46.2256   46.2256   25.2769    1.7249   30.1842    0.2519    0.2876
    
2023030100
   0   35.1666 -999.9900   43.5993   43.5993   17.4634   -0.3190   28.8541    0.3474    0.3421
   0   31.3148 -999.9900   42.8251   42.8251   23.8733   -1.0334   27.7663    0.2748    0.2566
   0   34.9620 -999.9900   43.4365   43.4365   17.7218   -0.2259   28.6915    0.3409    0.3353
   0   31.4124 -999.9900   42.6206   42.6206   23.4639   -0.8273   27.6705    0.2765    0.2621
    
2023030200
   0   32.0110 -999.9900   40.0952   40.0952   16.2771   -0.5440   26.1608    0.3788    0.3070
   0   29.3075 -999.9900   39.5255   39.5255   21.0061   -0.7880   25.8932    0.3288    0.2633
   0   31.9860 -999.9900   40.0561   40.0561   16.0760   -0.5376   26.1392    0.3764    0.3112
   0   29.4416 -999.9900   39.5104   39.5104   20.4008   -0.7374   25.8594    0.3305    0.2691
    
2023030300
   1 -999.9900 -999.9900 -999.9900 -999.9900 -999.9900 -999.9900 -999.9900 -999.9900 -999.9900
   1 -999.9900 -999.9900 -999.9900 -999.9900 -999.9900 -999.9900 -999.9900 -999.9900 -999.9900
   1 -999.9900 -999.9900 -999.9900 -999.9900 -999.9900 -999.9900 -999.9900 -999.9900 -999.9900
   1 -999.9900 -999.9900 -999.9900 -999.9900 -999.9900 -999.9900 -999.9900 -999.9900 -999.9900
    
2023030400
   0   36.7772 -999.9900   41.7759   41.7759   16.3086    1.1552   26.9546    0.2977    0.3632
   0   32.8519 -999.9900   40.7446   40.7446   22.4822    1.4455   26.3434    0.2514    0.2881
   0   36.7050 -999.9900   41.7883   41.7883   16.5703    1.2549   26.9916    0.2911    0.3578
   0   33.0311 -999.9900   40.7686   40.7686   21.9286    1.4611   26.3609    0.2501    0.2926
    
2023030500
   0   47.2360 -999.9900   42.4086   42.4086   14.3777   -1.6146   27.9719    0.3332    0.4043
   0   40.4664 -999.9900   41.1848   41.1848   20.9528   -1.5200   26.5033    0.2588    0.3051
   0   47.2011 -999.9900   42.4677   42.4677   14.3689   -1.7066   27.9399    0.3351    0.4012
   0   40.9904 -999.9900   41.2519   41.2519   20.4393   -1.6481   26.6347    0.2658    0.3148
    
2023030600
   0   48.4835 -999.9900   49.1349   49.1349   21.9213    0.0157   32.3159    0.3333    0.3402
   0   41.1261 -999.9900   48.2718   48.2718   29.2294    0.9763   31.1121    0.2551    0.2649
   0   48.1533 -999.9900   48.8690   48.8690   21.9989    0.0644   32.1485    0.3291    0.3396
   0   41.5985 -999.9900   48.0129   48.0129   28.5937    0.8341   31.0383    0.2579    0.2680
    
2023030700
   0   42.8750 -999.9900   46.9932   46.9932   19.5021    0.8432   31.1506    0.3313    0.3480
   0   38.5337 -999.9900   46.1404   46.1404   26.4298    1.4023   30.0801    0.2472    0.2772
   0   42.5900 -999.9900   46.8363   46.8363   19.5259    0.9001   30.9250    0.3273    0.3469
   0   38.6310 -999.9900   45.9854   45.9854   25.7972    1.3362   29.9881    0.2519    0.2809
    
2023030800
   0   41.2939 -999.9900   46.6162   46.6162   20.7456    1.2119   31.3903    0.3438    0.3229
   0   37.6847 -999.9900   45.3073   45.3073   26.7774    0.9081   30.2085    0.2807    0.2578
   0   40.9268 -999.9900   46.5327   46.5327   20.9670    1.3828   31.3405    0.3375    0.3193
   0   37.5985 -999.9900   45.3758   45.3758   26.2744    1.1754   30.2557    0.2845    0.2599
    
2023030900
   0   36.5412 -999.9900   45.3692   45.3692   19.4514    1.0065   30.0913    0.3496    0.3120
   0   33.5368 -999.9900   44.1815   44.1815   25.6407    0.2991   29.2565    0.2958    0.2536
   0   36.4544 -999.9900   45.3501   45.3501   20.4363    1.1152   30.0758    0.3414    0.3026
   0   33.6738 -999.9900   44.2794   44.2794   25.4865    0.5113   29.2794    0.2956    0.2529
    
2023031000
   0   36.9021 -999.9900   41.5552   41.5552   16.4134   -0.7704   26.6530    0.3102    0.3341
   0   32.6222 -999.9900   39.8223   39.8223   22.4706   -0.8797   25.4269    0.2424    0.2690
   0   36.9641 -999.9900   41.4851   41.4851   16.2191   -0.6464   26.6073    0.3073    0.3335
   0   32.9374 -999.9900   40.0144   40.0144   21.8224   -0.8138   25.5404    0.2456    0.2758
    
2023031100
   0   45.3404 -999.9900   44.0209   44.0209   16.6040   -1.5024   29.4693    0.3448    0.3610
   0   40.1157 -999.9900   42.6986   42.6986   23.3601   -1.2568   28.0774    0.2750    0.2899
   0   45.5499 -999.9900   44.0974   44.0974   16.2655   -1.4416   29.5612    0.3424    0.3659
   0   40.3253 -999.9900   42.8541   42.8541   22.6535   -1.2337   28.2580    0.2775    0.2988
    
2023031200
   0   42.6019 -999.9900   46.6414   46.6414   16.4572   -0.1927   31.4545    0.3353    0.3599
   0   36.9060 -999.9900   44.7579   44.7579   25.4079   -0.2360   29.8864    0.2635    0.2745
   0   42.7307 -999.9900   46.8135   46.8135   16.8260   -0.0627   31.6151    0.3337    0.3575
   0   37.3246 -999.9900   45.3334   45.3334   24.9033   -0.2450   30.2473    0.2690    0.2816
    
2023031300
   0   34.6355 -999.9900   43.7809   43.7809   16.2506   -0.0248   29.0746    0.3390    0.3671
   0   29.7771 -999.9900   41.7359   41.7359   23.8514   -0.0790   27.2733    0.2569    0.2604
   0   34.5744 -999.9900   43.7321   43.7321   16.1404   -0.0016   29.0093    0.3348    0.3624
   0   30.1046 -999.9900   42.0048   42.0048   23.0533    0.0079   27.4582    0.2623    0.2693
    
2023031400
   0   42.0981 -999.9900   45.7542   45.7542   15.9809    0.1435   30.6112    0.3551    0.3826
   0   36.5923 -999.9900   44.2123   44.2123   23.0004   -0.1359   29.2798    0.2938    0.3038
   0   41.9645 -999.9900   45.6941   45.6941   16.0768    0.2200   30.5698    0.3546    0.3806
   0   36.8809 -999.9900   44.3465   44.3465   22.3101   -0.0337   29.3804    0.2976    0.3113
    
2023031500
   0   46.6014 -999.9900   43.1386   43.1386   15.4190   -0.5035   28.0837    0.3870    0.3728
   0   40.4631 -999.9900   41.9009   41.9009   23.4938   -0.0967   27.1818    0.3148    0.3039
   0   46.1221 -999.9900   43.0184   43.0184   15.2824   -0.4730   27.9252    0.3847    0.3698
   0   40.6315 -999.9900   41.8484   41.8484   22.6953   -0.1035   27.0914    0.3157    0.3111
    
2023031600
   0   45.9293 -999.9900   43.1521   43.1521   17.6359    0.2940   29.0509    0.3563    0.3659
   0   40.2380 -999.9900   41.9834   41.9834   25.3156   -1.0751   28.2836    0.2844    0.2883
   0   46.4079 -999.9900   43.2948   43.2948   17.4511    0.0811   29.1616    0.3578    0.3672
   0   40.8784 -999.9900   42.2107   42.2107   24.4261   -0.9121   28.4229    0.2916    0.2973
    
2023031700
   0   42.1314 -999.9900   45.8263   45.8263   21.3245   -0.0828   30.8083    0.3694    0.3381
   0   38.7729 -999.9900   45.2651   45.2651   26.7815    0.5280   30.1849    0.3034    0.2818
   0   41.8189 -999.9900   45.7440   45.7440   21.0588   -0.2435   30.7663    0.3722    0.3381
   0   38.7301 -999.9900   45.1839   45.1839   26.1956    0.3081   30.1452    0.3098    0.2861
    
2023031800
   0   36.2280 -999.9900   44.0876   44.0876   21.2779   -1.6807   28.7808    0.3152    0.3481
   0   30.9223 -999.9900   40.5119   40.5119   28.4056   -0.7427   26.2836    0.2294    0.2643
   0   36.1591 -999.9900   43.6415   43.6415   21.0388   -1.3919   28.5315    0.3098    0.3488
   0   31.2980 -999.9900   40.7359   40.7359   27.4742   -0.7997   26.4739    0.2337    0.2722
    
2023031900
   0   31.3421 -999.9900   40.3411   40.3411   19.1101    1.2712   27.7088    0.2704    0.4089
   0   27.6720 -999.9900   38.7516   38.7516   23.4655    1.6695   26.3347    0.2218    0.3628
   0   31.0387 -999.9900   40.2422   40.2422   19.2951    1.1778   27.5710    0.2640    0.4066
   0   27.8279 -999.9900   38.7556   38.7556   23.2607    1.5729   26.3845    0.2210    0.3653
    
2023032000
   0   33.6864 -999.9900   48.8466   48.8466   25.4046    1.4227   32.5186    0.2805    0.3829
   0   30.8218 -999.9900   47.2375   47.2375   31.5375    0.6811   31.1860    0.2262    0.3238
   0   33.8436 -999.9900   49.1962   49.1962   25.6679    1.6907   32.8101    0.2800    0.3811
   0   31.0755 -999.9900   47.7254   47.7254   31.2308    0.8969   31.5682    0.2298    0.3271
    
2023032100
   0   28.7683 -999.9900   38.4463   38.4463   18.9821   -1.2456   25.3359    0.3041    0.3461
   0   26.0319 -999.9900   37.6790   37.6790   23.4074   -1.2743   24.6120    0.2573    0.2744
   0   28.4352 -999.9900   38.5251   38.5251   19.6015   -1.3096   25.3643    0.3002    0.3404
   0   26.0121 -999.9900   37.6449   37.6449   23.3378   -1.3334   24.6409    0.2592    0.2777
    
2023032200
   0   32.9643 -999.9900   41.9192   41.9192   16.0244   -1.3780   27.8965    0.3478    0.3352
   0   28.8734 -999.9900   40.5254   40.5254   22.0641   -1.0345   26.6653    0.2788    0.2896
   0   32.7856 -999.9900   41.8177   41.8177   16.0238   -1.3889   27.8110    0.3460    0.3355
   0   29.1427 -999.9900   40.5797   40.5797   21.5957   -1.1824   26.7399    0.2860    0.2924
    
2023032300
   0   32.0040 -999.9900   40.0349   40.0349   17.1068    1.0906   26.9994    0.3648    0.3143
   0   27.4259 -999.9900   38.4695   38.4695   23.7014    0.2534   25.8289    0.2986    0.2401
   0   31.8526 -999.9900   39.8338   39.8338   17.0701    1.1266   26.8127    0.3596    0.3126
   0   27.7123 -999.9900   38.5083   38.5083   23.0037    0.4557   25.8594    0.3023    0.2465
    
2023032400
   0   36.4801 -999.9900   43.3816   43.3816   19.5054   -0.1175   28.5812    0.3349    0.3271
   0   32.5752 -999.9900   42.0446   42.0446   26.1887    0.1044   27.4354    0.2635    0.2598
   0   35.8907 -999.9900   43.0527   43.0527   19.8653    0.0358   28.3130    0.3283    0.3223
   0   32.5486 -999.9900   42.0026   42.0026   25.5903    0.1261   27.3973    0.2667    0.2631
    
2023032500
   0   31.0049 -999.9900   42.8650   42.8650   18.5832   -2.5739   28.3832    0.3457    0.3233
   0   26.5073 -999.9900   41.3447   41.3447   24.9398   -3.5038   26.8592    0.2871    0.2298
   0   30.8927 -999.9900   42.8365   42.8365   18.6431   -2.4685   28.4145    0.3459    0.3135
   0   26.7855 -999.9900   41.3663   41.3663   24.4638   -3.2711   26.9885    0.2916    0.2342
    
2023032600
   0   30.6100 -999.9900   37.0280   37.0280   15.8092   -0.7143   24.8995    0.3120    0.3824
   0   25.8212 -999.9900   35.5464   35.5464   21.3848   -1.3784   23.3361    0.2508    0.3038
   0   30.5726 -999.9900   37.0521   37.0521   15.7479   -1.0712   24.8859    0.3178    0.3757
   0   26.1655 -999.9900   35.6035   35.6035   20.9261   -1.4469   23.5007    0.2579    0.3101
    
2023032700
   0   39.0923 -999.9900   42.3878   42.3878   16.1683   -0.5115   28.6126    0.2984    0.3948
   0   33.3534 -999.9900   40.9165   40.9165   22.8556   -0.6108   26.8914    0.2271    0.3260
   0   39.0649 -999.9900   42.3313   42.3313   16.0178   -0.6465   28.6163    0.2976    0.3993
   0   33.7965 -999.9900   40.9608   40.9608   22.1502   -0.6466   27.1132    0.2327    0.3374
    
2023032800
   0   31.1267 -999.9900   38.0578   38.0578   13.3654   -1.7262   25.2796    0.3253    0.3671
   0   27.0297 -999.9900   37.3039   37.3039   20.3618   -2.3719   24.2930    0.2687    0.2892
   0   31.1963 -999.9900   38.2090   38.2090   13.3200   -1.9127   25.4109    0.3262    0.3675
   0   27.3631 -999.9900   37.3334   37.3334   19.6778   -2.3628   24.4413    0.2733    0.2980
    
2023032900
   0   34.5518 -999.9900   40.2199   40.2199   14.0971   -2.1034   26.4939    0.3485    0.3847
   0   30.8367 -999.9900   38.5314   38.5314   20.4307   -2.3406   24.9096    0.2639    0.3122
   0   34.6604 -999.9900   40.2310   40.2310   14.1413   -2.0895   26.5225    0.3422    0.3862
   0   31.1696 -999.9900   38.7077   38.7077   19.7849   -2.3150   25.1354    0.2684    0.3206
    
2023033000
   0   34.2642 -999.9900   43.0826   43.0826   14.4997   -0.1944   28.5801    0.3555    0.3942
   0   30.7229 -999.9900   42.3553   42.3553   20.6711   -0.2815   27.6001    0.2811    0.3261
   0   34.3553 -999.9900   43.1132   43.1132   14.5536    0.0745   28.6066    0.3477    0.3973
   0   30.9649 -999.9900   42.3741   42.3741   20.1256   -0.0984   27.7090    0.2849    0.3345
    
2023033100
   0   31.9962 -999.9900   41.0517   41.0517   15.3992   -0.6221   27.3701    0.3628    0.3581
   0   28.3279 -999.9900   40.3470   40.3470   23.1152   -0.4051   26.8299    0.2922    0.2856
   0   31.7425 -999.9900   41.0044   41.0044   15.0639   -0.9612   27.2758    0.3642    0.3569
   0   28.3697 -999.9900   40.2426   40.2426   22.1141   -0.6188   26.7431    0.2993    0.2929
    
2023040100
    
