2023010700
   0    1.6538 -999.9900    2.6908    2.6908    0.5373   -0.1995    1.8639    0.4108    0.3315
   0    1.1277 -999.9900    2.1512    2.1512    1.5103   -0.3247    1.4927    0.2322    0.1478
   0    1.3497 -999.9900    2.2287    2.2287    0.5330   -0.2247    1.5521    0.3788    0.3194
   0    0.9619 -999.9900    1.8353    1.8353    1.6370   -0.2402    1.2759    0.1649    0.1457
    
2023010800
   0    1.4912 -999.9900    2.4692    2.4692    0.6000   -0.3207    1.7098    0.3973    0.3029
   0    1.0620 -999.9900    2.0093    2.0093    1.4461   -0.5350    1.4133    0.2569    0.1208
   0    1.2452 -999.9900    2.1046    2.1046    0.6009   -0.3692    1.4554    0.3750    0.2751
   0    0.9726 -999.9900    1.8338    1.8338    1.5834   -0.5171    1.2957    0.2067    0.1127
    
2023010900
   0    1.5706 -999.9900    2.5365    2.5365    0.5745   -0.4936    1.7925    0.4153    0.3248
   0    1.0369 -999.9900    1.9177    1.9177    1.5360   -0.5349    1.4051    0.2343    0.1420
   0    1.3247 -999.9900    2.1761    2.1761    0.5687   -0.4937    1.5397    0.3972    0.3011
   0    0.9525 -999.9900    1.7321    1.7321    1.7439   -0.5248    1.2836    0.1911    0.1329
    
2023011000
   0    1.4242 -999.9900    2.3455    2.3455    0.6562   -0.0687    1.6563    0.3130    0.3655
   0    0.9354 -999.9900    1.7766    1.7766    1.5130   -0.1413    1.2705    0.1532    0.1649
   0    1.4219 -999.9900    2.3468    2.3468    0.6476   -0.0672    1.6501    0.3078    0.3654
   0    0.7403 -999.9900    1.3968    1.3968    1.4619   -0.1026    1.0183    0.1162    0.1323
    
2023011100
   0    1.6223 -999.9900    2.6897    2.6897    0.5894   -0.1159    1.8474    0.3246    0.4014
   0    0.9422 -999.9900    1.7968    1.7968    1.6707   -0.0999    1.2797    0.1404    0.1891
   0    1.3011 -999.9900    2.1900    2.1900    0.5933   -0.1400    1.5199    0.2994    0.3838
   0    0.7735 -999.9900    1.4954    1.4954    1.5235   -0.1393    1.0728    0.1193    0.1536
    
2023011200
   0    1.8896 -999.9900    3.0386    3.0386    0.5095   -0.8118    2.0943    0.4531    0.3289
   0    1.0366 -999.9900    1.9457    1.9457    1.8837   -0.4185    1.4152    0.1954    0.1723
   0    1.8895 -999.9900    3.0460    3.0460    0.5175   -0.8232    2.0987    0.4543    0.3267
   0    0.8922 -999.9900    1.6758    1.6758    1.7093   -0.3415    1.2158    0.1505    0.1700
    
2023011300
   0    1.8167 -999.9900    2.9291    2.9291    0.5442   -0.4666    2.0298    0.4218    0.3667
   0    1.2448 -999.9900    2.3429    2.3429    1.5564   -0.3017    1.6592    0.2378    0.1896
   0    1.5081 -999.9900    2.4474    2.4474    0.5455   -0.4016    1.7184    0.4051    0.3515
   0    0.9731 -999.9900    1.8320    1.8320    1.5114   -0.3219    1.3305    0.2039    0.1571
    
2023011400
   0    1.5483 -999.9900    2.4062    2.4062    0.6233    0.1502    1.7664    0.3571    0.3791
   0    1.1349 -999.9900    2.0363    2.0363    1.3774   -0.0529    1.4957    0.2308    0.1949
   0    1.2779 -999.9900    2.0195    2.0195    0.6355    0.0412    1.4965    0.3496    0.3564
   0    0.9162 -999.9900    1.6564    1.6564    1.3972   -0.1671    1.2203    0.2132    0.1420
    
2023011500
   0    1.5104 -999.9900    2.4260    2.4260    0.7615   -0.0365    1.7401    0.3326    0.3425
   0    0.9756 -999.9900    1.7984    1.7984    1.5966   -0.0847    1.3166    0.1686    0.1628
   0    1.4959 -999.9900    2.4131    2.4131    0.7327   -0.0379    1.7264    0.3382    0.3383
   0    0.9975 -999.9900    1.8588    1.8588    1.5390   -0.0758    1.3473    0.1804    0.1693
    
2023011600
   0    1.3763 -999.9900    2.3609    2.3609    0.6643   -0.2876    1.6015    0.3376    0.3148
   0    0.9587 -999.9900    1.8112    1.8112    1.5921   -0.1008    1.2927    0.1464    0.1764
   0    1.3720 -999.9900    2.3684    2.3684    0.6724   -0.2804    1.6029    0.3314    0.3074
   0    0.9654 -999.9900    1.8512    1.8512    1.5626   -0.1138    1.3034    0.1503    0.1764
    
2023011700
   0    1.3440 -999.9900    2.1977    2.1977    0.5761   -0.4655    1.5622    0.3925    0.3013
   0    0.8876 -999.9900    1.6493    1.6493    1.5463   -0.1568    1.2091    0.1521    0.1775
   0    1.3451 -999.9900    2.2019    2.2019    0.5731   -0.4587    1.5629    0.3892    0.3028
   0    0.8970 -999.9900    1.6778    1.6778    1.5033   -0.1992    1.2262    0.1612    0.1834
    
2023011800
   0    1.5640 -999.9900    2.6250    2.6250    0.5344   -0.9763    1.7649    0.4945    0.2338
   0    0.9406 -999.9900    1.8293    1.8293    1.7290   -0.4704    1.2790    0.1944    0.1217
   0    1.5621 -999.9900    2.6176    2.6176    0.5296   -0.9722    1.7621    0.4939    0.2336
   0    0.9655 -999.9900    1.9003    1.9003    1.6752   -0.5633    1.3168    0.2138    0.1238
    
2023011900
   0    1.6774 -999.9900    2.8503    2.8503    0.5417   -0.8126    1.8833    0.4430    0.2884
   0    0.9893 -999.9900    1.9485    1.9485    1.8676   -0.2435    1.3280    0.1567    0.1572
   0    1.6778 -999.9900    2.8519    2.8519    0.5343   -0.8279    1.8836    0.4416    0.2854
   0    1.0182 -999.9900    2.0360    2.0360    1.7939   -0.3870    1.3822    0.1811    0.1569
    
2023012000
   1 -999.9900 -999.9900 -999.9900 -999.9900 -999.9900 -999.9900 -999.9900 -999.9900 -999.9900
   1 -999.9900 -999.9900 -999.9900 -999.9900 -999.9900 -999.9900 -999.9900 -999.9900 -999.9900
   1 -999.9900 -999.9900 -999.9900 -999.9900 -999.9900 -999.9900 -999.9900 -999.9900 -999.9900
   1 -999.9900 -999.9900 -999.9900 -999.9900 -999.9900 -999.9900 -999.9900 -999.9900 -999.9900
    
2023012100
   0    1.6443 -999.9900    2.6454    2.6454    0.5328   -0.6141    1.8457    0.4487    0.3174
   0    1.6443 -999.9900    2.6454    2.6454    0.5328   -0.6141    1.8457    0.4487    0.3174
   0    1.6374 -999.9900    2.6415    2.6415    0.5284   -0.6103    1.8378    0.4423    0.3175
   0    1.1480 -999.9900    2.1503    2.1503    1.5454   -0.5323    1.5405    0.2433    0.1622
    
2023012200
   0    1.6309 -999.9900    2.6328    2.6328    0.5153   -0.4128    1.8290    0.3971    0.3476
   0    1.0343 -999.9900    1.9337    1.9337    1.6016   -0.3280    1.3868    0.2097    0.1742
   0    1.6318 -999.9900    2.6364    2.6364    0.5169   -0.4157    1.8308    0.3960    0.3491
   0    1.0706 -999.9900    2.0169    2.0169    1.5443   -0.3567    1.4386    0.2229    0.1808
    
2023012300
   0    1.7667 -999.9900    2.9011    2.9011    0.5451   -0.8591    1.9751    0.4758    0.2963
   0    1.1445 -999.9900    2.1772    2.1772    1.6033   -0.4911    1.5275    0.2210    0.1772
   0    1.7624 -999.9900    2.9053    2.9053    0.5489   -0.8642    1.9729    0.4717    0.2874
   0    1.1866 -999.9900    2.2759    2.2759    1.5604   -0.5613    1.5836    0.2414    0.1754
    
2023012400
   0    1.6642 -999.9900    2.7520    2.7520    0.6096   -0.8845    1.8783    0.4298    0.2777
   0    1.0526 -999.9900    2.0126    2.0126    1.7077   -0.5762    1.4259    0.2023    0.1315
   0    1.6693 -999.9900    2.7506    2.7506    0.6063   -0.8958    1.8861    0.4360    0.2785
   0    1.0852 -999.9900    2.0908    2.0908    1.6566   -0.6403    1.4722    0.2218    0.1344
    
2023012500
   0    1.5495 -999.9900    2.4799    2.4799    0.5463   -0.7232    1.7606    0.4625    0.2971
   0    0.9930 -999.9900    1.8145    1.8145    1.6615   -0.4642    1.3422    0.2215    0.1499
   0    1.5566 -999.9900    2.4877    2.4877    0.5425   -0.7422    1.7675    0.4683    0.2957
   0    1.0190 -999.9900    1.8862    1.8862    1.5935   -0.5335    1.3711    0.2431    0.1509
    
2023012600
   1 -999.9900 -999.9900 -999.9900 -999.9900 -999.9900 -999.9900 -999.9900 -999.9900 -999.9900
   1 -999.9900 -999.9900 -999.9900 -999.9900 -999.9900 -999.9900 -999.9900 -999.9900 -999.9900
   1 -999.9900 -999.9900 -999.9900 -999.9900 -999.9900 -999.9900 -999.9900 -999.9900 -999.9900
   1 -999.9900 -999.9900 -999.9900 -999.9900 -999.9900 -999.9900 -999.9900 -999.9900 -999.9900
    
2023012700
   0    1.4949 -999.9900    2.4513    2.4513    0.5600   -0.2746    1.7079    0.3963    0.3315
   0    0.9672 -999.9900    1.8544    1.8544    1.5803   -0.3147    1.2950    0.1915    0.1367
   0    1.2840 -999.9900    2.1585    2.1585    0.5543   -0.3520    1.4891    0.3848    0.3023
   0    0.8574 -999.9900    1.6708    1.6708    1.4923   -0.4143    1.1407    0.1882    0.1031
    
2023012800
   0    1.5884 -999.9900    2.6016    2.6016    0.6778   -0.5340    1.8254    0.4125    0.2777
   0    1.1075 -999.9900    2.0558    2.0558    1.6562   -0.4601    1.4824    0.2111    0.1592
   0    1.5866 -999.9900    2.6005    2.6005    0.6544   -0.5353    1.8191    0.4112    0.2758
   0    1.1285 -999.9900    2.1029    2.1029    1.6059   -0.4799    1.5066    0.2276    0.1615
    
2023012900
   0    1.4113 -999.9900    2.3454    2.3454    0.6545   -0.2971    1.6216    0.3277    0.3663
   0    0.9274 -999.9900    1.6970    1.6970    1.7152   -0.0413    1.2463    0.1226    0.2293
   0    1.4083 -999.9900    2.3420    2.3420    0.6276   -0.2825    1.6149    0.3246    0.3703
   0    0.9462 -999.9900    1.7502    1.7502    1.6711   -0.0570    1.2740    0.1306    0.2372
    
2023013000
   1 -999.9900 -999.9900 -999.9900 -999.9900 -999.9900 -999.9900 -999.9900 -999.9900 -999.9900
   1 -999.9900 -999.9900 -999.9900 -999.9900 -999.9900 -999.9900 -999.9900 -999.9900 -999.9900
   1 -999.9900 -999.9900 -999.9900 -999.9900 -999.9900 -999.9900 -999.9900 -999.9900 -999.9900
   1 -999.9900 -999.9900 -999.9900 -999.9900 -999.9900 -999.9900 -999.9900 -999.9900 -999.9900
    
2023013100
   1 -999.9900 -999.9900 -999.9900 -999.9900 -999.9900 -999.9900 -999.9900 -999.9900 -999.9900
   1 -999.9900 -999.9900 -999.9900 -999.9900 -999.9900 -999.9900 -999.9900 -999.9900 -999.9900
   1 -999.9900 -999.9900 -999.9900 -999.9900 -999.9900 -999.9900 -999.9900 -999.9900 -999.9900
   0    0.9352 -999.9900    1.7886    1.7886    1.4773   -0.3362    1.2578    0.1973    0.1472
    
2023020100
   0    1.2073 -999.9900    1.9515    1.9515    0.5923   -0.0809    1.4139    0.3287    0.3511
   0    0.9324 -999.9900    1.7630    1.7630    1.5430   -0.2494    1.2560    0.1764    0.1634
   0    1.2068 -999.9900    1.9508    1.9508    0.5935   -0.0919    1.4145    0.3294    0.3470
   0    0.9201 -999.9900    1.7247    1.7247    1.5032   -0.2022    1.2280    0.1777    0.1686
    
2023020200
   0    1.3285 -999.9900    2.1878    2.1878    0.5826   -0.0554    1.5233    0.3095    0.3516
   0    1.0184 -999.9900    1.9359    1.9359    1.4388   -0.3424    1.3403    0.2019    0.1559
   0    1.3286 -999.9900    2.1887    2.1887    0.5761   -0.0592    1.5224    0.3096    0.3524
   0    1.0138 -999.9900    1.9206    1.9206    1.3820   -0.2774    1.3264    0.2018    0.1675
    
2023020300
   0    1.7053 -999.9900    2.7956    2.7956    0.7524   -0.6005    1.9651    0.4241    0.3072
   0    1.2382 -999.9900    2.3366    2.3366    1.6872   -0.7717    1.6456    0.2595    0.1234
   0    1.7130 -999.9900    2.8335    2.8335    0.7710   -0.5897    1.9802    0.4192    0.3131
   0    1.2580 -999.9900    2.3898    2.3898    1.6442   -0.7156    1.6604    0.2645    0.1330
    
2023020400
   0    1.5221 -999.9900    2.4800    2.4800    0.8059   -0.0292    1.7751    0.2998    0.3741
   0    1.0715 -999.9900    2.0261    2.0261    1.6786   -0.1908    1.4368    0.1431    0.1698
   0    1.5318 -999.9900    2.5022    2.5022    0.8046   -0.0286    1.7889    0.3040    0.3770
   0    1.0900 -999.9900    2.0646    2.0646    1.6425   -0.1348    1.4571    0.1439    0.1816
    
2023020500
   0    1.9956 -999.9900    3.0787    3.0787    0.5803   -0.1069    2.2257    0.3838    0.4058
   0    1.3639 -999.9900    2.4756    2.4756    1.6853   -0.1214    1.7661    0.2016    0.2221
   0    1.9969 -999.9900    3.0798    3.0798    0.5657   -0.1139    2.2242    0.3828    0.4061
   0    1.4007 -999.9900    2.5389    2.5389    1.6254   -0.1193    1.8055    0.2149    0.2322
    
2023020600
   0    1.5329 -999.9900    2.4385    2.4385    0.5435   -0.3421    1.7382    0.4003    0.3368
   0    1.0569 -999.9900    1.9580    1.9580    1.6840   -0.1443    1.4113    0.1761    0.1756
   0    1.5277 -999.9900    2.4355    2.4355    0.5401   -0.3420    1.7352    0.3996    0.3373
   0    1.0672 -999.9900    1.9841    1.9841    1.6066   -0.1857    1.4243    0.1891    0.1811
    
2023020700
   0    1.5799 -999.9900    2.5615    2.5615    0.5933   -0.2718    1.7939    0.3989    0.3402
   0    1.0694 -999.9900    2.0456    2.0456    1.5501    0.1261    1.3853    0.1421    0.2150
   0    1.5893 -999.9900    2.5843    2.5843    0.6013   -0.2720    1.8051    0.3986    0.3403
   0    1.1070 -999.9900    2.1259    2.1259    1.4771    0.0362    1.4369    0.1620    0.2203
    
2023020800
   1 -999.9900 -999.9900 -999.9900 -999.9900 -999.9900 -999.9900 -999.9900 -999.9900 -999.9900
   1 -999.9900 -999.9900 -999.9900 -999.9900 -999.9900 -999.9900 -999.9900 -999.9900 -999.9900
   1 -999.9900 -999.9900 -999.9900 -999.9900 -999.9900 -999.9900 -999.9900 -999.9900 -999.9900
   1 -999.9900 -999.9900 -999.9900 -999.9900 -999.9900 -999.9900 -999.9900 -999.9900 -999.9900
    
2023020900
   0    1.4894 -999.9900    2.3825    2.3825    0.5412   -0.5488    1.6893    0.4159    0.3313
   0    0.9189 -999.9900    1.7025    1.7025    1.6558   -0.3990    1.2337    0.1809    0.1467
   0    1.4877 -999.9900    2.3797    2.3797    0.5312   -0.5390    1.6848    0.4146    0.3325
   0    0.9499 -999.9900    1.7740    1.7740    1.5918   -0.4292    1.2784    0.2010    0.1557
    
2023021000
   1 -999.9900 -999.9900 -999.9900 -999.9900 -999.9900 -999.9900 -999.9900 -999.9900 -999.9900
   1 -999.9900 -999.9900 -999.9900 -999.9900 -999.9900 -999.9900 -999.9900 -999.9900 -999.9900
   1 -999.9900 -999.9900 -999.9900 -999.9900 -999.9900 -999.9900 -999.9900 -999.9900 -999.9900
   1 -999.9900 -999.9900 -999.9900 -999.9900 -999.9900 -999.9900 -999.9900 -999.9900 -999.9900
    
2023021100
   0    1.6277 -999.9900    2.5114    2.5114    0.5921   -0.4956    1.8491    0.4512    0.3082
   0    1.0685 -999.9900    1.9431    1.9431    1.7357   -0.6443    1.4153    0.2509    0.1109
   0    1.6226 -999.9900    2.5057    2.5057    0.5840   -0.4884    1.8411    0.4473    0.3099
   0    1.0900 -999.9900    1.9844    1.9844    1.6660   -0.6212    1.4485    0.2639    0.1176
    
2023021200
   0    1.5046 -999.9900    2.4547    2.4547    0.6106   -0.1883    1.7214    0.3462    0.3628
   0    1.0540 -999.9900    1.9383    1.9383    1.6885   -0.4827    1.4096    0.1983    0.1515
   0    1.5059 -999.9900    2.4584    2.4584    0.5984   -0.1979    1.7218    0.3511    0.3613
   0    1.0682 -999.9900    1.9761    1.9761    1.6280   -0.4315    1.4184    0.2058    0.1603
    
2023021300
   0    1.5437 -999.9900    2.4561    2.4561    0.5650   -0.2667    1.7657    0.3909    0.3485
   0    1.0494 -999.9900    1.9296    1.9296    1.5793   -0.4878    1.4012    0.2354    0.1302
   0    1.5375 -999.9900    2.4502    2.4502    0.5775   -0.2724    1.7619    0.3857    0.3416
   0    1.0668 -999.9900    1.9718    1.9718    1.5292   -0.4481    1.4196    0.2431    0.1312
    
2023021400
   0    1.4743 -999.9900    2.4036    2.4036    0.6316   -0.5656    1.7064    0.4187    0.2693
   0    0.9606 -999.9900    1.8095    1.8095    1.6737   -0.2577    1.2925    0.1799    0.1519
   0    1.4739 -999.9900    2.4034    2.4034    0.6278   -0.5798    1.7059    0.4210    0.2671
   0    0.9792 -999.9900    1.8564    1.8564    1.6203   -0.3263    1.3258    0.1986    0.1489
    
2023021500
   0    1.4122 -999.9900    2.3135    2.3135    0.6061   -0.4614    1.6278    0.3855    0.3291
   0    0.9572 -999.9900    1.7675    1.7675    1.6569   -0.0312    1.2668    0.1424    0.2138
   0    1.4136 -999.9900    2.3255    2.3255    0.6127   -0.4710    1.6325    0.3865    0.3225
   0    0.9678 -999.9900    1.8025    1.8025    1.6094   -0.1189    1.2837    0.1558    0.2093
    
2023021600
   0    1.4649 -999.9900    2.5013    2.5013    0.6969   -0.8112    1.6906    0.4508    0.2694
   0    1.0103 -999.9900    1.9779    1.9779    1.5712   -0.4610    1.3410    0.2060    0.1556
   0    1.4553 -999.9900    2.4790    2.4790    0.6664   -0.7952    1.6760    0.4523    0.2699
   0    1.0281 -999.9900    2.0175    2.0175    1.5159   -0.5268    1.3598    0.2256    0.1544
    
2023021700
   0    1.5002 -999.9900    2.3734    2.3734    0.6481   -0.4369    1.7329    0.4175    0.3397
   0    0.9885 -999.9900    1.8081    1.8081    1.6518   -0.3785    1.3066    0.1935    0.1637
   0    1.4818 -999.9900    2.3514    2.3514    0.6498   -0.4148    1.7155    0.4084    0.3399
   0    1.0040 -999.9900    1.8410    1.8410    1.6094   -0.3737    1.3263    0.2019    0.1681
    
2023021800
   0    1.5012 -999.9900    2.4521    2.4521    0.5929   -0.2278    1.7165    0.3618    0.3490
   0    1.0626 -999.9900    1.9879    1.9879    1.6719   -0.3750    1.4122    0.1902    0.1600
   0    1.5048 -999.9900    2.4607    2.4607    0.6043   -0.2350    1.7229    0.3618    0.3453
   0    1.0722 -999.9900    2.0119    2.0119    1.6246   -0.3522    1.4202    0.1959    0.1645
    
2023021900
   0    1.5294 -999.9900    2.4182    2.4182    0.5345   -0.2152    1.7432    0.3627    0.4029
   0    1.0708 -999.9900    1.9513    1.9513    1.6649   -0.2265    1.4288    0.1585    0.2304
   0    1.5298 -999.9900    2.4197    2.4197    0.5425   -0.2183    1.7464    0.3638    0.4003
   0    1.0907 -999.9900    1.9829    1.9829    1.6013   -0.2298    1.4525    0.1733    0.2387
    
