v6.1 gefs
v6.1 naefs
v7.0 gefs
v7.0 naefs

2023010700
   1 -999.9900 -999.9900 -999.9900 -999.9900 -999.9900 -999.9900 -999.9900 -999.9900 -999.9900
   1 -999.9900 -999.9900 -999.9900 -999.9900 -999.9900 -999.9900 -999.9900 -999.9900 -999.9900
   1 -999.9900 -999.9900 -999.9900 -999.9900 -999.9900 -999.9900 -999.9900 -999.9900 -999.9900
   1 -999.9900 -999.9900 -999.9900 -999.9900 -999.9900 -999.9900 -999.9900 -999.9900 -999.9900
    
2023010800
   1 -999.9900 -999.9900 -999.9900 -999.9900 -999.9900 -999.9900 -999.9900 -999.9900 -999.9900
   1 -999.9900 -999.9900 -999.9900 -999.9900 -999.9900 -999.9900 -999.9900 -999.9900 -999.9900
   1 -999.9900 -999.9900 -999.9900 -999.9900 -999.9900 -999.9900 -999.9900 -999.9900 -999.9900
   1 -999.9900 -999.9900 -999.9900 -999.9900 -999.9900 -999.9900 -999.9900 -999.9900 -999.9900
    
2023010900
   0    1.0930 -999.9900    2.0110    2.0110    1.0230    0.1432    1.4099    0.2265    0.2832
   0    0.8944 -999.9900    1.7799    1.7799    1.3743   -0.1946    1.2225    0.1706    0.1415
   0    1.0962 -999.9900    2.0525    2.0525    1.0448    0.0002    1.4159    0.2346    0.2594
   0    0.9063 -999.9900    1.8062    1.8062    1.3343   -0.1811    1.2397    0.1782    0.1419
    
2023011000
   0    0.9675 -999.9900    1.7132    1.7132    1.0768   -0.0735    1.2437    0.2389    0.2466
   0    0.8204 -999.9900    1.5456    1.5456    1.3338   -0.2463    1.1120    0.1829    0.1023
   0    1.0337 -999.9900    1.8259    1.8259    1.0654   -0.1870    1.3408    0.2806    0.2387
   0    0.8351 -999.9900    1.5676    1.5676    1.3588   -0.2735    1.1469    0.1948    0.1075
    
2023011100
   0    0.9183 -999.9900    1.6983    1.6983    0.9673   -0.0971    1.1793    0.2413    0.2087
   0    0.7917 -999.9900    1.4927    1.4927    1.2927   -0.2702    1.0881    0.1912    0.1105
   0    0.9085 -999.9900    1.6593    1.6593    0.9928   -0.1025    1.1821    0.2385    0.2013
   0    0.7687 -999.9900    1.4488    1.4488    1.2936   -0.2210    1.0566    0.1759    0.1063
    
2023011200
   0    1.0468 -999.9900    1.9682    1.9682    0.9433   -0.0924    1.3178    0.2352    0.2236
   0    0.8053 -999.9900    1.5526    1.5526    1.4805   -0.0402    1.0991    0.1449    0.1353
   0    1.1438 -999.9900    2.1352    2.1352    0.9477   -0.1038    1.4403    0.2445    0.2477
   0    0.8666 -999.9900    1.7089    1.7089    1.4653   -0.0576    1.1961    0.1490    0.1519
    
2023011300
   0    1.2753 -999.9900    2.2473    2.2473    0.9602   -0.0528    1.5916    0.2882    0.2738
   0    0.9346 -999.9900    1.7938    1.7938    1.5937    0.2283    1.2735    0.1328    0.1861
   0    1.3880 -999.9900    2.4463    2.4463    0.9348   -0.1874    1.7009    0.3043    0.2725
   0    0.9621 -999.9900    1.8667    1.8667    1.6450    0.0749    1.3318    0.1423    0.1767
    
2023011400
   0    0.9892 -999.9900    1.8283    1.8283    1.1003    0.3227    1.2889    0.1898    0.2773
   0    0.9089 -999.9900    1.7927    1.7927    1.4004    0.2203    1.2435    0.1356    0.1689
   0    0.9307 -999.9900    1.6859    1.6859    1.0795    0.0434    1.2162    0.2196    0.2323
   0    0.8486 -999.9900    1.6440    1.6440    1.4270    0.0732    1.1722    0.1462    0.1399
    
2023011500
   0    1.0706 -999.9900    2.0112    2.0112    1.0886    0.4421    1.3699    0.1734    0.2990
   0    0.9366 -999.9900    1.8206    1.8206    1.5134    0.2195    1.2806    0.1303    0.1781
   0    1.1510 -999.9900    2.0593    2.0593    1.0663    0.3567    1.4571    0.2025    0.3093
   0    0.9375 -999.9900    1.7793    1.7793    1.4623    0.2001    1.2776    0.1410    0.1824
    
2023011600
   0    0.9791 -999.9900    1.7220    1.7220    1.0193    0.0731    1.2728    0.2312    0.2513
   0    0.8126 -999.9900    1.4811    1.4811    1.3891   -0.0267    1.1085    0.1638    0.1445
   0    1.0758 -999.9900    1.8945    1.8945    1.0177    0.0257    1.3742    0.2442    0.2641
   0    0.8738 -999.9900    1.6225    1.6225    1.3625   -0.0352    1.1972    0.1744    0.1530
    
2023011700
   0    0.9767 -999.9900    1.7530    1.7530    0.9904   -0.2227    1.2542    0.2480    0.2122
   0    0.8505 -999.9900    1.5967    1.5967    1.3810   -0.2014    1.1523    0.1697    0.1307
   0    1.0004 -999.9900    1.8435    1.8435    0.9828   -0.2434    1.2705    0.2438    0.2121
   0    0.8683 -999.9900    1.6628    1.6628    1.3461   -0.2180    1.1675    0.1747    0.1314
    
2023011800
   0    0.9825 -999.9900    1.7500    1.7500    0.9124   -0.2286    1.2396    0.2768    0.2148
   0    0.8029 -999.9900    1.5286    1.5286    1.4643   -0.1136    1.0865    0.1440    0.1309
   0    0.9947 -999.9900    1.8249    1.8249    0.9127   -0.3001    1.2515    0.2766    0.1991
   0    0.8160 -999.9900    1.6014    1.6014    1.4050   -0.1796    1.1122    0.1496    0.1222
    
2023011900
   0    0.9970 -999.9900    1.9212    1.9212    1.0257   -0.2728    1.2885    0.2666    0.1946
   0    0.8217 -999.9900    1.6048    1.6048    1.5096   -0.0117    1.1328    0.1365    0.1509
   0    1.0713 -999.9900    1.9941    1.9941    0.9429   -0.2934    1.3483    0.3063    0.2255
   0    0.8297 -999.9900    1.6291    1.6291    1.5060   -0.0764    1.1363    0.1498    0.1496
    
2023012000
   0    1.0541 -999.9900    1.9360    1.9360    0.9128   -0.2207    1.3188    0.2852    0.2286
   0    0.8732 -999.9900    1.6689    1.6689    1.3766   -0.0227    1.1859    0.1638    0.1637
   0    1.1196 -999.9900    2.1011    2.1011    0.9347   -0.3295    1.3929    0.2740    0.2289
   0    0.8817 -999.9900    1.7360    1.7360    1.4471   -0.1275    1.1987    0.1642    0.1511
    
2023012100
   0    1.0917 -999.9900    1.9921    1.9921    0.9091   -0.0582    1.3542    0.2601    0.2455
   0    0.8468 -999.9900    1.6319    1.6319    1.2894   -0.1210    1.1630    0.1725    0.1508
   0    1.0949 -999.9900    2.0013    2.0013    0.9004   -0.2486    1.3620    0.2642    0.2558
   0    0.8493 -999.9900    1.6587    1.6587    1.3040   -0.2227    1.1632    0.1674    0.1568
    
2023012200
   1 -999.9900 -999.9900 -999.9900 -999.9900 -999.9900 -999.9900 -999.9900 -999.9900 -999.9900
   1 -999.9900 -999.9900 -999.9900 -999.9900 -999.9900 -999.9900 -999.9900 -999.9900 -999.9900
   1 -999.9900 -999.9900 -999.9900 -999.9900 -999.9900 -999.9900 -999.9900 -999.9900 -999.9900
   1 -999.9900 -999.9900 -999.9900 -999.9900 -999.9900 -999.9900 -999.9900 -999.9900 -999.9900
    
2023012300
   0    1.0551 -999.9900    2.0152    2.0152    0.9602   -0.0052    1.3477    0.2253    0.2858
   0    1.0551 -999.9900    2.0152    2.0152    0.9602   -0.0052    1.3477    0.2253    0.2858
   0    1.0741 -999.9900    2.0236    2.0236    0.9468   -0.0074    1.3631    0.2249    0.2898
   0    0.9053 -999.9900    1.7978    1.7978    1.2824   -0.0658    1.2237    0.1692    0.1831
    
2023012400
   0    0.9710 -999.9900    1.7688    1.7688    1.0987   -0.0234    1.2719    0.2282    0.2431
   0    0.8268 -999.9900    1.5597    1.5597    1.3613   -0.0811    1.1413    0.1672    0.1439
   0    0.9864 -999.9900    1.7803    1.7803    1.0783   -0.0508    1.2880    0.2318    0.2450
   0    0.8142 -999.9900    1.5368    1.5368    1.3985   -0.0859    1.1259    0.1598    0.1305
    
2023012500
   0    1.0308 -999.9900    1.8468    1.8468    1.0198   -0.3025    1.3233    0.2840    0.2261
   0    0.8175 -999.9900    1.5419    1.5419    1.4180   -0.1815    1.1203    0.1630    0.1356
   0    1.1661 -999.9900    2.1115    2.1115    1.0328   -0.3822    1.4802    0.3071    0.2297
   0    0.8706 -999.9900    1.6833    1.6833    1.4948   -0.2536    1.2060    0.1666    0.1340
    
2023012600
   0    0.9787 -999.9900    1.7595    1.7595    0.9116   -0.3027    1.2507    0.3076    0.2179
   0    0.7473 -999.9900    1.4469    1.4469    1.4026   -0.2300    1.0306    0.1412    0.1182
   0    1.1177 -999.9900    2.0200    2.0200    0.8953   -0.4620    1.3976    0.3339    0.2095
   0    0.8084 -999.9900    1.5920    1.5920    1.4462   -0.3400    1.1216    0.1652    0.1084
    
2023012700
   0    0.9622 -999.9900    1.7701    1.7701    1.1300    0.0502    1.2628    0.2358    0.2551
   0    0.8807 -999.9900    1.6959    1.6959    1.4536   -0.0529    1.2111    0.1665    0.1506
   0    1.0160 -999.9900    1.8291    1.8291    1.1286   -0.0299    1.3159    0.2406    0.2611
   0    0.8766 -999.9900    1.6721    1.6721    1.4893   -0.0803    1.2117    0.1663    0.1465
    
2023012800
   1 -999.9900 -999.9900 -999.9900 -999.9900 -999.9900 -999.9900 -999.9900 -999.9900 -999.9900
   1 -999.9900 -999.9900 -999.9900 -999.9900 -999.9900 -999.9900 -999.9900 -999.9900 -999.9900
   1 -999.9900 -999.9900 -999.9900 -999.9900 -999.9900 -999.9900 -999.9900 -999.9900 -999.9900
   1 -999.9900 -999.9900 -999.9900 -999.9900 -999.9900 -999.9900 -999.9900 -999.9900 -999.9900
    
2023012900
   0    1.0126 -999.9900    1.7824    1.7824    1.1567   -0.2507    1.2968    0.2706    0.2123
   0    0.8899 -999.9900    1.6539    1.6539    1.4672   -0.0141    1.2007    0.1618    0.1611
   0    1.1578 -999.9900    2.0048    2.0048    1.1183    0.0143    1.4483    0.2435    0.2696
   0    0.9286 -999.9900    1.7330    1.7330    1.4845    0.0927    1.2537    0.1511    0.1759
    
2023013000
   0    1.1554 -999.9900    2.0619    2.0619    1.1200    0.1508    1.4979    0.2417    0.3139
   0    1.0045 -999.9900    1.9752    1.9752    1.4915    0.3231    1.3866    0.1375    0.2120
   0    1.3941 -999.9900    2.4647    2.4647    1.2086    0.4379    1.7757    0.2114    0.3820
   0    1.1228 -999.9900    2.1936    2.1936    1.5578    0.4608    1.5398    0.1352    0.2535
    
2023013100
   0    1.0791 -999.9900    1.9949    1.9949    1.1989    0.5577    1.4109    0.1589    0.3163
   0    0.9308 -999.9900    1.8697    1.8697    1.5550    0.4378    1.2893    0.0980    0.1964
   0    1.2743 -999.9900    2.4592    2.4592    1.1927    0.8031    1.6350    0.1418    0.3550
   0    1.0312 -999.9900    2.1461    2.1461    1.5698    0.6090    1.4263    0.0895    0.2161
    
2023020100
   1 -999.9900 -999.9900 -999.9900 -999.9900 -999.9900 -999.9900 -999.9900 -999.9900 -999.9900
   1 -999.9900 -999.9900 -999.9900 -999.9900 -999.9900 -999.9900 -999.9900 -999.9900 -999.9900
   1 -999.9900 -999.9900 -999.9900 -999.9900 -999.9900 -999.9900 -999.9900 -999.9900 -999.9900
   1 -999.9900 -999.9900 -999.9900 -999.9900 -999.9900 -999.9900 -999.9900 -999.9900 -999.9900
    
2023020200
   1 -999.9900 -999.9900 -999.9900 -999.9900 -999.9900 -999.9900 -999.9900 -999.9900 -999.9900
   1 -999.9900 -999.9900 -999.9900 -999.9900 -999.9900 -999.9900 -999.9900 -999.9900 -999.9900
   1 -999.9900 -999.9900 -999.9900 -999.9900 -999.9900 -999.9900 -999.9900 -999.9900 -999.9900
   0    1.0006 -999.9900    1.9592    1.9592    1.5448   -0.2594    1.3679    0.1963    0.1133
    
2023020300
   0    1.1131 -999.9900    2.0626    2.0626    0.9757    0.0631    1.4153    0.2635    0.2810
   0    0.9568 -999.9900    1.8555    1.8555    1.4697   -0.0760    1.3058    0.1896    0.1428
   0    1.1001 -999.9900    2.0009    2.0009    1.0066    0.1123    1.4088    0.2494    0.2892
   0    0.9502 -999.9900    1.8238    1.8238    1.4488   -0.0188    1.3059    0.1853    0.1566
    
2023020400
   0    1.0777 -999.9900    1.9557    1.9557    1.3176   -0.6494    1.4307    0.2954    0.1357
   0    0.9949 -999.9900    1.8797    1.8797    1.7234   -0.6928    1.3864    0.2113    0.0748
   0    1.1084 -999.9900    1.9866    1.9866    1.2275   -0.5820    1.4398    0.2995    0.1632
   0    0.9795 -999.9900    1.8489    1.8489    1.6868   -0.6436    1.3629    0.2076    0.0841
    
2023020500
   0    1.0812 -999.9900    1.9007    1.9007    1.1473   -0.4263    1.3944    0.3012    0.1878
   0    0.9676 -999.9900    1.8378    1.8378    1.5206   -0.5869    1.3050    0.2170    0.0930
   0    1.1106 -999.9900    1.9658    1.9658    1.1245   -0.3108    1.4107    0.2833    0.2132
   0    0.9533 -999.9900    1.8130    1.8130    1.5462   -0.4855    1.2856    0.1984    0.0985
    
2023020600
   0    1.1209 -999.9900    1.9491    1.9491    1.0593   -0.3156    1.4117    0.3274    0.2034
   0    1.0012 -999.9900    1.8843    1.8843    1.4171   -0.3712    1.3418    0.2324    0.1180
   0    1.2467 -999.9900    2.1816    2.1816    1.0343   -0.4253    1.5612    0.3538    0.2136
   0    1.0564 -999.9900    1.9877    1.9877    1.4314   -0.4258    1.4148    0.2427    0.1289
    
2023020700
   0    0.8447 -999.9900    1.5150    1.5150    0.9538   -0.1868    1.0979    0.2694    0.2011
   0    0.7416 -999.9900    1.4012    1.4012    1.3876   -0.1203    1.0174    0.1452    0.1098
   0    1.0062 -999.9900    1.7996    1.7996    0.9347   -0.3270    1.2732    0.3060    0.2073
   0    0.8298 -999.9900    1.5824    1.5824    1.3450   -0.2176    1.1263    0.1791    0.1261
    
2023020800
   0    0.9208 -999.9900    1.6589    1.6589    1.1133    0.0224    1.1908    0.2477    0.2259
   0    0.8045 -999.9900    1.5382    1.5382    1.4854    0.2144    1.1022    0.1295    0.1507
   0    1.0334 -999.9900    1.8396    1.8396    1.1269    0.0117    1.3377    0.2648    0.2510
   0    0.8586 -999.9900    1.6424    1.6424    1.5091    0.2504    1.1875    0.1293    0.1778
    
2023020900
   0    0.8812 -999.9900    1.6058    1.6058    1.1188   -0.1862    1.1546    0.2558    0.2129
   0    0.7802 -999.9900    1.4835    1.4835    1.4357    0.0949    1.0541    0.1266    0.1660
   0    0.9961 -999.9900    1.8673    1.8673    1.1758   -0.2656    1.2977    0.2632    0.2143
   0    0.8201 -999.9900    1.5928    1.5928    1.5121   -0.0091    1.1154    0.1351    0.1588
    
2023021000
   1 -999.9900 -999.9900 -999.9900 -999.9900 -999.9900 -999.9900 -999.9900 -999.9900 -999.9900
   1 -999.9900 -999.9900 -999.9900 -999.9900 -999.9900 -999.9900 -999.9900 -999.9900 -999.9900
   1 -999.9900 -999.9900 -999.9900 -999.9900 -999.9900 -999.9900 -999.9900 -999.9900 -999.9900
   1 -999.9900 -999.9900 -999.9900 -999.9900 -999.9900 -999.9900 -999.9900 -999.9900 -999.9900
    
2023021100
   0    0.9206 -999.9900    1.6670    1.6670    1.0301   -0.1166    1.2047    0.2211    0.2340
   0    0.7989 -999.9900    1.5337    1.5337    1.3539   -0.1503    1.1079    0.1463    0.1281
   0    1.0362 -999.9900    1.8860    1.8860    1.0133   -0.0680    1.3378    0.2331    0.2561
   0    0.8434 -999.9900    1.6340    1.6340    1.3821   -0.1145    1.1775    0.1475    0.1427
    
2023021200
   1 -999.9900 -999.9900 -999.9900 -999.9900 -999.9900 -999.9900 -999.9900 -999.9900 -999.9900
   1 -999.9900 -999.9900 -999.9900 -999.9900 -999.9900 -999.9900 -999.9900 -999.9900 -999.9900
   1 -999.9900 -999.9900 -999.9900 -999.9900 -999.9900 -999.9900 -999.9900 -999.9900 -999.9900
   1 -999.9900 -999.9900 -999.9900 -999.9900 -999.9900 -999.9900 -999.9900 -999.9900 -999.9900
    
2023021300
   0    1.0405 -999.9900    1.8252    1.8252    1.0571   -0.7247    1.3424    0.3787    0.1409
   0    0.8842 -999.9900    1.6173    1.6173    1.3256   -0.5607    1.1998    0.2529    0.0786
   0    1.1585 -999.9900    2.0874    2.0874    1.0300   -0.8251    1.4569    0.3876    0.1421
   0    0.9393 -999.9900    1.7658    1.7658    1.3688   -0.6536    1.2765    0.2621    0.0801
    
2023021400
   0    0.9610 -999.9900    1.7087    1.7087    1.0735   -0.2304    1.2474    0.2871    0.1750
   0    0.9095 -999.9900    1.6727    1.6727    1.3214   -0.1351    1.2121    0.2168    0.1354
   0    1.0856 -999.9900    1.9033    1.9033    1.0608   -0.3092    1.3988    0.3148    0.1872
   0    0.9695 -999.9900    1.7713    1.7713    1.3186   -0.2014    1.3008    0.2335    0.1426
    
2023021500
   0    1.0523 -999.9900    1.8203    1.8203    1.1082    0.0526    1.3674    0.2659    0.2482
   0    0.9403 -999.9900    1.7183    1.7183    1.4122    0.2513    1.2627    0.1564    0.2021
   0    1.0795 -999.9900    1.8698    1.8698    1.0892    0.1792    1.3881    0.2367    0.2653
   0    0.9677 -999.9900    1.7732    1.7732    1.3500    0.2874    1.3081    0.1552    0.2176
    
2023021600
   0    0.9090 -999.9900    1.6885    1.6885    1.2685   -0.1670    1.1910    0.2506    0.1958
   0    0.8303 -999.9900    1.6089    1.6089    1.5515    0.1345    1.1340    0.1312    0.1598
   0    0.9754 -999.9900    1.8109    1.8109    1.2016    0.0526    1.2595    0.2208    0.2512
   0    0.8408 -999.9900    1.6350    1.6350    1.5469    0.2061    1.1458    0.1223    0.1742
    
2023021700
   0    0.8638 -999.9900    1.5422    1.5422    1.2368   -0.1264    1.1380    0.2229    0.2270
   0    0.7441 -999.9900    1.3652    1.3652    1.5252    0.1081    1.0054    0.0999    0.1606
   0    0.9630 -999.9900    1.7661    1.7661    1.2364   -0.2081    1.2619    0.2423    0.2248
   0    0.7795 -999.9900    1.4622    1.4622    1.5686    0.0120    1.0540    0.1094    0.1527
    
2023021800
   0    0.9502 -999.9900    1.7007    1.7007    1.3209   -0.3015    1.2352    0.2277    0.1821
   0    0.8434 -999.9900    1.5777    1.5777    1.5328   -0.1624    1.1486    0.1568    0.1292
   0    1.0444 -999.9900    1.8820    1.8820    1.2938   -0.2469    1.3509    0.2326    0.2085
   0    0.8667 -999.9900    1.6168    1.6168    1.5975   -0.1574    1.1821    0.1493    0.1358
    
2023021900
   0    0.9181 -999.9900    1.6387    1.6387    1.0402   -0.1293    1.1886    0.2319    0.2131
   0    0.7836 -999.9900    1.4676    1.4676    1.3325   -0.1675    1.0689    0.1650    0.1128
   0    1.0679 -999.9900    1.9145    1.9145    1.0656   -0.0694    1.3610    0.2362    0.2380
   0    0.8556 -999.9900    1.6291    1.6291    1.3711   -0.1239    1.1740    0.1711    0.1267
    
2023022000
   0    0.9886 -999.9900    1.8092    1.8092    1.0217   -0.1119    1.2751    0.2526    0.2394
   0    0.8623 -999.9900    1.6833    1.6833    1.3853   -0.1355    1.1780    0.1669    0.1406
   0    1.0299 -999.9900    1.8728    1.8728    0.9978   -0.1750    1.3271    0.2650    0.2290
   0    0.8667 -999.9900    1.6903    1.6903    1.3915   -0.1687    1.1901    0.1691    0.1332
    
2023022100
   0    1.0020 -999.9900    1.7574    1.7574    1.0845   -0.3476    1.2981    0.2924    0.2087
   0    0.8003 -999.9900    1.5210    1.5210    1.4562   -0.1441    1.0948    0.1473    0.1350
   0    1.0508 -999.9900    1.8896    1.8896    1.1037   -0.3558    1.3600    0.2944    0.2128
   0    0.8297 -999.9900    1.5977    1.5977    1.4763   -0.1898    1.1438    0.1538    0.1421
    
2023022200
   0    1.0888 -999.9900    2.1923    2.1923    1.1101    0.1803    1.4181    0.2162    0.2681
   0    1.0353 -999.9900    2.1503    2.1503    1.5835    0.5321    1.4130    0.1084    0.2317
   0    1.1359 -999.9900    2.0860    2.0860    1.1389    0.2492    1.4828    0.2045    0.2927
   0    1.0417 -999.9900    2.0608    2.0608    1.5653    0.5030    1.4247    0.1028    0.2365
    
2023022300
   0    1.1957 -999.9900    2.3387    2.3387    1.1986    0.2784    1.5263    0.2462    0.2820
   0    1.1542 -999.9900    2.5343    2.5343    1.6597    0.6387    1.5451    0.1268    0.2300
   0    1.3024 -999.9900    2.4853    2.4853    1.1956    0.4490    1.6428    0.2274    0.3148
   0    1.1782 -999.9900    2.5160    2.5160    1.6846    0.6689    1.5883    0.1241    0.2348
    
2023022400
   0    1.0894 -999.9900    2.1230    2.1230    1.1996    0.2612    1.4146    0.2062    0.2622
   0    1.0028 -999.9900    2.0704    2.0704    1.6551    0.4022    1.3830    0.1077    0.1833
   0    1.1571 -999.9900    2.2556    2.2556    1.3815    0.4835    1.5334    0.1905    0.2877
   0    1.0071 -999.9900    2.0922    2.0922    1.7554    0.5075    1.4052    0.0993    0.1739
    
2023022500
   0    0.9418 -999.9900    1.7701    1.7701    1.3896   -0.1647    1.2621    0.2237    0.1595
   0    0.9344 -999.9900    1.8742    1.8742    1.7644   -0.0108    1.3082    0.1373    0.1138
   0    1.0769 -999.9900    2.0250    2.0250    1.4387    0.0369    1.4370    0.1983    0.2116
   0    0.9561 -999.9900    1.9174    1.9174    1.8234    0.0794    1.3200    0.1216    0.1219
    
2023022600
   0    1.1363 -999.9900    2.0819    2.0819    1.1233    0.0655    1.4690    0.2360    0.2356
   0    1.0436 -999.9900    2.0348    2.0348    1.5318   -0.0403    1.4174    0.1599    0.1535
   0    1.1725 -999.9900    2.1096    2.1096    1.1008    0.0037    1.5098    0.2622    0.2315
   0    1.0540 -999.9900    2.0335    2.0335    1.4952   -0.0564    1.4270    0.1741    0.1489
    
2023022700
   0    0.9583 -999.9900    1.8002    1.8002    1.0264    0.1697    1.2306    0.1973    0.2160
   0    0.8555 -999.9900    1.6468    1.6468    1.3358    0.0087    1.1600    0.1533    0.1380
   0    1.0743 -999.9900    1.9595    1.9595    1.0548    0.0212    1.3717    0.2344    0.2138
   0    0.9034 -999.9900    1.7302    1.7302    1.3707   -0.0483    1.2243    0.1628    0.1374
    
2023022800
   0    0.8813 -999.9900    1.5456    1.5456    0.8760   -0.1837    1.1462    0.2733    0.1907
   0    0.8223 -999.9900    1.5174    1.5174    1.1507   -0.2872    1.1166    0.2222    0.1184
   0    0.9716 -999.9900    1.6747    1.6747    0.8571   -0.1936    1.2404    0.2910    0.2101
   0    0.8644 -999.9900    1.5829    1.5829    1.1284   -0.2724    1.1650    0.2377    0.1324
    
2023030100
   0    0.8931 -999.9900    1.6041    1.6041    0.9861   -0.2326    1.1653    0.2462    0.2034
   0    0.7998 -999.9900    1.4865    1.4865    1.1767   -0.1614    1.0851    0.1913    0.1384
   0    0.9280 -999.9900    1.6979    1.6979    0.9732   -0.2411    1.2049    0.2457    0.1895
   0    0.8257 -999.9900    1.5571    1.5571    1.1729   -0.1831    1.1205    0.1926    0.1363
    
2023030200
   0    0.9265 -999.9900    1.7200    1.7200    1.0813   -0.2457    1.2073    0.2628    0.1770
   0    0.8183 -999.9900    1.5855    1.5855    1.3423   -0.1102    1.1031    0.1741    0.1179
   0    0.9601 -999.9900    1.7602    1.7602    1.0884   -0.2540    1.2540    0.2698    0.1801
   0    0.8375 -999.9900    1.6084    1.6084    1.3429   -0.1424    1.1315    0.1836    0.1239
    
2023030300
   0    1.0098 -999.9900    1.8615    1.8615    1.1889   -0.0670    1.3154    0.2452    0.2250
   0    0.8563 -999.9900    1.6774    1.6774    1.3951    0.0665    1.1724    0.1396    0.1669
   0    1.0894 -999.9900    2.0336    2.0336    1.1533   -0.0057    1.4192    0.2582    0.2377
   1 -999.9900 -999.9900 -999.9900 -999.9900 -999.9900 -999.9900 -999.9900 -999.9900 -999.9900
    
2023030400
   1 -999.9900 -999.9900 -999.9900 -999.9900 -999.9900 -999.9900 -999.9900 -999.9900 -999.9900
   1 -999.9900 -999.9900 -999.9900 -999.9900 -999.9900 -999.9900 -999.9900 -999.9900 -999.9900
   1 -999.9900 -999.9900 -999.9900 -999.9900 -999.9900 -999.9900 -999.9900 -999.9900 -999.9900
   1 -999.9900 -999.9900 -999.9900 -999.9900 -999.9900 -999.9900 -999.9900 -999.9900 -999.9900
    
2023030500
   0    0.9005 -999.9900    1.6001    1.6001    0.9928   -0.1232    1.1848    0.2470    0.2198
   0    0.8210 -999.9900    1.5233    1.5233    1.2947   -0.1122    1.1239    0.1734    0.1517
   0    1.0400 -999.9900    1.8150    1.8150    1.0009   -0.2478    1.3464    0.2858    0.2296
   0    0.8812 -999.9900    1.6360    1.6360    1.3032   -0.1891    1.2091    0.1958    0.1564
    
2023030600
   0    0.9376 -999.9900    1.6269    1.6269    1.1060   -0.3901    1.2371    0.3108    0.1500
   0    0.8582 -999.9900    1.5416    1.5416    1.3413   -0.1713    1.1774    0.2248    0.1098
   0    1.0142 -999.9900    1.7566    1.7566    1.0870   -0.3161    1.3214    0.3004    0.1850
   0    0.9011 -999.9900    1.6144    1.6144    1.3287   -0.1706    1.2231    0.2262    0.1307
    
2023030700
   0    0.9561 -999.9900    1.7295    1.7295    1.1369   -0.1142    1.2678    0.2875    0.1850
   0    0.9053 -999.9900    1.7878    1.7878    1.4473    0.2302    1.2485    0.1647    0.1551
   0    1.0135 -999.9900    1.8403    1.8403    1.1674   -0.0151    1.3396    0.2656    0.2102
   0    0.9311 -999.9900    1.8073    1.8073    1.4554    0.2208    1.2869    0.1707    0.1666
    
2023030800
   0    0.9298 -999.9900    1.8961    1.8961    1.1173    0.1825    1.2380    0.2293    0.2180
   0    0.9443 -999.9900    2.1205    2.1205    1.3804    0.4552    1.2838    0.1457    0.1776
   0    1.0468 -999.9900    2.1015    2.1015    1.1217    0.3282    1.3683    0.2207    0.2546
   0    0.9843 -999.9900    2.1635    2.1635    1.3867    0.4881    1.3303    0.1451    0.1940
    
2023030900
   0    1.0350 -999.9900    2.0598    2.0598    1.1210    0.2020    1.3469    0.2332    0.2302
   0    0.9696 -999.9900    2.0829    2.0829    1.3085    0.3510    1.3062    0.1403    0.1874
   0    1.1299 -999.9900    2.1780    2.1780    1.1201    0.4167    1.4493    0.1936    0.2678
   0    1.0080 -999.9900    2.1132    2.1132    1.3384    0.4499    1.3523    0.1301    0.2042
    
2023031000
   0    1.0332 -999.9900    1.8756    1.8756    1.0470    0.1224    1.3409    0.2283    0.2589
   0    0.8766 -999.9900    1.6960    1.6960    1.3056    0.1001    1.1963    0.1651    0.1626
   0    1.0321 -999.9900    1.8672    1.8672    1.0546    0.1385    1.3397    0.2191    0.2655
   0    0.8848 -999.9900    1.7053    1.7053    1.2938    0.1142    1.2073    0.1620    0.1728
    
2023031100
   0    0.8528 -999.9900    1.5494    1.5494    1.0787    0.1145    1.1279    0.1919    0.2257
   0    0.7920 -999.9900    1.4861    1.4861    1.3255    0.1204    1.0857    0.1356    0.1671
   0    0.9038 -999.9900    1.6413    1.6413    1.0467    0.2188    1.1847    0.1768    0.2536
   0    0.8121 -999.9900    1.5246    1.5246    1.3091    0.1818    1.1098    0.1343    0.1834
    
2023031200
   0    0.8184 -999.9900    1.4691    1.4691    1.0995    0.0485    1.0875    0.1977    0.2015
   0    0.7745 -999.9900    1.4623    1.4623    1.3011    0.0448    1.0612    0.1447    0.1427
   0    0.8649 -999.9900    1.5398    1.5398    1.0486   -0.0012    1.1333    0.2167    0.2126
   0    0.7879 -999.9900    1.4659    1.4659    1.2945    0.0157    1.0766    0.1609    0.1464
    
2023031300
   0    0.9167 -999.9900    1.6347    1.6347    1.1455    0.2406    1.1928    0.1724    0.2722
   0    0.7871 -999.9900    1.4787    1.4787    1.3614    0.1672    1.0737    0.1129    0.1704
   0    0.9208 -999.9900    1.6237    1.6237    1.0984    0.1159    1.2047    0.1974    0.2509
   0    0.7982 -999.9900    1.4847    1.4847    1.3257    0.1070    1.0914    0.1340    0.1684
    
2023031400
   0    0.9486 -999.9900    1.6123    1.6123    1.0174    0.2877    1.2188    0.1772    0.3252
   0    0.8086 -999.9900    1.4664    1.4664    1.3217    0.0393    1.1239    0.1356    0.1808
   0    1.0126 -999.9900    1.7492    1.7492    1.0556    0.1437    1.3060    0.2114    0.2999
   0    0.8533 -999.9900    1.5545    1.5545    1.3288    0.0024    1.1746    0.1570    0.1803
    
2023031500
   0    0.8925 -999.9900    1.5687    1.5687    1.0393    0.1230    1.1607    0.1817    0.2624
   0    0.8650 -999.9900    1.6153    1.6153    1.3190    0.0466    1.1939    0.1479    0.1702
   0    0.9797 -999.9900    1.7143    1.7143    1.0578    0.0214    1.2657    0.2015    0.2625
   0    0.8981 -999.9900    1.6607    1.6607    1.3246    0.0009    1.2298    0.1574    0.1713
    
2023031600
   0    0.9272 -999.9900    1.6920    1.6920    1.1754   -0.3007    1.2302    0.2349    0.1810
   0    0.7994 -999.9900    1.4880    1.4880    1.4900   -0.1870    1.1128    0.1576    0.1013
   0    0.9889 -999.9900    1.7807    1.7807    1.1835   -0.3030    1.2906    0.2461    0.1823
   0    0.8304 -999.9900    1.5483    1.5483    1.4873   -0.2112    1.1473    0.1692    0.1024
    
2023031700
   0    0.9816 -999.9900    1.7821    1.7821    1.1991   -0.1017    1.2880    0.2744    0.1830
   0    0.8494 -999.9900    1.6486    1.6486    1.4204    0.0732    1.1663    0.1623    0.1235
   0    1.0845 -999.9900    1.9248    1.9248    1.1930   -0.0272    1.3991    0.2672    0.2301
   0    0.9007 -999.9900    1.7240    1.7240    1.4379    0.0828    1.2330    0.1656    0.1482
    
2023031800
   0    0.9273 -999.9900    1.6236    1.6236    1.1791    0.1961    1.2133    0.2140    0.2578
   0    0.8353 -999.9900    1.5495    1.5495    1.4946    0.1848    1.1403    0.1302    0.1617
   0    0.9846 -999.9900    1.7694    1.7694    1.2045    0.3238    1.2879    0.1816    0.2844
   0    0.8492 -999.9900    1.5826    1.5826    1.5358    0.2635    1.1553    0.1157    0.1750
    
2023031900
   0    0.8953 -999.9900    1.5380    1.5380    1.1911   -0.1173    1.1759    0.2463    0.1741
   0    0.7725 -999.9900    1.3995    1.3995    1.4865   -0.2430    1.0394    0.1621    0.0845
   0    0.9942 -999.9900    1.7540    1.7540    1.3145   -0.1128    1.3079    0.2460    0.1873
   0    0.8065 -999.9900    1.4641    1.4641    1.6056   -0.2151    1.0871    0.1528    0.0919
    
2023032000
   0    0.8698 -999.9900    1.4913    1.4913    1.0505    0.1242    1.1451    0.1916    0.2249
   0    0.7757 -999.9900    1.4310    1.4310    1.4475   -0.0622    1.0555    0.1287    0.1001
   0    0.9261 -999.9900    1.6029    1.6029    1.1374    0.1521    1.2193    0.1907    0.2286
   0    0.8113 -999.9900    1.4901    1.4901    1.4464   -0.0081    1.0989    0.1350    0.1145
    
2023032100
   0    0.8434 -999.9900    1.4581    1.4581    1.0986   -0.1694    1.1199    0.2330    0.1582
   0    0.7723 -999.9900    1.4010    1.4010    1.3275   -0.1362    1.0655    0.1617    0.1081
   0    0.9813 -999.9900    1.6988    1.6988    1.1712   -0.2327    1.3087    0.2433    0.1705
   0    0.8331 -999.9900    1.5034    1.5034    1.4003   -0.1809    1.1456    0.1681    0.1115
    
2023032200
   0    0.9508 -999.9900    1.7083    1.7083    1.0553    0.0066    1.2483    0.2308    0.2089
   0    0.8877 -999.9900    1.6838    1.6838    1.3269    0.0921    1.2118    0.1547    0.1589
   0    1.0892 -999.9900    1.9167    1.9167    1.0630   -0.0392    1.4160    0.2603    0.2229
   0    0.9320 -999.9900    1.7330    1.7330    1.4008    0.0475    1.2731    0.1674    0.1594
    
2023032300
   0    1.0186 -999.9900    1.9000    1.9000    1.0194    0.1921    1.3391    0.2573    0.2430
   0    0.9374 -999.9900    1.9489    1.9489    1.3361    0.3031    1.2681    0.1728    0.1836
   0    1.0421 -999.9900    1.9258    1.9258    1.0181    0.2580    1.3653    0.2424    0.2675
   0    0.9193 -999.9900    1.8738    1.8738    1.4009    0.3204    1.2631    0.1640    0.1811
    
2023032400
   0    1.0126 -999.9900    1.8333    1.8333    1.0334    0.3512    1.3061    0.2159    0.2842
   0    0.9138 -999.9900    1.7661    1.7661    1.2873    0.3693    1.2346    0.1509    0.2085
   0    1.0271 -999.9900    1.8384    1.8384    1.0100    0.4075    1.3286    0.1974    0.3109
   0    0.9105 -999.9900    1.7469    1.7469    1.2869    0.3995    1.2357    0.1400    0.2186
    
2023032500
   0    1.0004 -999.9900    1.8385    1.8385    1.0914    0.1927    1.2947    0.1875    0.2595
   0    0.9222 -999.9900    1.7589    1.7589    1.3047    0.0375    1.2631    0.1712    0.1827
   0    1.1103 -999.9900    2.0125    2.0125    1.0677    0.2167    1.4128    0.2003    0.2813
   0    0.9594 -999.9900    1.8344    1.8344    1.3336    0.0829    1.3035    0.1649    0.1870
    
2023032600
   0    0.9512 -999.9900    1.7298    1.7298    1.0314    0.0011    1.2343    0.2022    0.2724
   0    0.8445 -999.9900    1.6315    1.6315    1.3489   -0.1656    1.1519    0.1619    0.1596
   0    1.0144 -999.9900    1.7971    1.7971    1.0426   -0.0575    1.3177    0.2218    0.2766
   0    0.8720 -999.9900    1.6595    1.6595    1.3465   -0.1674    1.1946    0.1697    0.1633
    
2023032700
   0    0.9604 -999.9900    1.8087    1.8087    1.1246   -0.1466    1.2486    0.2208    0.2396
   0    0.8208 -999.9900    1.6033    1.6033    1.3625   -0.1225    1.1202    0.1582    0.1494
   0    0.9937 -999.9900    1.8271    1.8271    1.1146   -0.0714    1.2957    0.2235    0.2462
   0    0.8352 -999.9900    1.6248    1.6248    1.3607   -0.0822    1.1424    0.1610    0.1418
    
2023032800
   0    0.8987 -999.9900    1.6171    1.6171    1.2235   -0.3278    1.1911    0.2503    0.1938
   0    0.7546 -999.9900    1.3988    1.3988    1.4826   -0.2601    1.0378    0.1567    0.1131
   0    0.9906 -999.9900    1.7516    1.7516    1.1719   -0.2259    1.2897    0.2611    0.2290
   0    0.7868 -999.9900    1.4675    1.4675    1.4866   -0.2125    1.0803    0.1638    0.1208
    
2023032900
   0    0.8043 -999.9900    1.4304    1.4304    1.1187   -0.2853    1.0739    0.2587    0.1801
   0    0.7304 -999.9900    1.3780    1.3780    1.3646   -0.2908    1.0090    0.1624    0.1049
   0    0.9258 -999.9900    1.6688    1.6688    1.1095   -0.3399    1.2130    0.2847    0.1803
   0    0.7747 -999.9900    1.4802    1.4802    1.3894   -0.3225    1.0667    0.1754    0.1005
    
2023033000
   0    0.8061 -999.9900    1.4833    1.4833    1.0675   -0.2230    1.0637    0.2334    0.1831
   0    0.6981 -999.9900    1.3384    1.3384    1.3244   -0.2952    0.9591    0.1559    0.0887
   0    0.9003 -999.9900    1.6574    1.6574    1.0649   -0.2319    1.1679    0.2445    0.1916
   0    0.7344 -999.9900    1.4167    1.4167    1.3568   -0.2861    1.0131    0.1621    0.0940
    
2023033100
   0    0.9184 -999.9900    1.6984    1.6984    1.1562   -0.0935    1.2278    0.2334    0.1850
   0    0.7859 -999.9900    1.4853    1.4853    1.4339   -0.1022    1.0824    0.1525    0.1071
   0    0.9984 -999.9900    1.8380    1.8380    1.1249   -0.0491    1.3107    0.2326    0.2105
   0    0.8138 -999.9900    1.5481    1.5481    1.4593   -0.0738    1.1276    0.1485    0.1172
    
2023040100
    
