v6.1 gefs
v6.1 naefs
v7.0 gefs
v7.0 naefs
2023010700
   1 -999.9900 -999.9900 -999.9900 -999.9900 -999.9900 -999.9900 -999.9900 -999.9900 -999.9900
   1 -999.9900 -999.9900 -999.9900 -999.9900 -999.9900 -999.9900 -999.9900 -999.9900 -999.9900
   1 -999.9900 -999.9900 -999.9900 -999.9900 -999.9900 -999.9900 -999.9900 -999.9900 -999.9900
   1 -999.9900 -999.9900 -999.9900 -999.9900 -999.9900 -999.9900 -999.9900 -999.9900 -999.9900
    
2023010800
   1 -999.9900 -999.9900 -999.9900 -999.9900 -999.9900 -999.9900 -999.9900 -999.9900 -999.9900
   1 -999.9900 -999.9900 -999.9900 -999.9900 -999.9900 -999.9900 -999.9900 -999.9900 -999.9900
   1 -999.9900 -999.9900 -999.9900 -999.9900 -999.9900 -999.9900 -999.9900 -999.9900 -999.9900
   1 -999.9900 -999.9900 -999.9900 -999.9900 -999.9900 -999.9900 -999.9900 -999.9900 -999.9900
    
2023010900
   1 -999.9900 -999.9900 -999.9900 -999.9900 -999.9900 -999.9900 -999.9900 -999.9900 -999.9900
   1 -999.9900 -999.9900 -999.9900 -999.9900 -999.9900 -999.9900 -999.9900 -999.9900 -999.9900
   1 -999.9900 -999.9900 -999.9900 -999.9900 -999.9900 -999.9900 -999.9900 -999.9900 -999.9900
   1 -999.9900 -999.9900 -999.9900 -999.9900 -999.9900 -999.9900 -999.9900 -999.9900 -999.9900
    
2023011000
   1 -999.9900 -999.9900 -999.9900 -999.9900 -999.9900 -999.9900 -999.9900 -999.9900 -999.9900
   1 -999.9900 -999.9900 -999.9900 -999.9900 -999.9900 -999.9900 -999.9900 -999.9900 -999.9900
   1 -999.9900 -999.9900 -999.9900 -999.9900 -999.9900 -999.9900 -999.9900 -999.9900 -999.9900
   1 -999.9900 -999.9900 -999.9900 -999.9900 -999.9900 -999.9900 -999.9900 -999.9900 -999.9900
    
2023011100
   1 -999.9900 -999.9900 -999.9900 -999.9900 -999.9900 -999.9900 -999.9900 -999.9900 -999.9900
   1 -999.9900 -999.9900 -999.9900 -999.9900 -999.9900 -999.9900 -999.9900 -999.9900 -999.9900
   1 -999.9900 -999.9900 -999.9900 -999.9900 -999.9900 -999.9900 -999.9900 -999.9900 -999.9900
   1 -999.9900 -999.9900 -999.9900 -999.9900 -999.9900 -999.9900 -999.9900 -999.9900 -999.9900
    
2023011200
   1 -999.9900 -999.9900 -999.9900 -999.9900 -999.9900 -999.9900 -999.9900 -999.9900 -999.9900
   1 -999.9900 -999.9900 -999.9900 -999.9900 -999.9900 -999.9900 -999.9900 -999.9900 -999.9900
   1 -999.9900 -999.9900 -999.9900 -999.9900 -999.9900 -999.9900 -999.9900 -999.9900 -999.9900
   1 -999.9900 -999.9900 -999.9900 -999.9900 -999.9900 -999.9900 -999.9900 -999.9900 -999.9900
    
2023011300
   1 -999.9900 -999.9900 -999.9900 -999.9900 -999.9900 -999.9900 -999.9900 -999.9900 -999.9900
   1 -999.9900 -999.9900 -999.9900 -999.9900 -999.9900 -999.9900 -999.9900 -999.9900 -999.9900
   1 -999.9900 -999.9900 -999.9900 -999.9900 -999.9900 -999.9900 -999.9900 -999.9900 -999.9900
   1 -999.9900 -999.9900 -999.9900 -999.9900 -999.9900 -999.9900 -999.9900 -999.9900 -999.9900
    
2023011400
   1 -999.9900 -999.9900 -999.9900 -999.9900 -999.9900 -999.9900 -999.9900 -999.9900 -999.9900
   1 -999.9900 -999.9900 -999.9900 -999.9900 -999.9900 -999.9900 -999.9900 -999.9900 -999.9900
   1 -999.9900 -999.9900 -999.9900 -999.9900 -999.9900 -999.9900 -999.9900 -999.9900 -999.9900
   1 -999.9900 -999.9900 -999.9900 -999.9900 -999.9900 -999.9900 -999.9900 -999.9900 -999.9900
    
2023011500
   1 -999.9900 -999.9900 -999.9900 -999.9900 -999.9900 -999.9900 -999.9900 -999.9900 -999.9900
   1 -999.9900 -999.9900 -999.9900 -999.9900 -999.9900 -999.9900 -999.9900 -999.9900 -999.9900
   1 -999.9900 -999.9900 -999.9900 -999.9900 -999.9900 -999.9900 -999.9900 -999.9900 -999.9900
   1 -999.9900 -999.9900 -999.9900 -999.9900 -999.9900 -999.9900 -999.9900 -999.9900 -999.9900
    
2023011600
   1 -999.9900 -999.9900 -999.9900 -999.9900 -999.9900 -999.9900 -999.9900 -999.9900 -999.9900
   1 -999.9900 -999.9900 -999.9900 -999.9900 -999.9900 -999.9900 -999.9900 -999.9900 -999.9900
   1 -999.9900 -999.9900 -999.9900 -999.9900 -999.9900 -999.9900 -999.9900 -999.9900 -999.9900
   1 -999.9900 -999.9900 -999.9900 -999.9900 -999.9900 -999.9900 -999.9900 -999.9900 -999.9900
    
2023011700
   1 -999.9900 -999.9900 -999.9900 -999.9900 -999.9900 -999.9900 -999.9900 -999.9900 -999.9900
   1 -999.9900 -999.9900 -999.9900 -999.9900 -999.9900 -999.9900 -999.9900 -999.9900 -999.9900
   1 -999.9900 -999.9900 -999.9900 -999.9900 -999.9900 -999.9900 -999.9900 -999.9900 -999.9900
   1 -999.9900 -999.9900 -999.9900 -999.9900 -999.9900 -999.9900 -999.9900 -999.9900 -999.9900
    
2023011800
   1 -999.9900 -999.9900 -999.9900 -999.9900 -999.9900 -999.9900 -999.9900 -999.9900 -999.9900
   1 -999.9900 -999.9900 -999.9900 -999.9900 -999.9900 -999.9900 -999.9900 -999.9900 -999.9900
   1 -999.9900 -999.9900 -999.9900 -999.9900 -999.9900 -999.9900 -999.9900 -999.9900 -999.9900
   1 -999.9900 -999.9900 -999.9900 -999.9900 -999.9900 -999.9900 -999.9900 -999.9900 -999.9900
    
2023011900
   1 -999.9900 -999.9900 -999.9900 -999.9900 -999.9900 -999.9900 -999.9900 -999.9900 -999.9900
   1 -999.9900 -999.9900 -999.9900 -999.9900 -999.9900 -999.9900 -999.9900 -999.9900 -999.9900
   1 -999.9900 -999.9900 -999.9900 -999.9900 -999.9900 -999.9900 -999.9900 -999.9900 -999.9900
   1 -999.9900 -999.9900 -999.9900 -999.9900 -999.9900 -999.9900 -999.9900 -999.9900 -999.9900
    
2023012000
   1 -999.9900 -999.9900 -999.9900 -999.9900 -999.9900 -999.9900 -999.9900 -999.9900 -999.9900
   1 -999.9900 -999.9900 -999.9900 -999.9900 -999.9900 -999.9900 -999.9900 -999.9900 -999.9900
   1 -999.9900 -999.9900 -999.9900 -999.9900 -999.9900 -999.9900 -999.9900 -999.9900 -999.9900
   1 -999.9900 -999.9900 -999.9900 -999.9900 -999.9900 -999.9900 -999.9900 -999.9900 -999.9900
    
2023012100
   1 -999.9900 -999.9900 -999.9900 -999.9900 -999.9900 -999.9900 -999.9900 -999.9900 -999.9900
   1 -999.9900 -999.9900 -999.9900 -999.9900 -999.9900 -999.9900 -999.9900 -999.9900 -999.9900
   1 -999.9900 -999.9900 -999.9900 -999.9900 -999.9900 -999.9900 -999.9900 -999.9900 -999.9900
   1 -999.9900 -999.9900 -999.9900 -999.9900 -999.9900 -999.9900 -999.9900 -999.9900 -999.9900
    
2023012200
   1 -999.9900 -999.9900 -999.9900 -999.9900 -999.9900 -999.9900 -999.9900 -999.9900 -999.9900
   1 -999.9900 -999.9900 -999.9900 -999.9900 -999.9900 -999.9900 -999.9900 -999.9900 -999.9900
   1 -999.9900 -999.9900 -999.9900 -999.9900 -999.9900 -999.9900 -999.9900 -999.9900 -999.9900
   1 -999.9900 -999.9900 -999.9900 -999.9900 -999.9900 -999.9900 -999.9900 -999.9900 -999.9900
    
2023012300
   0    2.4320 -999.9900    5.2529    5.2529    4.5507    1.0531    3.3645    0.0671    0.1047
   0    2.1727 -999.9900    4.6742    4.6742    4.9517    0.4990    2.9802    0.0621    0.0809
   0    2.2682 -999.9900    4.8641    4.8641    4.7230    0.8792    3.0725    0.0439    0.1007
   0    2.1363 -999.9900    4.5780    4.5780    4.9313    0.4995    2.8866    0.0483    0.0848
    
2023012400
   0    2.6360 -999.9900    5.7335    5.7335    4.4600    0.9277    3.5821    0.0607    0.1407
   0    2.3139 -999.9900    5.0608    5.0608    5.1709    0.3224    3.2428    0.0488    0.0841
   0    2.4774 -999.9900    5.4713    5.4713    4.7746    0.7548    3.4292    0.0436    0.1098
   0    2.2831 -999.9900    4.9985    4.9985    5.2090    0.3199    3.2046    0.0397    0.0803
    
2023012500
   0    2.2596 -999.9900    4.7617    4.7617    4.9353   -0.4440    3.2161    0.0894    0.0583
   0    2.2631 -999.9900    4.7241    4.7241    5.6599   -0.3897    3.2778    0.0523    0.0496
   0    2.2105 -999.9900    4.6384    4.6384    4.9828   -0.4695    3.1795    0.0718    0.0589
   0    2.2303 -999.9900    4.6370    4.6370    5.5380   -0.4694    3.2404    0.0481    0.0505
    
2023012600
   0    2.3628 -999.9900    4.7203    4.7203    5.1260    0.1202    3.3036    0.0785    0.0791
   0    2.4504 -999.9900    4.8919    4.8919    5.3698   -0.1996    3.4581    0.0972    0.0788
   0    2.2453 -999.9900    4.5040    4.5040    4.9104   -0.0019    3.1193    0.0824    0.0716
   0    2.3526 -999.9900    4.7066    4.7066    5.2242   -0.2090    3.3026    0.0942    0.0728
    
2023012700
   0    2.1802 -999.9900    4.5904    4.5904    5.3637   -0.0587    3.0842    0.0565    0.0457
   0    2.0640 -999.9900    4.2141    4.2141    5.4815   -0.2529    2.8672    0.0496    0.0279
   0    2.0194 -999.9900    4.1293    4.1293    5.1435   -0.3096    2.8296    0.0522    0.0368
   0    1.9917 -999.9900    4.0153    4.0153    5.3249   -0.3780    2.7657    0.0477    0.0246
    
2023012800
   0    1.9014 -999.9900    3.9697    3.9697    4.5755    0.2808    2.7077    0.0366    0.0644
   0    1.7620 -999.9900    3.5395    3.5395    5.1243   -0.1039    2.4623    0.0254    0.0142
   0    1.8335 -999.9900    3.8010    3.8010    4.7793    0.2692    2.5787    0.0219    0.0429
   0    1.7410 -999.9900    3.4784    3.4784    5.1573   -0.0340    2.4015    0.0191    0.0128
    
2023012900
   0    2.0654 -999.9900    4.3563    4.3563    5.1998   -0.8453    2.9661    0.0562    0.0244
   0    2.1339 -999.9900    4.3779    4.3779    5.5289   -1.3666    3.1188    0.0409    0.0142
   0    2.1406 -999.9900    4.4668    4.4668    5.2980   -1.0406    3.0624    0.0516    0.0255
   0    2.1558 -999.9900    4.4264    4.4264    5.4969   -1.3663    3.1452    0.0442    0.0161
    
2023013000
   0    2.1798 -999.9900    4.6501    4.6501    5.2887   -1.6826    2.9566    0.0924    0.0052
   0    2.4113 -999.9900    5.1558    5.1558    5.5070   -2.3913    3.3729    0.0891    0.0042
   0    2.2386 -999.9900    4.8689    4.8689    5.0554   -1.7449    3.1289    0.0924    0.0102
   0    2.3985 -999.9900    5.1767    5.1767    5.3353   -2.2870    3.3853    0.0939    0.0082
    
2023013100
   0    2.4563 -999.9900    5.3668    5.3668    5.4377   -1.3256    3.5337    0.0647    0.0457
   0    2.2717 -999.9900    4.9889    4.9889    5.6785   -1.6992    3.2766    0.0487    0.0144
   0    2.4161 -999.9900    5.3207    5.3207    5.3038   -1.4164    3.4796    0.0733    0.0363
   0    2.2791 -999.9900    5.0240    5.0240    5.5669   -1.6790    3.2830    0.0562    0.0149
    
2023020100
   0    2.7177 -999.9900    5.8752    5.8752    5.3829   -0.0778    3.8764    0.0860    0.0951
   0    2.2617 -999.9900    4.7376    4.7376    5.8441   -0.3698    3.2623    0.0458    0.0515
   0    2.4737 -999.9900    5.3042    5.3042    5.3725   -0.2602    3.5658    0.0575    0.0596
   0    2.2278 -999.9900    4.6486    4.6486    5.6959   -0.4208    3.2111    0.0385    0.0418
    
2023020200
   0    2.6713 -999.9900    5.3497    5.3497    5.6452    0.3934    3.8018    0.0604    0.1397
   0    2.2367 -999.9900    4.5392    4.5392    5.6969   -0.0892    3.2076    0.0317    0.0460
   0    2.7138 -999.9900    5.5023    5.5023    5.4713    0.5903    3.8535    0.0605    0.1479
   0    2.3196 -999.9900    4.7450    4.7450    5.6476    0.1256    3.3265    0.0395    0.0627
    
2023020300
   0    2.3165 -999.9900    4.8313    4.8313    5.3213    0.5649    3.2645    0.0506    0.0642
   0    2.0455 -999.9900    4.1249    4.1249    5.4659    0.1592    2.8176    0.0308    0.0390
   0    2.2660 -999.9900    4.6662    4.6662    5.2571    0.5717    3.1609    0.0401    0.0690
   0    2.0632 -999.9900    4.1583    4.1583    5.4045    0.2445    2.8415    0.0306    0.0457
    
2023020400
   0    2.2301 -999.9900    4.6876    4.6876    5.2735    0.7172    3.1025    0.0174    0.0685
   0    2.1786 -999.9900    4.3742    4.3742    5.7453   -0.0918    2.9767    0.0333    0.0405
   0    2.3606 -999.9900    4.9202    4.9202    5.3492    0.7548    3.3499    0.0377    0.0686
   0    2.2636 -999.9900    4.5791    4.5791    5.7011    0.0927    3.1355    0.0485    0.0431
    
2023020500
   1 -999.9900 -999.9900 -999.9900 -999.9900 -999.9900 -999.9900 -999.9900 -999.9900 -999.9900
   1 -999.9900 -999.9900 -999.9900 -999.9900 -999.9900 -999.9900 -999.9900 -999.9900 -999.9900
   1 -999.9900 -999.9900 -999.9900 -999.9900 -999.9900 -999.9900 -999.9900 -999.9900 -999.9900
   1 -999.9900 -999.9900 -999.9900 -999.9900 -999.9900 -999.9900 -999.9900 -999.9900 -999.9900
    
2023020600
   0    3.1068 -999.9900    5.7854    5.7854    4.7307    0.7038    4.4241    0.0954    0.2574
   0    3.1068 -999.9900    5.7854    5.7854    4.7307    0.7038    4.4241    0.0954    0.2574
   0    3.1917 -999.9900    6.0078    6.0078    4.9915    1.0924    4.5574    0.0883    0.2589
   0    3.1471 -999.9900    6.0127    6.0127    5.1563    0.9240    4.4981    0.0670    0.2455
    
2023020700
   0    3.1099 -999.9900    6.2422    6.2422    4.9343    2.0591    4.4333    0.0532    0.2196
   0    3.0345 -999.9900    6.0610    6.0610    5.2963    1.6152    4.3941    0.0577    0.1990
   0    2.9477 -999.9900    5.9040    5.9040    4.7650    1.9035    4.2441    0.0558    0.2225
   0    2.9480 -999.9900    5.8887    5.8887    5.1350    1.6107    4.2889    0.0571    0.2048
    
2023020800
   0    2.8742 -999.9900    5.8705    5.8705    4.8211    2.4276    4.1072    0.0331    0.2243
   0    2.6626 -999.9900    5.4530    5.4530    4.9713    1.7562    3.8467    0.0374    0.1876
   0    2.9005 -999.9900    5.8945    5.8945    4.8350    2.1795    4.1501    0.0400    0.2226
   0    2.7150 -999.9900    5.5439    5.5439    4.9612    1.7415    3.9282    0.0407    0.1897
    
2023020900
   0    2.5150 -999.9900    5.1571    5.1571    5.3032    2.4299    3.6141    0.0187    0.1488
   0    2.5556 -999.9900    5.1463    5.1463    5.0600    1.8459    3.7111    0.0427    0.1605
   0    2.4703 -999.9900    5.0902    5.0902    5.1322    2.2907    3.5426    0.0140    0.1334
   0    2.5194 -999.9900    5.1079    5.1079    5.0068    1.8791    3.6546    0.0364    0.1532
    
2023021000
   0    2.4942 -999.9900    5.2260    5.2260    4.8302    1.9283    3.5699    0.0127    0.1369
   0    2.5196 -999.9900    5.2936    5.2936    5.0080    1.5613    3.6313    0.0262    0.1173
   0    2.4073 -999.9900    5.0215    5.0215    4.9287    1.6071    3.4423    0.0152    0.1222
   0    2.4641 -999.9900    5.1660    5.1660    5.0230    1.4420    3.5440    0.0250    0.1141
    
2023021100
   1 -999.9900 -999.9900 -999.9900 -999.9900 -999.9900 -999.9900 -999.9900 -999.9900 -999.9900
   1 -999.9900 -999.9900 -999.9900 -999.9900 -999.9900 -999.9900 -999.9900 -999.9900 -999.9900
   1 -999.9900 -999.9900 -999.9900 -999.9900 -999.9900 -999.9900 -999.9900 -999.9900 -999.9900
   1 -999.9900 -999.9900 -999.9900 -999.9900 -999.9900 -999.9900 -999.9900 -999.9900 -999.9900
    
2023021200
   0    3.8406 -999.9900    7.0078    7.0078    5.0331    3.0247    5.3023    0.0520    0.3633
   0    3.5908 -999.9900    6.6554    6.6554    5.3836    2.4089    5.0593    0.0473    0.3219
   0    3.4975 -999.9900    6.5448    6.5448    5.1549    2.7779    4.9354    0.0365    0.3347
   0    3.4302 -999.9900    6.4478    6.4478    5.3690    2.4492    4.8788    0.0381    0.3115
    
2023021300
   0    2.9524 -999.9900    5.7484    5.7484    5.1545    2.2507    4.3288    0.0548    0.2392
   0    2.9289 -999.9900    5.6769    5.6769    5.1697    2.2896    4.2983    0.0514    0.2337
   0    3.1595 -999.9900    6.1396    6.1396    5.2940    2.6525    4.6607    0.0477    0.2596
   0    3.0558 -999.9900    5.9162    5.9162    5.2670    2.5230    4.4995    0.0461    0.2467
    
2023021400
   0    3.2597 -999.9900    6.3159    6.3159    4.7948    3.7571    4.4774    0.0038    0.3450
   0    3.0288 -999.9900    5.9943    5.9943    4.9575    3.5453    4.2279    0.0024    0.3106
   0    3.1371 -999.9900    6.1289    6.1289    4.7865    3.7515    4.3449    0.0063    0.3182
   0    3.0014 -999.9900    5.9396    5.9396    4.9253    3.5843    4.1973    0.0037    0.3011
    
2023021500
   1 -999.9900 -999.9900 -999.9900 -999.9900 -999.9900 -999.9900 -999.9900 -999.9900 -999.9900
   1 -999.9900 -999.9900 -999.9900 -999.9900 -999.9900 -999.9900 -999.9900 -999.9900 -999.9900
   1 -999.9900 -999.9900 -999.9900 -999.9900 -999.9900 -999.9900 -999.9900 -999.9900 -999.9900
   1 -999.9900 -999.9900 -999.9900 -999.9900 -999.9900 -999.9900 -999.9900 -999.9900 -999.9900
    
2023021600
   1 -999.9900 -999.9900 -999.9900 -999.9900 -999.9900 -999.9900 -999.9900 -999.9900 -999.9900
   1 -999.9900 -999.9900 -999.9900 -999.9900 -999.9900 -999.9900 -999.9900 -999.9900 -999.9900
   0    2.3780 -999.9900    5.0741    5.0741    4.9650    2.4097    3.3785    0.0050    0.1439
   0    2.1693 -999.9900    4.6045    4.6045    4.9394    2.1869    3.0940    0.0036    0.1124
    
2023021700
   0    2.3053 -999.9900    4.7878    4.7878    4.9477    0.7742    3.2574    0.0377    0.0990
   0    2.0757 -999.9900    4.3259    4.3259    5.0392    0.9652    2.9491    0.0229    0.0626
   0    2.1184 -999.9900    4.3856    4.3856    4.9618    0.6621    3.0136    0.0224    0.0768
   0    2.0163 -999.9900    4.1762    4.1762    5.0188    0.8596    2.8669    0.0193    0.0586
    
2023021800
   0    2.2041 -999.9900    4.4860    4.4860    5.3320    1.6566    3.1807    0.0068    0.0845
   0    2.0393 -999.9900    4.0711    4.0711    4.8896    1.1703    2.9548    0.0117    0.0768
   0    2.0715 -999.9900    4.1997    4.1997    5.0851    1.5190    2.9779    0.0085    0.0854
   0    1.9883 -999.9900    3.9764    3.9764    4.8261    1.1849    2.8704    0.0121    0.0777
    
2023021900
   0    2.0463 -999.9900    3.9528    3.9528    5.2081    1.1052    2.9770    0.0313    0.0879
   0    1.9756 -999.9900    3.7600    3.7600    5.3030    0.4672    2.8413    0.0157    0.0577
   0    1.9856 -999.9900    3.8589    3.8589    5.0691    1.0861    2.8717    0.0245    0.0873
   0    1.9429 -999.9900    3.7017    3.7017    5.2320    0.5834    2.7899    0.0145    0.0602
    
2023022000
   0    2.3555 -999.9900    4.9399    4.9399    5.1501    2.0953    3.4607    0.0396    0.1134
   0    1.9448 -999.9900    3.7786    3.7786    5.5899    0.9225    2.6499    0.0117    0.0513
   0    2.0341 -999.9900    4.1085    4.1085    5.3601    1.4088    2.9562    0.0349    0.0669
   0    1.8641 -999.9900    3.5592    3.5592    5.5404    0.7451    2.5258    0.0145    0.0320
    
2023022100
   0    1.7744 -999.9900    3.3780    3.3780    5.1153   -0.4061    2.4645    0.0234    0.0109
   0    1.8611 -999.9900    3.5960    3.5960    5.0919   -0.5169    2.6302    0.0362    0.0135
   0    1.8217 -999.9900    3.3654    3.3654    5.4290    0.0169    2.5154    0.0132    0.0144
   0    1.8635 -999.9900    3.5146    3.5146    5.3069   -0.2410    2.6148    0.0197    0.0158
    
2023022200
   0    2.0695 -999.9900    4.3804    4.3804    4.7392   -0.3331    2.9800    0.0569    0.0607
   0    2.2070 -999.9900    4.6402    4.6402    4.9516   -0.8601    3.1578    0.0700    0.0430
   0    1.9260 -999.9900    3.9887    3.9887    5.1484    0.1843    2.7231    0.0231    0.0344
   0    2.0560 -999.9900    4.2631    4.2631    5.2380   -0.4443    2.9093    0.0378    0.0305
    
2023022300
   0    2.6885 -999.9900    5.4559    5.4559    4.8533   -0.8011    3.8606    0.0945    0.1161
   0    2.6130 -999.9900    5.4179    5.4179    5.1280   -0.7874    3.7564    0.0783    0.0988
   0    2.6642 -999.9900    5.5547    5.5547    4.8920   -0.9014    3.8525    0.0855    0.1116
   0    2.6142 -999.9900    5.4901    5.4901    5.0905   -0.8503    3.7670    0.0771    0.1000
    
2023022400
   1 -999.9900 -999.9900 -999.9900 -999.9900 -999.9900 -999.9900 -999.9900 -999.9900 -999.9900
   1 -999.9900 -999.9900 -999.9900 -999.9900 -999.9900 -999.9900 -999.9900 -999.9900 -999.9900
   1 -999.9900 -999.9900 -999.9900 -999.9900 -999.9900 -999.9900 -999.9900 -999.9900 -999.9900
   1 -999.9900 -999.9900 -999.9900 -999.9900 -999.9900 -999.9900 -999.9900 -999.9900 -999.9900
    
2023022500
   0    2.4624 -999.9900    5.1209    5.1209    4.3025   -0.7969    3.3789    0.1055    0.1192
   0    2.3693 -999.9900    4.9093    4.9093    4.9038   -0.3980    3.2731    0.0814    0.0903
   0    2.3081 -999.9900    4.8336    4.8336    4.5508   -0.6893    3.1561    0.0953    0.0913
   0    2.3136 -999.9900    4.8023    4.8023    4.8954   -0.4132    3.1667    0.0815    0.0807
    
2023022600
   1 -999.9900 -999.9900 -999.9900 -999.9900 -999.9900 -999.9900 -999.9900 -999.9900 -999.9900
   1 -999.9900 -999.9900 -999.9900 -999.9900 -999.9900 -999.9900 -999.9900 -999.9900 -999.9900
   1 -999.9900 -999.9900 -999.9900 -999.9900 -999.9900 -999.9900 -999.9900 -999.9900 -999.9900
   1 -999.9900 -999.9900 -999.9900 -999.9900 -999.9900 -999.9900 -999.9900 -999.9900 -999.9900
    
2023022700
   0    1.9216 -999.9900    3.6897    3.6897    5.0378    0.4406    2.6466    0.0444    0.0405
   0    2.0319 -999.9900    4.0568    4.0568    5.3189    1.1206    2.8017    0.0199    0.0532
   0    1.8637 -999.9900    3.5691    3.5691    4.9239    0.4379    2.5556    0.0438    0.0387
   0    1.9612 -999.9900    3.8723    3.8723    5.2349    0.9829    2.7109    0.0214    0.0462
    
2023022800
   0    2.0168 -999.9900    3.6544    3.6544    4.9388    0.5867    2.8220    0.0204    0.1041
   0    2.1506 -999.9900    4.0975    4.0975    5.3018    1.2291    3.0862    0.0221    0.0870
   0    1.9573 -999.9900    3.6198    3.6198    4.7862    0.7572    2.7856    0.0136    0.0940
   0    2.0971 -999.9900    4.0045    4.0045    5.1369    1.2029    3.0245    0.0126    0.0873
    
2023030100
   0    2.0728 -999.9900    3.9345    3.9345    4.7050    0.7268    2.9078    0.0378    0.0843
   0    2.1540 -999.9900    4.2549    4.2549    5.0965    1.1822    3.0208    0.0137    0.0937
   0    1.9806 -999.9900    3.7712    3.7712    4.4940    0.5721    2.7811    0.0395    0.0801
   0    2.0587 -999.9900    4.0337    4.0337    4.9610    0.9983    2.8892    0.0157    0.0824
    
2023030200
   0    2.5930 -999.9900    5.2888    5.2888    4.9722    0.7347    3.6669    0.0927    0.1168
   0    2.3548 -999.9900    4.8795    4.8795    5.0773    1.0151    3.2690    0.0506    0.0919
   0    2.5874 -999.9900    5.2561    5.2561    5.0500    0.3344    3.6949    0.0739    0.1049
   0    2.3861 -999.9900    4.9108    4.9108    5.1335    0.7189    3.3236    0.0469    0.0882
    
2023030300
   0    3.2588 -999.9900    6.6445    6.6445    4.8134    1.4819    4.5427    0.0797    0.2173
   0    3.0219 -999.9900    6.3683    6.3683    5.1580    1.8047    4.2582    0.0504    0.2007
   0    3.0883 -999.9900    6.3693    6.3693    4.7915    1.4523    4.3630    0.0776    0.2162
   0    2.9597 -999.9900    6.2345    6.2345    5.1032    1.7225    4.1915    0.0525    0.2047
    
2023030400
   0    2.3576 -999.9900    5.1530    5.1530    4.8376    1.5473    3.0867    0.0059    0.1207
   0    2.5088 -999.9900    5.6781    5.6781    4.7267    2.2083    3.4199    0.0033    0.1380
   0    2.4702 -999.9900    5.3902    5.3902    5.0760    1.8250    3.3721    0.0095    0.1102
   0    2.5556 -999.9900    5.7250    5.7250    4.8768    2.2426    3.5373    0.0045    0.1322
    
2023030500
   0    2.3518 -999.9900    4.8856    4.8856    4.9455    1.3072    3.2566    0.0311    0.1080
   0    2.4497 -999.9900    5.1126    5.1126    4.8279    1.5037    3.4281    0.0433    0.1153
   0    2.2842 -999.9900    4.7018    4.7018    4.9441    1.1129    3.1149    0.0258    0.1109
   0    2.3704 -999.9900    4.9239    4.9239    4.8914    1.3476    3.2797    0.0358    0.1119
    
2023030600
   0    2.8886 -999.9900    6.0768    6.0768    4.9257   -0.5020    4.0205    0.0940    0.1129
   0    2.9453 -999.9900    6.2712    6.2712    5.0294   -0.0753    4.1547    0.0816    0.1247
   0    3.0606 -999.9900    6.3971    6.3971    4.7642   -0.6571    4.2395    0.1073    0.1391
   0    3.0232 -999.9900    6.4063    6.4063    4.9365   -0.2537    4.2367    0.0902    0.1351
    
2023030700
   0    2.7691 -999.9900    5.7474    5.7474    4.8958   -1.0106    3.9504    0.1068    0.1413
   0    2.7700 -999.9900    5.8825    5.8825    4.8707   -0.7706    3.9428    0.1033    0.1149
   0    2.9763 -999.9900    6.2276    6.2276    4.8506   -1.1013    4.2021    0.1238    0.1377
   0    2.8988 -999.9900    6.1495    6.1495    4.8413   -0.8730    4.1061    0.1169    0.1200
    
2023030800
   0    3.0132 -999.9900    6.5211    6.5211    5.2588   -1.7641    4.1586    0.1232    0.0538
   0    3.0124 -999.9900    6.4550    6.4550    5.1535   -1.2841    4.1646    0.1271    0.0584
   0    3.1178 -999.9900    6.6932    6.6932    5.2387   -1.9831    4.2715    0.1337    0.0478
   0    3.0676 -999.9900    6.5596    6.5596    5.1807   -1.5116    4.2205    0.1313    0.0529
    
2023030900
   0    2.2861 -999.9900    5.0095    5.0095    4.9272   -1.4583    3.0848    0.0936    0.0278
   0    2.1802 -999.9900    4.7792    4.7792    4.8988   -0.9508    2.9623    0.0757    0.0253
   0    2.1904 -999.9900    4.8438    4.8438    4.8148   -0.9312    2.9840    0.0772    0.0351
   0    2.1479 -999.9900    4.7325    4.7325    4.8294   -0.7361    2.9396    0.0673    0.0298
    
2023031000
   0    2.2093 -999.9900    4.5677    4.5677    4.6408   -1.7086    3.0344    0.1018    0.0472
   0    2.0922 -999.9900    4.2880    4.2880    4.7138   -1.2641    2.8983    0.0707    0.0440
   0    2.1766 -999.9900    4.5289    4.5289    4.5582   -1.6667    2.9885    0.1031    0.0404
   0    2.0939 -999.9900    4.3092    4.3092    4.6621   -1.3279    2.8992    0.0769    0.0411
    
2023031100
   0    2.0723 -999.9900    4.2939    4.2939    4.9716   -0.5869    2.8491    0.0573    0.0475
   0    2.0516 -999.9900    4.3287    4.3287    4.5720   -0.1418    2.8366    0.0432    0.0627
   0    2.1583 -999.9900    4.4660    4.4660    4.8427   -0.6324    3.0035    0.0758    0.0434
   0    2.1082 -999.9900    4.4270    4.4270    4.5737   -0.2582    2.9462    0.0483    0.0582
    
2023031200
   0    2.0732 -999.9900    4.3179    4.3179    4.7335    1.3818    2.9338    0.0135    0.1433
   0    2.0385 -999.9900    4.2622    4.2622    4.5435    1.1906    2.9031    0.0185    0.1115
   0    2.1630 -999.9900    4.4593    4.4593    4.7247    1.4546    3.0537    0.0162    0.1508
   0    2.0766 -999.9900    4.3165    4.3165    4.6194    1.2725    2.9732    0.0199    0.1187
    
2023031300
   0    1.9393 -999.9900    3.9972    3.9972    4.7105    1.1727    2.7639    0.0144    0.0749
   0    1.8065 -999.9900    3.6718    3.6718    4.6336    1.3564    2.5337    0.0042    0.0679
   0    1.8308 -999.9900    3.7376    3.7376    4.7882    0.8344    2.5787    0.0219    0.0376
   0    1.7517 -999.9900    3.5382    3.5382    4.7242    1.1166    2.4428    0.0045    0.0374
    
2023031400
   0    1.6750 -999.9900    3.3192    3.3192    4.8429    1.2161    2.2960    0.0058    0.0306
   0    1.6501 -999.9900    3.1563    3.1563    4.4734    1.1817    2.3158    0.0163    0.0395
   0    1.6561 -999.9900    3.2981    3.2981    4.6602    1.2968    2.2893    0.0073    0.0389
   0    1.6341 -999.9900    3.1576    3.1576    4.4510    1.2370    2.2789    0.0110    0.0408
    
2023031500
   0    2.0164 -999.9900    3.8650    3.8650    4.8474    1.8265    2.7605    0.0024    0.1475
   0    2.0202 -999.9900    3.9068    3.9068    4.9550    2.1409    2.7717    0.0014    0.1367
   0    2.0095 -999.9900    3.8770    3.8770    4.5718    1.9584    2.7886    0.0025    0.1658
   0    1.9663 -999.9900    3.8128    3.8128    4.6221    2.1937    2.7532    0.0011    0.1403
    
2023031600
   0    1.7017 -999.9900    3.0640    3.0640    4.1250    1.2754    2.3697    0.0119    0.1522
   0    1.9153 -999.9900    3.5826    3.5826    4.1909    2.0346    2.7293    0.0101    0.1964
   0    1.6977 -999.9900    3.0092    3.0092    4.1101    1.2204    2.3376    0.0105    0.1793
   0    1.8554 -999.9900    3.4211    3.4211    4.1986    1.8497    2.6261    0.0086    0.1951
    
2023031700
   0    1.9969 -999.9900    3.8844    3.8844    4.4474   -0.6154    2.8205    0.0788    0.1070
   0    2.0403 -999.9900    3.9511    3.9511    4.3967    0.0784    2.8884    0.0621    0.1415
   0    2.0924 -999.9900    4.0318    4.0318    4.4237   -0.3200    2.9879    0.0774    0.1315
   0    2.0961 -999.9900    4.0464    4.0464    4.3737    0.1170    2.9807    0.0642    0.1514
    
2023031800
   1 -999.9900 -999.9900 -999.9900 -999.9900 -999.9900 -999.9900 -999.9900 -999.9900 -999.9900
   1 -999.9900 -999.9900 -999.9900 -999.9900 -999.9900 -999.9900 -999.9900 -999.9900 -999.9900
   1 -999.9900 -999.9900 -999.9900 -999.9900 -999.9900 -999.9900 -999.9900 -999.9900 -999.9900
   1 -999.9900 -999.9900 -999.9900 -999.9900 -999.9900 -999.9900 -999.9900 -999.9900 -999.9900
    
2023031900
   0    2.6975 -999.9900    5.2349    5.2349    3.7765   -2.4692    3.6656    0.2236    0.1048
   0    2.3951 -999.9900    4.7253    4.7253    4.0404   -1.8339    3.2765    0.1517    0.1156
   0    2.7178 -999.9900    5.3168    5.3168    3.7993   -2.5440    3.7017    0.2355    0.0810
   0    2.4433 -999.9900    4.8467    4.8467    4.0481   -2.0058    3.3543    0.1638    0.0956
    
2023032000
   0    2.3599 -999.9900    4.8994    4.8994    4.3599   -2.4582    3.4388    0.1439    0.0665
   0    2.2088 -999.9900    4.5802    4.5802    4.2755   -2.1438    3.1976    0.1450    0.0347
   0    2.4887 -999.9900    5.1605    5.1605    4.3889   -2.7336    3.6157    0.1696    0.0415
   0    2.3145 -999.9900    4.8005    4.8005    4.3240   -2.3719    3.3518    0.1524    0.0256
    
2023032100
   0    2.8819 -999.9900    5.9245    5.9245    4.5387   -2.7518    3.9498    0.2277    0.0211
   0    2.7813 -999.9900    5.7495    5.7495    4.4364   -2.2249    3.8777    0.1855    0.0271
   0    2.9218 -999.9900    5.9520    5.9520    4.3324   -2.6654    3.9692    0.2485    0.0279
   0    2.8193 -999.9900    5.7997    5.7997    4.3373   -2.2784    3.9075    0.2025    0.0263
    
2023032200
   0    3.0452 -999.9900    6.2819    6.2819    4.2092   -1.9927    4.0955    0.2069    0.0798
   0    2.8885 -999.9900    5.9807    5.9807    4.6880   -1.1841    3.9811    0.1748    0.0829
   0    3.1097 -999.9900    6.3751    6.3751    4.2357   -2.1707    4.2063    0.2092    0.0703
   0    2.9287 -999.9900    6.0415    6.0415    4.6874   -1.4527    4.0147    0.1806    0.0798
    
2023032300
   0    3.0048 -999.9900    6.0564    6.0564    4.3455   -1.2360    4.0853    0.1757    0.1318
   0    2.7464 -999.9900    5.6364    5.6364    4.2703   -0.6422    3.7155    0.1350    0.1134
   0    3.0584 -999.9900    6.1575    6.1575    4.2613   -1.1694    4.1611    0.1869    0.1314
   0    2.8091 -999.9900    5.7611    5.7611    4.2719   -0.7210    3.8137    0.1465    0.1153
    
2023032400
   0    2.7626 -999.9900    5.5124    5.5124    3.8902   -0.1332    3.6550    0.1131    0.1551
   0    2.6494 -999.9900    5.3512    5.3512    3.9779    0.1416    3.5433    0.1076    0.1311
   0    2.7810 -999.9900    5.5183    5.5183    3.9009   -0.3343    3.6716    0.1212    0.1499
   0    2.6716 -999.9900    5.3657    5.3657    3.9968   -0.0339    3.5483    0.1117    0.1309
    
2023032500
   0    2.3241 -999.9900    4.6746    4.6746    4.0338   -0.3930    3.3197    0.1404    0.1074
   0    2.4418 -999.9900    4.9560    4.9560    4.1830    0.3687    3.4689    0.1155    0.1294
   0    2.2574 -999.9900    4.5615    4.5615    3.8751   -0.2201    3.2169    0.1305    0.1171
   0    2.3733 -999.9900    4.8278    4.8278    4.0736    0.3201    3.3823    0.1082    0.1271
    
2023032600
   0    2.1243 -999.9900    4.3073    4.3073    4.2686   -0.6284    3.0565    0.1089    0.1029
   0    2.1847 -999.9900    4.4521    4.4521    4.0950   -0.0177    3.1780    0.0868    0.1306
   0    2.2208 -999.9900    4.6490    4.6490    4.1880   -0.8225    3.2059    0.1062    0.0922
   0    2.2086 -999.9900    4.5717    4.5717    4.1446   -0.2563    3.2104    0.0845    0.1158
    
2023032700
   0    2.5241 -999.9900    5.3033    5.3033    3.8855   -0.7219    3.4507    0.1621    0.1438
   0    2.2878 -999.9900    4.8466    4.8466    3.9877    0.0209    3.2929    0.0941    0.1420
   0    2.4275 -999.9900    5.1698    5.1698    3.9784   -0.6689    3.3691    0.1142    0.1256
   0    2.2797 -999.9900    4.8496    4.8496    4.0288   -0.0959    3.2627    0.0867    0.1296
    
2023032800
   0    2.0484 -999.9900    4.4291    4.4291    3.8459   -1.0473    2.8478    0.1136    0.0917
   0    1.9839 -999.9900    4.3007    4.3007    3.9147   -0.8425    2.7761    0.0949    0.0815
   0    2.0833 -999.9900    4.4494    4.4494    3.7479   -1.0611    2.9154    0.1165    0.1071
   0    2.0081 -999.9900    4.3204    4.3204    3.8658   -0.8918    2.8205    0.0991    0.0899
    
2023032900
   0    1.9277 -999.9900    3.9264    3.9264    4.0740   -2.1590    2.8055    0.1413    0.0096
   0    1.7388 -999.9900    3.5005    3.5005    4.1420   -1.7065    2.5019    0.1065    0.0076
   0    1.9876 -999.9900    4.0609    4.0609    4.0358   -2.2727    2.8928    0.1651    0.0083
   0    1.8059 -999.9900    3.6574    3.6574    4.1253   -1.8653    2.6122    0.1179    0.0071
    
2023033000
   0    1.9037 -999.9900    4.1084    4.1084    3.8339   -1.7464    2.5955    0.1363    0.0411
   0    1.6586 -999.9900    3.5391    3.5391    3.8648   -0.9397    2.3348    0.0843    0.0311
   0    1.7528 -999.9900    3.7441    3.7441    3.7688   -1.6635    2.3770    0.1187    0.0445
   0    1.5991 -999.9900    3.3784    3.3784    3.8560   -1.0512    2.2049    0.0839    0.0330
    
2023033100
   0    1.6613 -999.9900    3.5233    3.5233    4.0115   -1.1754    2.3101    0.0868    0.0275
   0    1.5013 -999.9900    3.1492    3.1492    4.0580   -0.1915    2.0762    0.0351    0.0388
   0    1.7205 -999.9900    3.7280    3.7280    3.8708   -1.2520    2.4124    0.0967    0.0310
   0    1.5419 -999.9900    3.2811    3.2811    4.0356   -0.4328    2.1543    0.0447    0.0381
    
2023040100
    
