2022120700
   1 -999.9900 -999.9900 -999.9900 -999.9900 -999.9900 -999.9900 -999.9900 -999.9900 -999.9900
   1 -999.9900 -999.9900 -999.9900 -999.9900 -999.9900 -999.9900 -999.9900 -999.9900 -999.9900
   1 -999.9900 -999.9900 -999.9900 -999.9900 -999.9900 -999.9900 -999.9900 -999.9900 -999.9900
   1 -999.9900 -999.9900 -999.9900 -999.9900 -999.9900 -999.9900 -999.9900 -999.9900 -999.9900
    
2022120800
   1 -999.9900 -999.9900 -999.9900 -999.9900 -999.9900 -999.9900 -999.9900 -999.9900 -999.9900
   1 -999.9900 -999.9900 -999.9900 -999.9900 -999.9900 -999.9900 -999.9900 -999.9900 -999.9900
   1 -999.9900 -999.9900 -999.9900 -999.9900 -999.9900 -999.9900 -999.9900 -999.9900 -999.9900
   1 -999.9900 -999.9900 -999.9900 -999.9900 -999.9900 -999.9900 -999.9900 -999.9900 -999.9900
    
2022120900
   1 -999.9900 -999.9900 -999.9900 -999.9900 -999.9900 -999.9900 -999.9900 -999.9900 -999.9900
   1 -999.9900 -999.9900 -999.9900 -999.9900 -999.9900 -999.9900 -999.9900 -999.9900 -999.9900
   1 -999.9900 -999.9900 -999.9900 -999.9900 -999.9900 -999.9900 -999.9900 -999.9900 -999.9900
   1 -999.9900 -999.9900 -999.9900 -999.9900 -999.9900 -999.9900 -999.9900 -999.9900 -999.9900
    
2022121000
   1 -999.9900 -999.9900 -999.9900 -999.9900 -999.9900 -999.9900 -999.9900 -999.9900 -999.9900
   1 -999.9900 -999.9900 -999.9900 -999.9900 -999.9900 -999.9900 -999.9900 -999.9900 -999.9900
   1 -999.9900 -999.9900 -999.9900 -999.9900 -999.9900 -999.9900 -999.9900 -999.9900 -999.9900
   1 -999.9900 -999.9900 -999.9900 -999.9900 -999.9900 -999.9900 -999.9900 -999.9900 -999.9900
    
2022121100
   1 -999.9900 -999.9900 -999.9900 -999.9900 -999.9900 -999.9900 -999.9900 -999.9900 -999.9900
   1 -999.9900 -999.9900 -999.9900 -999.9900 -999.9900 -999.9900 -999.9900 -999.9900 -999.9900
   1 -999.9900 -999.9900 -999.9900 -999.9900 -999.9900 -999.9900 -999.9900 -999.9900 -999.9900
   1 -999.9900 -999.9900 -999.9900 -999.9900 -999.9900 -999.9900 -999.9900 -999.9900 -999.9900
    
2022121200
   1 -999.9900 -999.9900 -999.9900 -999.9900 -999.9900 -999.9900 -999.9900 -999.9900 -999.9900
   1 -999.9900 -999.9900 -999.9900 -999.9900 -999.9900 -999.9900 -999.9900 -999.9900 -999.9900
   1 -999.9900 -999.9900 -999.9900 -999.9900 -999.9900 -999.9900 -999.9900 -999.9900 -999.9900
   1 -999.9900 -999.9900 -999.9900 -999.9900 -999.9900 -999.9900 -999.9900 -999.9900 -999.9900
    
2022121300
   1 -999.9900 -999.9900 -999.9900 -999.9900 -999.9900 -999.9900 -999.9900 -999.9900 -999.9900
   1 -999.9900 -999.9900 -999.9900 -999.9900 -999.9900 -999.9900 -999.9900 -999.9900 -999.9900
   1 -999.9900 -999.9900 -999.9900 -999.9900 -999.9900 -999.9900 -999.9900 -999.9900 -999.9900
   1 -999.9900 -999.9900 -999.9900 -999.9900 -999.9900 -999.9900 -999.9900 -999.9900 -999.9900
    
2022121400
   1 -999.9900 -999.9900 -999.9900 -999.9900 -999.9900 -999.9900 -999.9900 -999.9900 -999.9900
   1 -999.9900 -999.9900 -999.9900 -999.9900 -999.9900 -999.9900 -999.9900 -999.9900 -999.9900
   1 -999.9900 -999.9900 -999.9900 -999.9900 -999.9900 -999.9900 -999.9900 -999.9900 -999.9900
   1 -999.9900 -999.9900 -999.9900 -999.9900 -999.9900 -999.9900 -999.9900 -999.9900 -999.9900
    
2022121500
   1 -999.9900 -999.9900 -999.9900 -999.9900 -999.9900 -999.9900 -999.9900 -999.9900 -999.9900
   1 -999.9900 -999.9900 -999.9900 -999.9900 -999.9900 -999.9900 -999.9900 -999.9900 -999.9900
   1 -999.9900 -999.9900 -999.9900 -999.9900 -999.9900 -999.9900 -999.9900 -999.9900 -999.9900
   1 -999.9900 -999.9900 -999.9900 -999.9900 -999.9900 -999.9900 -999.9900 -999.9900 -999.9900
    
2022121600
   1 -999.9900 -999.9900 -999.9900 -999.9900 -999.9900 -999.9900 -999.9900 -999.9900 -999.9900
   1 -999.9900 -999.9900 -999.9900 -999.9900 -999.9900 -999.9900 -999.9900 -999.9900 -999.9900
   1 -999.9900 -999.9900 -999.9900 -999.9900 -999.9900 -999.9900 -999.9900 -999.9900 -999.9900
   1 -999.9900 -999.9900 -999.9900 -999.9900 -999.9900 -999.9900 -999.9900 -999.9900 -999.9900
    
2022121700
   0    1.9024    1.7123    3.9181    3.9181    4.0030    0.1289    2.6413    0.0841    0.1028
   0    1.8672    1.6020    3.8634    3.8634    4.2549    0.0258    2.6139    0.0711    0.0805
   0    1.8870    1.6564    3.8787    3.8787    4.1270    0.1421    2.6382    0.0732    0.0991
   0    1.8580    1.5827    3.8337    3.8337    4.2905    0.0544    2.6082    0.0673    0.0815
    
2022121800
   0    2.0649    1.6117    4.2284    4.2284    4.3286    0.4334    2.8980    0.0807    0.1165
   0    2.0474    1.5592    4.2693    4.2693    4.4782    0.1898    2.9045    0.0824    0.0944
   0    1.9839    1.6161    4.0559    4.0559    4.3343    0.4026    2.7948    0.0681    0.1065
   0    1.9953    1.5667    4.1468    4.1468    4.4633    0.2200    2.8318    0.0745    0.0884
    
2022121900
   0    2.0349    1.5653    4.3175    4.3175    4.1563    0.2378    2.8793    0.0952    0.1054
   0    2.1209    1.5201    4.5611    4.5611    4.4554   -0.0271    2.9739    0.0873    0.0970
   0    2.1003    1.5277    4.4258    4.4258    4.3285    0.0556    2.9622    0.0914    0.0999
   0    2.1402    1.5018    4.5689    4.5689    4.5006   -0.0835    2.9992    0.0858    0.0942
    
2022122000
   0    2.2582    1.6183    5.0431    5.0431    4.2456   -0.0397    3.0845    0.1065    0.0902
   0    2.2156    1.5272    4.9417    4.9417    4.4244   -0.2064    3.0152    0.0986    0.0797
   0    2.1337    1.5876    4.6897    4.6897    4.1213   -0.1664    2.9519    0.1180    0.0816
   0    2.1337    1.5876    4.6897    4.6897    4.1213   -0.1664    2.9519    0.1180    0.0816
    
2022122100
   1 -999.9900 -999.9900 -999.9900 -999.9900 -999.9900 -999.9900 -999.9900 -999.9900 -999.9900
   0    2.3081    1.5522    5.1457    5.1457    4.3419    0.2351    3.1758    0.1044    0.1083
   0    2.2680    1.5054    4.9350    4.9350    3.9746    0.1256    3.1099    0.1346    0.1131
   0    2.2680    1.5054    4.9350    4.9350    3.9746    0.1256    3.1099    0.1346    0.1131
    
2022122200
   0    2.3534    1.4907    5.1514    5.1514    4.2883    0.3076    3.2497    0.1056    0.1180
   0    2.3630    1.5026    5.2189    5.2189    4.6494    0.0562    3.2762    0.1038    0.1005
   0    2.2497    1.4254    4.9078    4.9078    4.2794    0.1482    3.1262    0.1167    0.1004
   0    2.2497    1.4254    4.9078    4.9078    4.2794    0.1482    3.1262    0.1167    0.1004
    
2022122300
   0    2.4575    1.4683    5.2665    5.2665    4.2503    0.6073    3.4630    0.0779    0.1743
   0    2.5634    1.4989    5.5006    5.5006    4.5481    0.3520    3.6347    0.0888    0.1516
   0    2.4087    1.4476    5.1233    5.1233    4.2499    0.3349    3.4103    0.0980    0.1518
   0    2.4087    1.4476    5.1233    5.1233    4.2499    0.3349    3.4103    0.0980    0.1518
    
2022122400
   0    2.4396    1.5229    5.0631    5.0631    4.2025    0.3215    3.4373    0.0968    0.1551
   0    2.5638    1.5081    5.3455    5.3455    4.5920    0.1921    3.6634    0.0961    0.1500
   0    2.3968    1.5698    4.9277    4.9277    4.1344    0.1858    3.3904    0.1102    0.1520
   0    2.5375    1.4367    5.2308    5.2308    4.5704   -0.0465    3.6059    0.1017    0.1430
    
2022122500
   0    2.3282    1.4436    4.8288    4.8288    4.2280    0.1401    3.3272    0.1102    0.1574
   0    2.3907    1.4626    4.9787    4.9787    4.5530   -0.1227    3.4317    0.1052    0.1439
   0    2.3765    1.4056    4.8904    4.8904    4.2178   -0.1303    3.4006    0.1336    0.1443
   0    2.4436    1.3551    5.0189    5.0189    4.5835   -0.4161    3.4922    0.1136    0.1347
    
2022122600
   0    2.2349    1.4970    4.6282    4.6282    4.1614   -0.2815    3.1711    0.1275    0.1357
   0    2.2903    1.4555    4.7351    4.7351    4.5217   -0.4212    3.2505    0.1179    0.1222
   0    2.2052    1.4235    4.5405    4.5405    4.1324   -0.4848    3.1338    0.1370    0.1227
   0    2.3019    1.3254    4.6849    4.6849    4.5451   -0.7025    3.2745    0.1185    0.1193
    
2022122700
   0    1.9223    1.4118    4.0261    4.0261    4.1803   -0.6054    2.6777    0.1013    0.0841
   0    2.0211    1.4082    4.2481    4.2481    4.4462   -0.6686    2.8362    0.0911    0.0801
   0    1.8751    1.3799    3.9382    3.9382    4.0892   -0.4956    2.6258    0.0892    0.0825
   0    1.9667    1.3721    4.1351    4.1351    4.3690   -0.5973    2.7642    0.0823    0.0772
    
2022122800
   0    1.8208    1.4286    3.8097    3.8097    4.0738   -0.6205    2.5544    0.1014    0.0740
   0    1.8438    1.3772    3.8445    3.8445    4.2349   -0.6633    2.5753    0.1000    0.0603
   0    1.7525    1.3747    3.6174    3.6174    4.0536   -0.5551    2.4518    0.0916    0.0717
   0    1.7901    1.3406    3.7160    3.7160    4.2156   -0.6253    2.4944    0.0917    0.0581
    
2022122900
   0    1.8080    1.3366    3.7616    3.7616    4.0230   -0.4520    2.5280    0.0921    0.0771
   0    1.8215    1.3430    3.7926    3.7926    4.3368   -0.5240    2.5393    0.0793    0.0590
   0    1.8102    1.3389    3.7691    3.7691    4.1183   -0.4916    2.5232    0.0887    0.0692
   0    1.8194    1.3421    3.7960    3.7960    4.3271   -0.5296    2.5305    0.0787    0.0588
    
2022123000
   0    1.9741    1.3173    4.1574    4.1574    4.0387   -0.2553    2.7881    0.1074    0.1113
   0    1.9441    1.3245    4.1174    4.1174    4.3658   -0.3328    2.7480    0.0888    0.0864
   0    1.9761    1.3109    4.1966    4.1966    4.1541   -0.2917    2.7902    0.0997    0.1044
   0    1.9525    1.3125    4.1547    4.1547    4.3640   -0.3356    2.7579    0.0832    0.0890
    
2022123100
   0    2.0538    1.3530    4.2617    4.2617    3.9395   -0.5155    2.8660    0.1334    0.1122
   0    2.0149    1.3206    4.2535    4.2535    4.2041   -0.5565    2.8050    0.1117    0.0927
   0    2.0544    1.3245    4.3306    4.3306    4.0307   -0.4776    2.8804    0.1184    0.1066
   0    2.0252    1.3011    4.2995    4.2995    4.2038   -0.5340    2.8312    0.1084    0.0934
    
2023010100
   0    2.0580    1.4551    4.3169    4.3169    3.6758    0.0555    2.8482    0.1219    0.1370
   0    2.0822    1.3514    4.3942    4.3942    4.0029   -0.2086    2.9480    0.0995    0.1197
   0    2.0360    1.3986    4.2947    4.2947    3.6737   -0.0002    2.8476    0.1130    0.1363
   0    2.0574    1.3302    4.3524    4.3524    3.9523   -0.1891    2.9162    0.0964    0.1191
    
2023010200
   0    1.9837    1.3701    4.1202    4.1202    3.8965   -0.2725    2.7580    0.1032    0.1083
   0    2.0193    1.3237    4.2776    4.2776    4.1980   -0.4180    2.8310    0.0960    0.0910
   0    1.9793    1.3529    4.0965    4.0965    3.8617   -0.3209    2.7578    0.1074    0.1063
   0    2.0014    1.3148    4.2182    4.2182    4.1341   -0.4179    2.8005    0.0947    0.0903
    
2023010300
   0    1.9671    1.4413    4.0092    4.0092    4.0410   -0.3540    2.7429    0.0969    0.0941
   0    2.0005    1.3852    4.1566    4.1566    4.2736   -0.3918    2.7880    0.0872    0.0865
   0    1.9617    1.4491    3.9945    3.9945    3.9707   -0.3082    2.7370    0.0972    0.0975
   0    1.9778    1.3872    4.0947    4.0947    4.2118   -0.3568    2.7620    0.0865    0.0868
    
2023010400
   0    1.9560    1.4162    4.0377    4.0377    3.8913   -0.1031    2.7293    0.0995    0.1178
   0    2.0192    1.3831    4.2006    4.2006    4.1710   -0.2366    2.8408    0.0921    0.1073
   0    1.9598    1.3869    4.0418    4.0418    3.9457   -0.1218    2.7523    0.0961    0.1130
   0    1.9975    1.3636    4.1508    4.1508    4.1665   -0.2212    2.8248    0.0878    0.1036
    
2023010500
   0    2.0252    1.5896    4.2643    4.2643    3.7691    0.4312    2.8029    0.1132    0.1250
   0    1.9932    1.4132    4.1538    4.1538    4.1299    0.0466    2.8128    0.1020    0.0928
   0    2.0425    1.5575    4.2825    4.2825    3.7664    0.4368    2.8431    0.1118    0.1293
   0    1.9978    1.4177    4.1682    4.1682    4.0774    0.1269    2.8211    0.1010    0.1001
    
2023010600
   0    2.0293    1.5083    4.2943    4.2943    3.7585    0.5033    2.8028    0.0961    0.1421
   0    2.0510    1.3911    4.4006    4.4006    3.9844    0.2918    2.8609    0.0922    0.1200
   0    2.0470    1.5005    4.3638    4.3638    3.7684    0.5408    2.8296    0.0928    0.1402
   0    2.0496    1.4001    4.4069    4.4069    3.9605    0.3566    2.8554    0.0883    0.1215
    
2023010700
   0    2.1212    1.6613    4.7349    4.7349    3.7080    0.4862    2.8756    0.0985    0.1370
   0    2.0498    1.4932    4.5317    4.5317    4.1428    0.1937    2.8403    0.0816    0.0989
   0    2.0957    1.5765    4.6776    4.6776    3.6846    0.4209    2.8431    0.0915    0.1302
   0    2.0410    1.4692    4.5251    4.5251    4.0594    0.2131    2.8206    0.0784    0.0999
    
2023010800
   0    2.1541    1.5799    4.8312    4.8312    3.7986    0.4330    2.9353    0.0990    0.1253
   0    2.1272    1.4656    4.7836    4.7836    4.1035    0.1838    2.9372    0.0894    0.1050
   0    2.1954    1.5487    4.9402    4.9402    3.8206    0.4355    2.9877    0.0910    0.1265
   0    2.1495    1.4615    4.8510    4.8510    4.0655    0.2351    2.9593    0.0851    0.1080
    
2023010900
   0    2.3275    1.5146    5.2464    5.2464    3.7659    0.4819    3.1613    0.1088    0.1321
   0    2.3697    1.4700    5.3435    5.3435    3.9821    0.4037    3.2326    0.0980    0.1197
   0    2.2472    1.4645    5.0805    5.0805    3.8631    0.3761    3.0766    0.1035    0.1142
   0    2.3021    1.4384    5.2091    5.2091    4.0178    0.3559    3.1578    0.0958    0.1094
    
2023011000
   0    2.3387    1.4906    5.2095    5.2095    3.8739    0.5770    3.1800    0.1018    0.1353
   0    2.3359    1.4126    5.2435    5.2435    4.0864    0.4711    3.1844    0.0915    0.1159
   0    2.3382    1.4438    5.2082    5.2082    3.8518    0.5011    3.1956    0.1033    0.1298
   0    2.3260    1.3909    5.2222    5.2222    4.0496    0.4467    3.1780    0.0899    0.1156
    
2023011100
   0    2.5651    1.5474    5.5892    5.5892    3.8915    0.6645    3.4697    0.1049    0.1507
   0    2.4315    1.4382    5.3909    5.3909    4.2551    0.4683    3.3926    0.0985    0.1163
   0    2.5808    1.5174    5.5939    5.5939    3.8705    0.6278    3.4964    0.1144    0.1452
   0    2.4560    1.4331    5.4229    5.4229    4.1866    0.4855    3.4141    0.1034    0.1187
    
2023011200
   0    2.5055    1.4970    5.1009    5.1009    3.9106    0.4511    3.3907    0.1261    0.1553
   0    2.4230    1.3979    5.0496    5.0496    4.1777    0.3455    3.3581    0.1077    0.1367
   0    2.5694    1.4720    5.2429    5.2429    3.8760    0.4446    3.4746    0.1296    0.1564
   0    2.4659    1.3916    5.1342    5.1342    4.1206    0.3627    3.4044    0.1101    0.1395
    
2023011300
   0    2.3971    1.4337    4.8618    4.8618    3.8751    0.2872    3.2308    0.1173    0.1453
   0    2.3342    1.4047    4.8083    4.8083    4.2093    0.3128    3.1959    0.0997    0.1210
   0    2.3636    1.4475    4.8495    4.8495    4.0142    0.3069    3.2018    0.1039    0.1329
   0    2.3186    1.4085    4.7978    4.7978    4.2368    0.3194    3.1748    0.0935    0.1159
    
2023011400
   0    2.4517    1.5533    4.8932    4.8932    4.0525    0.7783    3.3103    0.1067    0.1711
   0    2.3899    1.4328    4.8236    4.8236    4.3430    0.5414    3.2883    0.0976    0.1442
   0    2.4333    1.5115    4.8819    4.8819    4.0469    0.7182    3.2819    0.1057    0.1600
   0    2.3854    1.4245    4.8225    4.8225    4.2916    0.5527    3.2678    0.0966    0.1454
    
2023011500
   0    2.4470    1.5138    4.8826    4.8826    4.1177    0.8598    3.3617    0.0982    0.1885
   0    2.2991    1.4145    4.6564    4.6564    4.4269    0.5853    3.2338    0.0793    0.1419
   0    2.4320    1.5092    4.8549    4.8549    4.1170    0.8422    3.3555    0.0940    0.1820
   0    2.3113    1.4246    4.6772    4.6772    4.3741    0.6296    3.2482    0.0785    0.1431
    
2023011600
   0    2.4500    1.4465    4.9200    4.9200    4.0253    0.8024    3.4163    0.0903    0.1945
   0    2.3419    1.4037    4.7851    4.7851    4.3072    0.5961    3.2744    0.0838    0.1501
   0    2.4453    1.4300    4.9087    4.9087    4.0502    0.7445    3.4075    0.0917    0.1868
   0    2.3508    1.3920    4.7878    4.7878    4.2853    0.6027    3.2896    0.0821    0.1525
    
2023011700
   0    2.3706    1.5064    4.8480    4.8480    4.2811    0.2417    3.3234    0.0914    0.1583
   0    2.2216    1.4056    4.5915    4.5915    4.4844    0.1189    3.1249    0.0829    0.1163
   0    2.2948    1.4803    4.7090    4.7090    4.1685    0.2329    3.2335    0.0894    0.1534
   0    2.2017    1.4046    4.5518    4.5518    4.3857    0.1381    3.1032    0.0823    0.1208
    
2023011800
   0    2.2248    1.5216    4.6807    4.6807    4.3433    0.3049    3.1110    0.0707    0.1218
   0    2.0591    1.4405    4.4055    4.4055    4.5220    0.0605    2.9136    0.0545    0.0893
   0    2.1975    1.4995    4.5769    4.5769    4.3388    0.1933    3.0858    0.0727    0.1187
   0    2.0645    1.4359    4.3858    4.3858    4.4945    0.0425    2.9299    0.0583    0.0898
    
2023011900
   0    2.1390    1.5278    4.5087    4.5087    4.1977    0.1703    3.0076    0.0697    0.1442
   0    2.0700    1.5048    4.3708    4.3708    4.4962    0.2021    2.8959    0.0653    0.1143
   0    2.1462    1.5171    4.5292    4.5292    4.1026    0.2696    2.9973    0.0710    0.1502
   0    2.0802    1.5001    4.4046    4.4046    4.3909    0.2553    2.9092    0.0646    0.1212
    
2023012000
   0    2.1943    1.5798    4.5813    4.5813    3.9529    0.3680    3.0707    0.0945    0.1569
   0    2.0850    1.4917    4.3997    4.3997    4.3577    0.3181    2.9355    0.0719    0.1181
   0    2.1744    1.5574    4.5353    4.5353    3.9931    0.4018    3.0457    0.0900    0.1527
   0    2.0886    1.4921    4.4015    4.4015    4.3072    0.3483    2.9405    0.0716    0.1221
    
2023012100
   0    2.1407    1.5710    4.7165    4.7165    3.9302    0.8518    3.0112    0.0797    0.1556
   0    2.1260    1.5166    4.7007    4.7007    4.5053    0.6035    3.0122    0.0667    0.1139
   0    2.1111    1.5500    4.6734    4.6734    3.9413    0.7471    2.9792    0.0828    0.1459
   0    2.1055    1.5084    4.6656    4.6656    4.4133    0.5903    2.9863    0.0687    0.1140
    
2023012200
   0    2.2012    1.6247    4.6438    4.6438    3.9009    0.8605    3.1066    0.0745    0.1795
   0    2.2372    1.5862    4.8372    4.8372    4.3402    0.8696    3.1430    0.0699    0.1510
   0    2.1697    1.5699    4.6328    4.6328    3.8387    0.8342    3.0607    0.0699    0.1727
   0    2.1960    1.5260    4.7047    4.7047    4.2628    0.7315    3.0960    0.0615    0.1528
    
2023012300
   0    2.1504    1.5277    4.4433    4.4433    3.9284    0.9174    2.9995    0.0886    0.1555
   0    2.1230    1.4879    4.4284    4.4284    4.2786    0.7491    2.9782    0.0794    0.1297
   0    2.1198    1.4966    4.3517    4.3517    4.0065    0.8328    2.9623    0.0785    0.1547
   0    2.0990    1.4759    4.3625    4.3625    4.2701    0.7295    2.9505    0.0733    0.1322
    
2023012400
   0    2.1965    1.4891    4.3842    4.3842    4.1033    0.6741    3.0263    0.0846    0.1636
   0    2.0960    1.4499    4.2045    4.2045    4.4572    0.5831    2.9220    0.0811    0.1175
   0    2.1427    1.4579    4.2793    4.2793    4.1440    0.6624    2.9612    0.0804    0.1472
   0    2.0820    1.4383    4.1779    4.1779    4.4098    0.6106    2.9031    0.0795    0.1185
    
2023012500
   0    2.0874    1.4390    4.0680    4.0680    4.1606    0.4532    2.9333    0.1014    0.1345
   0    2.0759    1.4523    4.0826    4.0826    4.5554    0.4595    2.9437    0.0719    0.1157
   0    2.0930    1.4382    4.0811    4.0811    4.1666    0.4712    2.9462    0.0940    0.1404
   0    2.0734    1.4434    4.0687    4.0687    4.4984    0.4863    2.9369    0.0703    0.1206
    
2023012600
   0    2.0514    1.5562    4.1211    4.1211    4.4650    0.1878    2.8691    0.0900    0.1008
   0    2.0408    1.4856    4.1436    4.1436    4.6079    0.1327    2.8994    0.0954    0.0763
   0    2.0365    1.5005    4.0922    4.0922    4.4365    0.1206    2.8691    0.0975    0.0944
   0    2.0309    1.4634    4.1168    4.1168    4.5674    0.1034    2.8897    0.0983    0.0766
    
2023012700
   0    1.9424    1.4849    4.0621    4.0621    4.1550   -0.3101    2.7171    0.0982    0.0781
   0    1.8988    1.4629    3.9565    3.9565    4.5357   -0.2879    2.7047    0.0708    0.0527
   0    1.9542    1.4402    4.0694    4.0694    4.1938   -0.2709    2.7531    0.0908    0.0775
   0    1.9039    1.4292    3.9728    3.9728    4.4924   -0.2746    2.7097    0.0703    0.0551
    
2023012800
   0    2.0976    1.5565    4.3312    4.3312    4.1548   -0.3173    2.9235    0.1009    0.1070
   0    2.0930    1.5481    4.3280    4.3280    4.5668   -0.3311    2.9230    0.0861    0.0848
   0    2.0549    1.5288    4.2712    4.2712    4.2259   -0.3508    2.8606    0.0959    0.0965
   0    2.0595    1.5244    4.2802    4.2802    4.5422   -0.3604    2.8649    0.0836    0.0794
    
2023012900
   0    1.9608    1.4788    3.9112    3.9112    4.1717   -0.0555    2.7338    0.0786    0.0990
   0    1.9007    1.4790    3.7915    3.7915    4.5005   -0.0554    2.6653    0.0564    0.0819
   0    1.9706    1.4550    3.9710    3.9710    4.2738   -0.0476    2.7494    0.0728    0.0918
   0    1.9103    1.4565    3.8320    3.8320    4.4955   -0.0645    2.6799    0.0567    0.0789
    
2023013000
   0    2.1562    1.5108    4.2386    4.2386    4.3571   -0.0407    3.0177    0.0959    0.1269
   0    2.1279    1.5072    4.2577    4.2577    4.5599   -0.1040    3.0221    0.0726    0.1173
   0    2.1077    1.4507    4.1977    4.1977    4.2645   -0.0341    2.9787    0.0874    0.1196
   0    2.1005    1.4689    4.2214    4.2214    4.4744   -0.0874    2.9898    0.0722    0.1130
    
2023013100
   0    2.0375    1.4388    4.1588    4.1588    4.2346   -0.0438    2.8948    0.0907    0.0985
   0    1.9836    1.4570    4.0594    4.0594    4.5042   -0.1112    2.8533    0.0651    0.0750
   0    2.0543    1.4127    4.1719    4.1719    4.1978   -0.0350    2.9205    0.0926    0.0984
   0    1.9959    1.4320    4.0745    4.0745    4.4420   -0.0924    2.8697    0.0695    0.0787
    
2023020100
   0    2.0503    1.4380    4.1714    4.1714    4.0294   -0.2895    2.8625    0.1226    0.0883
   0    1.9390    1.4284    3.9120    3.9120    4.4565   -0.3680    2.7509    0.0869    0.0533
   0    1.9868    1.3961    4.0481    4.0481    4.0388   -0.3042    2.8005    0.1111    0.0736
   0    1.9236    1.4075    3.8957    3.8957    4.3707   -0.3612    2.7386    0.0845    0.0523
    
2023020200
   0    1.9917    1.4544    4.0066    4.0066    4.1358   -0.1901    2.8222    0.1031    0.1029
   0    1.8802    1.3946    3.7616    3.7616    4.3843   -0.2073    2.6757    0.0738    0.0614
   0    1.9148    1.4061    3.8399    3.8399    4.1219   -0.1629    2.7159    0.0956    0.0893
   0    1.8459    1.3687    3.6849    3.6849    4.3465   -0.1875    2.6237    0.0722    0.0585
    
2023020300
   0    1.8428    1.3627    3.7383    3.7383    4.2023    0.0118    2.6010    0.0754    0.0805
   0    1.8706    1.3753    3.7419    3.7419    4.3880   -0.0854    2.6495    0.0672    0.0704
   0    1.8358    1.3337    3.6988    3.6988    4.0582   -0.0829    2.5870    0.0834    0.0774
   0    1.8523    1.3507    3.7016    3.7016    4.2832   -0.1227    2.6191    0.0722    0.0687
    
2023020400
   0    2.0291    1.4130    4.1156    4.1156    4.0926    0.1242    2.8520    0.0798    0.1004
   0    2.0549    1.4440    4.2187    4.2187    4.4348    0.1824    2.9180    0.0615    0.0862
   0    2.0627    1.3949    4.2182    4.2182    4.1820    0.1381    2.9089    0.0783    0.0966
   0    2.0631    1.4230    4.2489    4.2489    4.4269    0.1791    2.9304    0.0613    0.0864
    
2023020500
   0    2.0505    1.5310    4.2297    4.2297    4.2402    0.1036    2.9121    0.0960    0.1111
   0    2.0008    1.5176    4.1257    4.1257    4.3482    0.1467    2.8386    0.0790    0.1007
   0    1.9595    1.4797    4.0604    4.0604    4.2034    0.1350    2.7921    0.0806    0.0997
   0    1.9440    1.4763    4.0138    4.0138    4.3432    0.1884    2.7620    0.0645    0.0913
    
2023020600
   0    1.8955    1.5490    3.9388    3.9388    3.9211   -0.1070    2.6563    0.0824    0.1092
   0    1.8955    1.5490    3.9388    3.9388    3.9211   -0.1070    2.6563    0.0824    0.1092
   0    1.8850    1.5312    3.9481    3.9481    4.0496   -0.0268    2.6534    0.0698    0.1017
   0    1.9325    1.5331    4.0701    4.0701    4.2027    0.0224    2.7251    0.0603    0.0960
    
2023020700
   0    2.2054    1.5336    4.6329    4.6329    3.8368    0.2225    3.1322    0.0966    0.1467
   0    2.1899    1.5378    4.6412    4.6412    4.1092    0.2831    3.1417    0.0784    0.1222
   0    2.1034    1.4810    4.4332    4.4332    3.8084    0.1902    3.0093    0.0917    0.1327
   0    2.1198    1.4960    4.5033    4.5033    4.0593    0.2517    3.0492    0.0753    0.1162
    
2023020800
   0    2.3414    1.5594    4.8149    4.8149    3.7680    0.4106    3.2906    0.0999    0.1731
   0    2.2792    1.5539    4.7381    4.7381    4.0616    0.4206    3.2348    0.0859    0.1427
   0    2.3441    1.5230    4.8177    4.8177    3.8302    0.3034    3.3000    0.1000    0.1608
   0    2.2815    1.5249    4.7378    4.7378    4.0590    0.3542    3.2370    0.0841    0.1395
    
2023020900
   0    2.3943    1.6019    4.7801    4.7801    3.8439    0.4354    3.3526    0.1007    0.1934
   0    2.3022    1.5883    4.6822    4.6822    4.0721    0.3491    3.2479    0.0810    0.1741
   0    2.2937    1.5435    4.6164    4.6164    3.8374    0.3706    3.2252    0.0979    0.1816
   0    2.2552    1.5510    4.5975    4.5975    4.0289    0.3275    3.1875    0.0827    0.1677
    
2023021000
   0    2.3095    1.5778    4.5788    4.5788    3.8416    0.5473    3.2334    0.1023    0.1983
   0    2.2623    1.5961    4.5631    4.5631    4.0713    0.5536    3.2042    0.0873    0.1713
   0    2.2737    1.5476    4.5201    4.5201    3.8683    0.4739    3.1978    0.1033    0.1847
   0    2.2434    1.5696    4.5240    4.5240    4.0487    0.5083    3.1806    0.0896    0.1674
    
2023021100
   0    2.1690    1.5765    4.3737    4.3737    3.7843    0.3051    3.0440    0.1019    0.1814
   0    2.2163    1.5762    4.5382    4.5382    4.1240    0.2979    3.1641    0.0898    0.1545
   1 -999.9900 -999.9900 -999.9900 -999.9900 -999.9900 -999.9900 -999.9900 -999.9900 -999.9900
   1 -999.9900 -999.9900 -999.9900 -999.9900 -999.9900 -999.9900 -999.9900 -999.9900 -999.9900
    
2023021200
   0    2.1531    1.6202    4.4914    4.4914    3.8382    0.5265    3.0247    0.0789    0.1611
   0    2.1294    1.6049    4.4658    4.4658    4.1434    0.3443    3.0130    0.0700    0.1291
   0    2.1650    1.5055    4.5304    4.5304    3.9706    0.2430    3.0453    0.0866    0.1472
   0    2.1627    1.4550    4.4946    4.4946    4.2200    0.1098    3.0722    0.0769    0.1352
    
2023021300
   0    1.9350    1.5356    4.0068    4.0068    3.9416    0.4101    2.7547    0.0748    0.1197
   0    1.9758    1.5505    4.0897    4.0897    4.1758    0.3590    2.8149    0.0690    0.1025
   0    1.9731    1.5560    4.0932    4.0932    4.0413    0.4386    2.8281    0.0724    0.1204
   0    1.9853    1.5530    4.1158    4.1158    4.1945    0.3863    2.8384    0.0676    0.1040
    
2023021400
   0    2.0649    1.5538    4.2912    4.2912    3.9803    0.2639    2.8954    0.0768    0.1337
   0    2.0397    1.5824    4.2483    4.2483    4.1043    0.3290    2.8802    0.0735    0.1159
   0    1.9929    1.5321    4.1578    4.1578    4.0067    0.2929    2.8194    0.0683    0.1185
   0    1.9972    1.5593    4.1694    4.1694    4.1022    0.3334    2.8287    0.0691    0.1084
    
2023021500
   0    1.9049    1.5257    3.9768    3.9768    4.1379    0.2383    2.7239    0.0710    0.1032
   0    1.8718    1.5093    3.8240    3.8240    4.3008    0.2238    2.6797    0.0622    0.0816
   0    1.8527    1.4928    3.8664    3.8664    4.0921    0.2000    2.6288    0.0694    0.0953
   0    1.8440    1.4874    3.7867    3.7867    4.2535    0.1958    2.6326    0.0617    0.0772
    
2023021600
   0    1.9000    1.5881    3.8987    3.8987    3.9619    0.2404    2.7055    0.0846    0.1044
   0    1.8433    1.5839    3.7603    3.7603    4.1729    0.3058    2.6449    0.0603    0.0799
   0    1.9207    1.5233    3.9607    3.9607    4.0610    0.3119    2.7499    0.0796    0.0927
   0    1.8713    1.5513    3.8320    3.8320    4.1967    0.3388    2.6894    0.0619    0.0788
    
2023021700
   0    2.0916    1.5246    4.3214    4.3214    4.2369   -0.0563    2.9971    0.1047    0.0885
   0    1.9971    1.5476    4.1388    4.1388    4.4038    0.0899    2.8675    0.0713    0.0762
   0    2.0566    1.4505    4.2814    4.2814    4.2635   -0.0320    2.9582    0.0950    0.0785
   0    1.9917    1.4970    4.1483    4.1483    4.3883    0.0752    2.8637    0.0706    0.0714
    
2023021800
   0    2.1053    1.4795    4.2289    4.2289    4.2734   -0.0079    3.0238    0.0944    0.1052
   0    2.0382    1.4732    4.0643    4.0643    4.2648    0.0855    2.9285    0.0774    0.0976
   0    2.0736    1.4727    4.1431    4.1431    4.1454    0.0044    2.9763    0.0986    0.1089
   0    2.0260    1.4655    4.0375    4.0375    4.1983    0.0742    2.9147    0.0787    0.0989
    
2023021900
   0    2.0358    1.4732    4.0691    4.0691    4.1536   -0.1569    2.8633    0.1219    0.1060
   0    2.0386    1.4814    4.1042    4.1042    4.3223   -0.0935    2.8926    0.0977    0.1036
   0    1.9737    1.4649    3.9598    3.9598    4.1632   -0.1304    2.7881    0.1079    0.0946
   0    1.9982    1.4718    4.0215    4.0215    4.3043   -0.0903    2.8337    0.0930    0.0974
    
2023022000
   0    1.9568    1.5577    4.0767    4.0767    4.1553   -0.2113    2.7495    0.1098    0.0833
   0    1.9299    1.5035    3.9800    3.9800    4.3697   -0.1506    2.7248    0.0885    0.0679
   0    1.8930    1.5438    3.9525    3.9525    4.1425   -0.1877    2.6602    0.1036    0.0747
   0    1.9040    1.5099    3.9417    3.9417    4.3030   -0.1486    2.6822    0.0876    0.0663
    
2023022100
   0    1.9725    1.5968    4.0817    4.0817    4.0340   -0.3815    2.7834    0.1107    0.0840
   0    1.9970    1.5815    4.1225    4.1225    4.1524   -0.1909    2.8426    0.0909    0.0899
   0    1.9669    1.6291    4.0704    4.0704    4.0697   -0.3174    2.7636    0.1085    0.0779
   0    1.9817    1.5965    4.0952    4.0952    4.1617   -0.1906    2.8093    0.0908    0.0823
    
2023022200
   0    2.0258    1.7523    4.2856    4.2856    3.9048   -0.0383    2.8560    0.1121    0.0967
   0    1.9846    1.6414    4.1857    4.1857    4.1516    0.0297    2.8121    0.0817    0.0937
   0    2.0047    1.6780    4.2032    4.2032    4.0365   -0.0580    2.8172    0.1019    0.0898
   0    1.9702    1.6128    4.1350    4.1350    4.1981    0.0042    2.7870    0.0780    0.0874
    
2023022300
   0    2.3631    1.7676    4.7915    4.7915    3.8210    0.0419    3.2943    0.1352    0.1559
   0    2.1958    1.7286    4.5416    4.5416    4.0999    0.0977    3.0996    0.1014    0.1265
   0    2.2416    1.6570    4.6143    4.6143    3.9488   -0.0289    3.1613    0.1198    0.1278
   0    2.1546    1.6728    4.4822    4.4822    4.1168    0.0441    3.0514    0.0977    0.1153
    
2023022400
   0    2.1528    1.6480    4.4797    4.4797    3.9152    0.1551    3.0841    0.1184    0.1156
   0    2.1799    1.6975    4.5286    4.5286    4.0775    0.2981    3.1349    0.0995    0.1186
   0    2.1350    1.6314    4.4498    4.4498    3.9573    0.0714    3.0569    0.1150    0.1073
   0    2.1480    1.6645    4.4755    4.4755    4.0899    0.1943    3.0917    0.0983    0.1064
    
2023022500
   0    2.1087    1.6446    4.3696    4.3696    3.9250    0.2570    2.9827    0.1159    0.1243
   0    2.0228    1.6898    4.1877    4.1877    4.0827    0.3142    2.8674    0.0946    0.1039
   0    2.0629    1.6515    4.3179    4.3179    4.0058    0.2458    2.9228    0.1080    0.1043
   0    2.0158    1.6881    4.1958    4.1958    4.0944    0.2961    2.8626    0.0927    0.0972
    
2023022600
   0    2.0219    1.8426    4.0303    4.0303    4.1082    0.2724    2.8570    0.0823    0.1176
   0    2.0312    1.8402    4.0973    4.0973    4.1195    0.2952    2.9071    0.0733    0.1194
   0    2.0063    1.8101    4.0153    4.0153    4.0348    0.2729    2.8350    0.0859    0.1161
   0    2.0128    1.8158    4.0617    4.0617    4.0877    0.2910    2.8782    0.0741    0.1162
    
2023022700
   1 -999.9900 -999.9900 -999.9900 -999.9900 -999.9900 -999.9900 -999.9900 -999.9900 -999.9900
   0    2.0757    1.8340    4.1778    4.1778    4.1680    0.1858    2.9138    0.0879    0.1129
   0    2.0199    1.8012    4.0106    4.0106    3.9622    0.1332    2.8234    0.1006    0.1094
   0    2.0131    1.7813    4.0406    4.0406    4.1453    0.1629    2.8323    0.0847    0.1071
    
2023022800
   0    1.9502    1.7527    4.0991    4.0991    4.0428   -0.1562    2.7553    0.0947    0.1118
   0    2.0604    1.7741    4.3503    4.3503    4.1538   -0.0722    2.9192    0.1012    0.1090
   0    1.9184    1.7343    4.0210    4.0210    3.9905   -0.1697    2.7225    0.0958    0.1043
   0    2.0164    1.7569    4.2490    4.2490    4.1093   -0.0972    2.8625    0.0990    0.1013
    
2023030100
   0    1.9329    1.9564    4.0560    4.0560    3.9346   -0.1397    2.6901    0.1086    0.0964
   0    1.9572    1.9069    4.0723    4.0723    4.1406   -0.0903    2.7585    0.1019    0.0882
   0    1.8874    1.9280    3.9589    3.9589    3.9472   -0.1083    2.6220    0.0984    0.0897
   0    1.9183    1.8895    3.9943    3.9943    4.1233   -0.0814    2.6910    0.0962    0.0840
    
2023030200
   0    1.8938    1.8571    3.8897    3.8897    4.2022   -0.1899    2.6414    0.0759    0.0895
   0    1.8872    1.7778    3.8964    3.8964    4.2091   -0.1870    2.6641    0.0795    0.0769
   0    1.9023    1.8190    3.9298    3.9298    4.1685   -0.2163    2.6732    0.0727    0.0903
   0    1.8877    1.7660    3.9070    3.9070    4.1993   -0.2034    2.6641    0.0753    0.0783
    
2023030300
   0    2.1283 -999.9900    4.4832    4.4832    3.8890   -0.0836    2.9653    0.0994    0.1238
   0    2.0682 -999.9900    4.3711    4.3711    4.1355    0.0220    2.9024    0.0957    0.1045
   0    2.0700 -999.9900    4.3823    4.3823    3.8721   -0.1076    2.8983    0.0975    0.1155
   0    2.0347 -999.9900    4.3084    4.3084    4.1026   -0.0135    2.8581    0.0922    0.1004
    
2023030400
   0    1.9544 -999.9900    4.1457    4.1457    4.1123   -0.0828    2.7006    0.0759    0.1098
   0    1.9757 -999.9900    4.2502    4.2502    4.1319    0.0221    2.7551    0.0695    0.1040
   0    2.0095 -999.9900    4.3118    4.3118    4.1741   -0.0590    2.8079    0.0773    0.1042
   0    2.0019 -999.9900    4.3237    4.3237    4.1690    0.0153    2.8040    0.0709    0.1024
    
2023030500
   0    1.8778 -999.9900    3.9224    3.9224    4.1000   -0.2583    2.6455    0.0831    0.0971
   0    1.9472 -999.9900    4.0950    4.0950    4.1116   -0.1967    2.7330    0.0886    0.1052
   0    1.8783 -999.9900    3.9588    3.9588    4.0754   -0.2832    2.6546    0.0831    0.0957
   0    1.9261 -999.9900    4.0638    4.0638    4.1133   -0.2240    2.7081    0.0851    0.1017
    
2023030600
   0    2.0985 -999.9900    4.6088    4.6088    4.1156   -0.6025    2.9150    0.1213    0.1064
   0    2.0627 -999.9900    4.5026    4.5026    4.1710   -0.4447    2.8909    0.1048    0.0986
   0    2.0637 -999.9900    4.5173    4.5173    4.0674   -0.5573    2.8864    0.1188    0.1012
   0    2.0425 -999.9900    4.4597    4.4597    4.1411   -0.4492    2.8686    0.1048    0.0977
    
2023030700
   0    2.1666 -999.9900    4.6258    4.6258    4.1411   -0.4870    3.0486    0.1241    0.1199
   0    2.1334 -999.9900    4.5485    4.5485    4.1854   -0.3873    3.0189    0.1051    0.1164
   0    2.1058 -999.9900    4.5208    4.5208    4.2049   -0.4294    2.9977    0.1090    0.1111
   0    2.0966 -999.9900    4.4952    4.4952    4.2197   -0.3726    2.9861    0.0968    0.1103
    
2023030800
   0    1.9394 -999.9900    4.2067    4.2067    4.0924   -0.4359    2.7315    0.1094    0.0901
   0    1.9597 -999.9900    4.2310    4.2310    4.2153   -0.3321    2.7491    0.0947    0.0878
   0    1.9860 -999.9900    4.3035    4.3035    4.1171   -0.5060    2.7857    0.1098    0.0933
   0    1.9764 -999.9900    4.2713    4.2713    4.2181   -0.3950    2.7654    0.0953    0.0902
    
2023030900
   0    1.8942 -999.9900    3.9351    3.9351    4.0720   -0.2992    2.6561    0.1085    0.0790
   0    1.8507 -999.9900    3.8507    3.8507    4.1064   -0.2601    2.6050    0.0934    0.0730
   0    1.8812 -999.9900    3.9233    3.9233    4.0085   -0.3293    2.6536    0.1069    0.0767
   0    1.8444 -999.9900    3.8501    3.8501    4.0723   -0.2860    2.6044    0.0936    0.0705
    
2023031000
   0    1.8568 -999.9900    3.8269    3.8269    4.0290   -0.5652    2.6456    0.1046    0.0693
   0    1.8122 -999.9900    3.6863    3.6863    4.1717   -0.4090    2.5758    0.0862    0.0619
   0    1.8163 -999.9900    3.7332    3.7332    4.0345   -0.5152    2.5880    0.0987    0.0577
   0    1.7883 -999.9900    3.6446    3.6446    4.1575   -0.4102    2.5454    0.0835    0.0543
    
2023031100
   0    1.8852 -999.9900    3.7779    3.7779    4.1037   -0.4167    2.6668    0.1017    0.0895
   0    1.8551 -999.9900    3.7056    3.7056    4.1193   -0.3427    2.6254    0.0917    0.0789
   0    1.8701 -999.9900    3.7622    3.7622    4.0446   -0.4336    2.6480    0.1035    0.0836
   0    1.8475 -999.9900    3.7045    3.7045    4.0870   -0.3676    2.6170    0.0919    0.0789
    
2023031200
   0    1.9490 -999.9900    3.8990    3.8990    4.2076   -0.4268    2.7315    0.1108    0.0815
   0    1.8655 -999.9900    3.7667    3.7667    4.2426   -0.3780    2.6217    0.0846    0.0654
   0    1.9175 -999.9900    3.8542    3.8542    4.1155   -0.4706    2.6921    0.1148    0.0771
   0    1.8551 -999.9900    3.7529    3.7529    4.1935   -0.4140    2.6109    0.0891    0.0653
    
2023031300
   0    1.8396 -999.9900    3.6648    3.6648    4.0051   -0.3751    2.5651    0.0936    0.0863
   0    1.8100 -999.9900    3.6296    3.6296    4.1404   -0.2755    2.5498    0.0727    0.0691
   0    1.8047 -999.9900    3.6037    3.6037    4.0735   -0.4195    2.5113    0.0871    0.0705
   0    1.7858 -999.9900    3.5746    3.5746    4.1749   -0.3221    2.5048    0.0707    0.0586
    
2023031400
   0    1.8426 -999.9900    3.8066    3.8066    3.8647   -0.3326    2.6047    0.1035    0.0762
   0    1.7927 -999.9900    3.6649    3.6649    4.0205   -0.2600    2.5599    0.0860    0.0663
   0    1.8152 -999.9900    3.7310    3.7310    3.8934   -0.3749    2.5681    0.0996    0.0692
   0    1.7739 -999.9900    3.6197    3.6197    4.0310   -0.2999    2.5281    0.0842    0.0612
    
2023031500
   0    1.8733 -999.9900    3.8873    3.8873    3.9897   -0.1595    2.6458    0.0976    0.0832
   0    1.8125 -999.9900    3.7398    3.7398    4.0816   -0.0515    2.5645    0.0831    0.0737
   0    1.8868 -999.9900    3.9201    3.9201    3.9511   -0.1855    2.6769    0.1030    0.0785
   0    1.8320 -999.9900    3.7770    3.7770    4.0851   -0.1276    2.6027    0.0860    0.0697
    
2023031600
   0    1.9299 -999.9900    4.0318    4.0318    3.8320   -0.2465    2.7242    0.1162    0.0870
   0    1.8729 -999.9900    3.8832    3.8832    3.9034   -0.1646    2.6700    0.1065    0.0807
   0    1.9234 -999.9900    3.9995    3.9995    3.8320   -0.2530    2.7310    0.1147    0.0914
   0    1.8665 -999.9900    3.8641    3.8641    3.9141   -0.2021    2.6678    0.1044    0.0806
    
2023031700
   0    1.9146 -999.9900    4.0061    4.0061    3.8906   -0.2717    2.7119    0.1152    0.0957
   0    1.8785 -999.9900    3.9181    3.9181    4.0265   -0.1603    2.6682    0.1012    0.0848
   0    1.9269 -999.9900    4.0148    4.0148    3.8495   -0.2783    2.7327    0.1200    0.0975
   0    1.8902 -999.9900    3.9436    3.9436    3.9865   -0.1973    2.6846    0.1071    0.0866
    
2023031800
   0    1.9998 -999.9900    4.1036    4.1036    3.9163   -0.0293    2.8077    0.1195    0.1022
   0    1.9171 -999.9900    3.9598    3.9598    3.9532    0.0897    2.7081    0.0951    0.0976
   0    1.9373 -999.9900    3.9877    3.9877    3.9180   -0.0027    2.7350    0.1074    0.0946
   0    1.8843 -999.9900    3.8895    3.8895    3.9644    0.0796    2.6661    0.0916    0.0895
    
2023031900
   0    2.0462 -999.9900    4.1495    4.1495    3.7291    0.2890    2.8512    0.1207    0.1256
   0    1.9650 -999.9900    4.0265    4.0265    3.8502    0.3412    2.7612    0.1011    0.1091
   0    2.0291 -999.9900    4.1438    4.1438    3.7434    0.2927    2.8304    0.1143    0.1198
   0    1.9628 -999.9900    4.0294    4.0294    3.8541    0.3330    2.7509    0.0992    0.1080
    
2023032000
   0    2.1888 -999.9900    4.5621    4.5621    3.8064    0.6773    3.0365    0.0815    0.1704
   0    2.1197 -999.9900    4.4009    4.4009    3.9227    0.7147    2.9652    0.0831    0.1521
   0    2.2035 -999.9900    4.6313    4.6313    3.8158    0.7095    3.0618    0.0912    0.1601
   0    2.1369 -999.9900    4.4682    4.4682    3.9144    0.7265    2.9911    0.0853    0.1490
    
2023032100
   0    2.2714 -999.9900    4.7209    4.7209    3.8297    0.7613    3.1592    0.1124    0.1566
   0    2.2173 -999.9900    4.6369    4.6369    3.9172    0.7919    3.1204    0.0967    0.1519
   0    2.2856 -999.9900    4.7533    4.7533    3.7543    0.7701    3.1664    0.1161    0.1588
   0    2.2283 -999.9900    4.6633    4.6633    3.8685    0.7910    3.1245    0.0993    0.1528
    
2023032200
   0    2.2258 -999.9900    4.7213    4.7213    3.8519    0.4303    3.0695    0.1139    0.1439
   0    2.1601 -999.9900    4.5796    4.5796    4.0539    0.5267    3.0295    0.0949    0.1354
   0    2.2038 -999.9900    4.6648    4.6648    3.8567    0.4538    3.0464    0.1109    0.1394
   0    2.1490 -999.9900    4.5563    4.5563    4.0363    0.5215    3.0125    0.0935    0.1336
    
2023032300
   0    2.0878 -999.9900    4.3749    4.3749    3.8032    0.1667    2.9346    0.1344    0.1234
   0    1.9936 -999.9900    4.2085    4.2085    3.8794    0.2824    2.8169    0.1038    0.1074
   0    2.1015 -999.9900    4.4251    4.4251    3.8284    0.1797    2.9464    0.1322    0.1203
   0    2.0100 -999.9900    4.2520    4.2520    3.9026    0.2671    2.8329    0.1070    0.1069
    
2023032400
   0    2.1773 -999.9900    4.4594    4.4594    3.7437    0.3318    3.0285    0.1203    0.1473
   0    2.0679 -999.9900    4.2473    4.2473    3.9074    0.4125    2.9049    0.1053    0.1257
   0    2.1200 -999.9900    4.3329    4.3329    3.7697    0.3356    2.9765    0.1156    0.1337
   0    2.0441 -999.9900    4.1908    4.1908    3.9127    0.3986    2.8801    0.1041    0.1204
    
2023032500
   0    2.1473 -999.9900    4.2880    4.2880    3.7905    0.1428    3.0220    0.1240    0.1443
   0    2.0897 -999.9900    4.2130    4.2130    3.9003    0.3084    2.9772    0.1095    0.1363
   0    2.1032 -999.9900    4.2211    4.2211    3.7326    0.1810    2.9744    0.1226    0.1381
   0    2.0668 -999.9900    4.1736    4.1736    3.8602    0.2981    2.9513    0.1082    0.1333
    
2023032600
   0    2.0618 -999.9900    4.0728    4.0728    3.7892   -0.0510    2.9250    0.1121    0.1334
   0    1.9989 -999.9900    4.0350    4.0350    3.8282    0.0879    2.8450    0.0996    0.1304
   0    2.0480 -999.9900    4.0781    4.0781    3.7297   -0.0684    2.9128    0.1128    0.1270
   0    1.9891 -999.9900    4.0207    4.0207    3.8127    0.0497    2.8405    0.0979    0.1231
    
2023032700
   0    2.0403 -999.9900    4.0995    4.0995    3.6864   -0.1889    2.8896    0.1355    0.1257
   0    2.0395 -999.9900    4.1837    4.1837    3.8579   -0.0847    2.9390    0.1210    0.1052
   0    2.0351 -999.9900    4.1103    4.1103    3.7204   -0.1702    2.8894    0.1252    0.1199
   0    2.0326 -999.9900    4.1669    4.1669    3.8500   -0.0944    2.9235    0.1164    0.1052
    
2023032800
   0    1.9750 -999.9900    4.0728    4.0728    3.6549    0.0047    2.7874    0.1149    0.1173
   0    1.9765 -999.9900    4.0922    4.0922    3.8161    0.0245    2.8112    0.1041    0.1071
   0    1.9593 -999.9900    4.0404    4.0404    3.6306   -0.0394    2.7706    0.1114    0.1146
   0    1.9554 -999.9900    4.0494    4.0494    3.7912   -0.0059    2.7828    0.1025    0.1066
    
2023032900
   0    1.7608 -999.9900    3.5861    3.5861    3.6187    0.1881    2.4985    0.0868    0.1119
   0    1.7585 -999.9900    3.5894    3.5894    3.7673    0.1185    2.4956    0.0837    0.0930
   0    1.7391 -999.9900    3.5662    3.5662    3.6017    0.1694    2.4688    0.0841    0.1031
   0    1.7400 -999.9900    3.5573    3.5573    3.7468    0.1212    2.4685    0.0803    0.0915
    
2023033000
   0    1.7696 -999.9900    3.6057    3.6057    3.6173    0.1991    2.4752    0.0913    0.1049
   0    1.7513 -999.9900    3.5447    3.5447    3.7005    0.3564    2.4917    0.0740    0.0988
   0    1.7249 -999.9900    3.5149    3.5149    3.5666    0.1578    2.4104    0.0865    0.1006
   0    1.7162 -999.9900    3.4698    3.4698    3.6855    0.3001    2.4277    0.0724    0.0933
    
2023033100
   0    1.8709 -999.9900    3.8276    3.8276    3.6843    0.4006    2.6532    0.0911    0.1064
   0    1.8240 -999.9900    3.7101    3.7101    3.7908    0.5054    2.6075    0.0760    0.0949
   0    1.8181 -999.9900    3.7259    3.7259    3.6708    0.3373    2.5845    0.0883    0.0939
   0    1.7919 -999.9900    3.6488    3.6488    3.7844    0.4468    2.5610    0.0746    0.0866
    
