2022120700
   1 -999.9900 -999.9900 -999.9900 -999.9900 -999.9900 -999.9900 -999.9900 -999.9900 -999.9900
   1 -999.9900 -999.9900 -999.9900 -999.9900 -999.9900 -999.9900 -999.9900 -999.9900 -999.9900
   1 -999.9900 -999.9900 -999.9900 -999.9900 -999.9900 -999.9900 -999.9900 -999.9900 -999.9900
   1 -999.9900 -999.9900 -999.9900 -999.9900 -999.9900 -999.9900 -999.9900 -999.9900 -999.9900
    
2022120800
   1 -999.9900 -999.9900 -999.9900 -999.9900 -999.9900 -999.9900 -999.9900 -999.9900 -999.9900
   1 -999.9900 -999.9900 -999.9900 -999.9900 -999.9900 -999.9900 -999.9900 -999.9900 -999.9900
   1 -999.9900 -999.9900 -999.9900 -999.9900 -999.9900 -999.9900 -999.9900 -999.9900 -999.9900
   1 -999.9900 -999.9900 -999.9900 -999.9900 -999.9900 -999.9900 -999.9900 -999.9900 -999.9900
    
2022120900
   1 -999.9900 -999.9900 -999.9900 -999.9900 -999.9900 -999.9900 -999.9900 -999.9900 -999.9900
   1 -999.9900 -999.9900 -999.9900 -999.9900 -999.9900 -999.9900 -999.9900 -999.9900 -999.9900
   1 -999.9900 -999.9900 -999.9900 -999.9900 -999.9900 -999.9900 -999.9900 -999.9900 -999.9900
   1 -999.9900 -999.9900 -999.9900 -999.9900 -999.9900 -999.9900 -999.9900 -999.9900 -999.9900
    
2022121000
   1 -999.9900 -999.9900 -999.9900 -999.9900 -999.9900 -999.9900 -999.9900 -999.9900 -999.9900
   1 -999.9900 -999.9900 -999.9900 -999.9900 -999.9900 -999.9900 -999.9900 -999.9900 -999.9900
   1 -999.9900 -999.9900 -999.9900 -999.9900 -999.9900 -999.9900 -999.9900 -999.9900 -999.9900
   1 -999.9900 -999.9900 -999.9900 -999.9900 -999.9900 -999.9900 -999.9900 -999.9900 -999.9900
    
2022121100
   1 -999.9900 -999.9900 -999.9900 -999.9900 -999.9900 -999.9900 -999.9900 -999.9900 -999.9900
   1 -999.9900 -999.9900 -999.9900 -999.9900 -999.9900 -999.9900 -999.9900 -999.9900 -999.9900
   1 -999.9900 -999.9900 -999.9900 -999.9900 -999.9900 -999.9900 -999.9900 -999.9900 -999.9900
   1 -999.9900 -999.9900 -999.9900 -999.9900 -999.9900 -999.9900 -999.9900 -999.9900 -999.9900
    
2022121200
   1 -999.9900 -999.9900 -999.9900 -999.9900 -999.9900 -999.9900 -999.9900 -999.9900 -999.9900
   1 -999.9900 -999.9900 -999.9900 -999.9900 -999.9900 -999.9900 -999.9900 -999.9900 -999.9900
   1 -999.9900 -999.9900 -999.9900 -999.9900 -999.9900 -999.9900 -999.9900 -999.9900 -999.9900
   1 -999.9900 -999.9900 -999.9900 -999.9900 -999.9900 -999.9900 -999.9900 -999.9900 -999.9900
    
2022121300
   1 -999.9900 -999.9900 -999.9900 -999.9900 -999.9900 -999.9900 -999.9900 -999.9900 -999.9900
   1 -999.9900 -999.9900 -999.9900 -999.9900 -999.9900 -999.9900 -999.9900 -999.9900 -999.9900
   1 -999.9900 -999.9900 -999.9900 -999.9900 -999.9900 -999.9900 -999.9900 -999.9900 -999.9900
   1 -999.9900 -999.9900 -999.9900 -999.9900 -999.9900 -999.9900 -999.9900 -999.9900 -999.9900
    
2022121400
   1 -999.9900 -999.9900 -999.9900 -999.9900 -999.9900 -999.9900 -999.9900 -999.9900 -999.9900
   1 -999.9900 -999.9900 -999.9900 -999.9900 -999.9900 -999.9900 -999.9900 -999.9900 -999.9900
   1 -999.9900 -999.9900 -999.9900 -999.9900 -999.9900 -999.9900 -999.9900 -999.9900 -999.9900
   1 -999.9900 -999.9900 -999.9900 -999.9900 -999.9900 -999.9900 -999.9900 -999.9900 -999.9900
    
2022121500
   1 -999.9900 -999.9900 -999.9900 -999.9900 -999.9900 -999.9900 -999.9900 -999.9900 -999.9900
   1 -999.9900 -999.9900 -999.9900 -999.9900 -999.9900 -999.9900 -999.9900 -999.9900 -999.9900
   1 -999.9900 -999.9900 -999.9900 -999.9900 -999.9900 -999.9900 -999.9900 -999.9900 -999.9900
   1 -999.9900 -999.9900 -999.9900 -999.9900 -999.9900 -999.9900 -999.9900 -999.9900 -999.9900
    
2022121600
   1 -999.9900 -999.9900 -999.9900 -999.9900 -999.9900 -999.9900 -999.9900 -999.9900 -999.9900
   1 -999.9900 -999.9900 -999.9900 -999.9900 -999.9900 -999.9900 -999.9900 -999.9900 -999.9900
   1 -999.9900 -999.9900 -999.9900 -999.9900 -999.9900 -999.9900 -999.9900 -999.9900 -999.9900
   1 -999.9900 -999.9900 -999.9900 -999.9900 -999.9900 -999.9900 -999.9900 -999.9900 -999.9900
    
2022121700
   0    2.1741    1.2183    4.1720    4.1720    4.9330    0.2284    3.0185    0.0849    0.1105
   0    2.1006    1.1830    4.0412    4.0412    4.7988    0.2394    2.9320    0.0731    0.1094
   0    2.1048    1.1873    4.0945    4.0945    4.9427    0.2193    2.9431    0.0705    0.0910
   0    2.0672    1.1646    4.0059    4.0059    4.8445    0.2318    2.8944    0.0643    0.0955
    
2022121800
   0    2.3274    1.2421    4.7783    4.7783    5.0567    0.1881    3.2554    0.0676    0.0939
   0    2.2709    1.1968    4.6642    4.6642    4.9900    0.1689    3.2198    0.0650    0.1004
   0    2.2975    1.2226    4.7217    4.7217    4.9943    0.1518    3.2260    0.0626    0.0889
   0    2.2642    1.1932    4.6527    4.6527    4.9665    0.1505    3.2095    0.0620    0.0953
    
2022121900
   0    2.3307    1.1440    4.7944    4.7944    4.8161    0.2719    3.2269    0.0855    0.1168
   0    2.2842    1.1313    4.6827    4.6827    4.8099    0.2561    3.1870    0.0803    0.1114
   0    2.3717    1.1215    4.9288    4.9288    4.8802    0.2683    3.2913    0.0773    0.1129
   0    2.3138    1.1163    4.7795    4.7795    4.8577    0.2571    3.2326    0.0748    0.1085
    
2022122000
   0    2.1874    1.1700    4.2918    4.2918    4.9570    0.3300    3.0777    0.0755    0.1020
   0    2.1252    1.1384    4.1707    4.1707    4.8577    0.3083    2.9577    0.0733    0.0983
   0    2.1966    1.1605    4.3577    4.3577    4.9677    0.2376    3.0768    0.0730    0.0942
   0    2.1966    1.1605    4.3577    4.3577    4.9677    0.2376    3.0768    0.0730    0.0942
    
2022122100
   1 -999.9900 -999.9900 -999.9900 -999.9900 -999.9900 -999.9900 -999.9900 -999.9900 -999.9900
   0    2.2599    1.1171    4.5430    4.5430    4.6961    0.3442    3.2425    0.0793    0.1061
   0    2.3660    1.1516    4.7882    4.7882    4.7057    0.2631    3.3709    0.0893    0.1093
   0    2.3660    1.1516    4.7882    4.7882    4.7057    0.2631    3.3709    0.0893    0.1093
    
2022122200
   0    2.2440    1.1296    4.4216    4.4216    4.6735    0.2986    3.2122    0.0863    0.0955
   0    2.2996    1.1301    4.6019    4.6019    4.7589    0.3085    3.3031    0.0816    0.1023
   0    2.2048    1.1150    4.3731    4.3731    4.6755    0.1978    3.1505    0.0835    0.0799
   0    2.2048    1.1150    4.3731    4.3731    4.6755    0.1978    3.1505    0.0835    0.0799
    
2022122300
   0    2.2769    1.1375    4.5233    4.5233    4.7545    0.2263    3.2386    0.0830    0.1199
   0    2.2424    1.1245    4.4108    4.4108    4.8254    0.2018    3.1777    0.0777    0.1199
   0    2.2593    1.1023    4.4838    4.4838    4.7046    0.0900    3.2194    0.0882    0.1074
   0    2.2593    1.1023    4.4838    4.4838    4.7046    0.0900    3.2194    0.0882    0.1074
    
2022122400
   0    2.3794    1.1623    4.7721    4.7721    4.8268    0.0612    3.3686    0.1008    0.1031
   0    2.4190    1.1363    4.8401    4.8401    4.9179    0.0802    3.4369    0.0991    0.1035
   0    2.3745    1.1187    4.7745    4.7745    4.7514   -0.0323    3.3642    0.1053    0.1008
   0    2.4045    1.1078    4.8293    4.8293    4.8468    0.0026    3.4173    0.1018    0.1000
    
2022122500
   0    2.4548    1.1048    5.0481    5.0481    4.6899    0.1352    3.4925    0.1054    0.1019
   0    2.4963    1.1152    5.1112    5.1112    4.8153    0.1069    3.5749    0.1124    0.0995
   0    2.4556    1.0990    5.0377    5.0377    4.7331    0.0335    3.4975    0.1103    0.0940
   0    2.4753    1.0989    5.0776    5.0776    4.8166    0.0309    3.5415    0.1103    0.0924
    
2022122600
   0    2.3309    1.1538    4.6991    4.6991    4.8757    0.0647    3.2858    0.1050    0.1031
   0    2.3417    1.1337    4.7384    4.7384    4.9068    0.0774    3.3140    0.1069    0.0946
   0    2.2744    1.1168    4.6134    4.6134    4.8471   -0.0365    3.2056    0.1006    0.0886
   0    2.2999    1.1067    4.6677    4.6677    4.8813   -0.0052    3.2512    0.1020    0.0861
    
2022122700
   0    2.0714    1.1272    4.1602    4.1602    4.7001    0.0263    2.8982    0.0834    0.0835
   0    2.1468    1.0944    4.3484    4.3484    4.7240    0.0204    3.0157    0.0860    0.0861
   0    2.0567    1.0942    4.1461    4.1461    4.6338    0.0287    2.8955    0.0811    0.0777
   0    2.1188    1.0752    4.2973    4.2973    4.6891    0.0198    2.9822    0.0836    0.0785
    
2022122800
   0    2.1178    1.1116    4.1620    4.1620    4.4056   -0.0388    3.0086    0.1243    0.0879
   0    2.0236    1.0986    3.9840    3.9840    4.5180   -0.0601    2.8616    0.1094    0.0765
   0    2.0881    1.1029    4.1063    4.1063    4.4032   -0.0482    2.9811    0.1110    0.0841
   0    2.0179    1.0888    3.9718    3.9718    4.5082   -0.0632    2.8634    0.1030    0.0736
    
2022122900
   0    1.9825    1.1630    3.8436    3.8436    4.5814   -0.0640    2.7499    0.1161    0.0712
   0    1.9239    1.1173    3.7399    3.7399    4.5167   -0.1330    2.6735    0.1007    0.0614
   0    1.9659    1.1268    3.8400    3.8400    4.5084   -0.0783    2.7446    0.1084    0.0641
   0    1.9226    1.0992    3.7501    3.7501    4.4961   -0.1266    2.6797    0.0983    0.0588
    
2022123000
   0    2.0138    1.1309    4.0472    4.0472    4.6188    0.0697    2.8450    0.1034    0.0721
   0    1.9064    1.1026    3.7981    3.7981    4.6509    0.0304    2.6821    0.0876    0.0589
   0    1.9881    1.0895    4.0164    4.0164    4.6441    0.0664    2.8042    0.0988    0.0637
   0    1.9120    1.0808    3.8248    3.8248    4.6640    0.0306    2.6931    0.0871    0.0553
    
2022123100
   0    2.3378    1.2040    4.8292    4.8292    4.5191    0.1195    3.3103    0.1183    0.0962
   0    2.2438    1.1069    4.6441    4.6441    4.5359    0.0876    3.1860    0.1028    0.0913
   0    2.2857    1.1547    4.7276    4.7276    4.5779    0.1215    3.2317    0.1078    0.0909
   0    2.2302    1.0976    4.6158    4.6158    4.5650    0.0955    3.1642    0.1014    0.0881
    
2023010100
   0    2.2794    1.1451    4.7145    4.7145    4.5595   -0.0295    3.2215    0.1084    0.1166
   0    2.1902    1.0913    4.5242    4.5242    4.5837   -0.0063    3.0906    0.0975    0.1030
   0    2.2477    1.1348    4.6589    4.6589    4.5129   -0.0223    3.1863    0.1059    0.1069
   0    2.1848    1.0928    4.5235    4.5235    4.5563   -0.0066    3.0925    0.0967    0.0973
    
2023010200
   0    1.9202    1.1689    3.8469    3.8469    4.8941   -0.0585    2.6878    0.0648    0.0676
   0    1.9499    1.1189    3.9296    3.9296    4.6945   -0.1182    2.7439    0.0763    0.0716
   0    1.9264    1.1488    3.8580    3.8580    4.7871   -0.0521    2.7056    0.0608    0.0709
   0    1.9434    1.1119    3.9076    3.9076    4.6811   -0.1024    2.7349    0.0677    0.0721
    
2023010300
   0    2.1741    1.1861    4.3471    4.3471    4.7361   -0.0786    3.0799    0.0937    0.0917
   0    2.1358    1.1444    4.2872    4.2872    4.6766   -0.0984    3.0265    0.0911    0.0810
   0    2.1373    1.1687    4.3029    4.3029    4.7291   -0.0915    3.0205    0.0860    0.0804
   0    2.1161    1.1378    4.2657    4.2657    4.6909   -0.1022    2.9981    0.0850    0.0739
    
2023010400
   0    2.1485    1.1594    4.3696    4.3696    4.5275   -0.1470    2.9753    0.0997    0.1038
   0    2.1654    1.0884    4.3984    4.3984    4.5196   -0.1816    2.9765    0.1034    0.0927
   0    2.1825    1.1547    4.4336    4.4336    4.5915   -0.1400    2.9964    0.0959    0.0968
   0    2.1794    1.0989    4.4314    4.4314    4.5588   -0.1705    2.9875    0.0994    0.0870
    
2023010500
   0    2.0481    1.1447    4.1821    4.1821    4.6543    0.0368    2.8411    0.0835    0.0804
   0    2.1024    1.1098    4.2844    4.2844    4.5890   -0.0038    2.9182    0.0914    0.0790
   0    2.0415    1.1308    4.1952    4.1952    4.6583    0.0457    2.8252    0.0782    0.0743
   0    2.0807    1.1016    4.2570    4.2570    4.6189    0.0096    2.8836    0.0853    0.0734
    
2023010600
   0    1.9668    1.1523    3.9857    3.9857    4.6848    0.1199    2.7338    0.0711    0.0785
   0    1.9133    1.1451    3.8572    3.8572    4.6640    0.1064    2.6487    0.0703    0.0775
   0    1.9267    1.1218    3.8998    3.8998    4.6092    0.1629    2.6826    0.0619    0.0783
   0    1.8927    1.1228    3.8154    3.8154    4.6362    0.1349    2.6245    0.0629    0.0762
    
2023010700
   0    1.9589    1.1903    3.9603    3.9603    4.5447    0.0366    2.7300    0.0778    0.0800
   0    1.9476    1.1435    3.9575    3.9575    4.6234   -0.0159    2.7187    0.0773    0.0656
   0    1.9125    1.1398    3.8881    3.8881    4.6167    0.0544    2.6452    0.0692    0.0738
   0    1.9183    1.1200    3.9118    3.9118    4.6523    0.0053    2.6659    0.0695    0.0642
    
2023010800
   0    2.1954    1.1650    4.4510    4.4510    4.6111    0.0973    3.0238    0.0999    0.1010
   0    2.0262    1.1393    4.1099    4.1099    4.6001    0.0297    2.8260    0.0840    0.0790
   0    2.1790    1.1500    4.3973    4.3973    4.6509    0.0693    3.0251    0.0950    0.0956
   0    2.0509    1.1358    4.1513    4.1513    4.6213    0.0264    2.8660    0.0844    0.0787
    
2023010900
   0    2.3730    1.1502    4.8346    4.8346    4.6515    0.0170    3.3867    0.1145    0.0967
   0    2.3386    1.1454    4.7541    4.7541    4.6218   -0.0012    3.3524    0.1147    0.0956
   0    2.3618    1.1395    4.8051    4.8051    4.7205    0.0452    3.3712    0.1108    0.0936
   0    2.3324    1.1355    4.7456    4.7456    4.6761    0.0193    3.3394    0.1105    0.0927
    
2023011000
   0    2.3407    1.0975    4.6857    4.6857    4.4694   -0.0900    3.3047    0.1111    0.1218
   0    2.3150    1.0822    4.6114    4.6114    4.5180   -0.1223    3.2752    0.1136    0.1081
   0    2.3015    1.1032    4.6234    4.6234    4.4530   -0.0777    3.2676    0.1054    0.1162
   0    2.2905    1.0838    4.5786    4.5786    4.5089   -0.1084    3.2494    0.1097    0.1056
    
2023011100
   0    2.5495    1.1440    5.1400    5.1400    4.6960   -0.1149    3.5333    0.1243    0.1082
   0    2.4751    1.1146    5.0350    5.0350    4.6415   -0.1381    3.4913    0.1305    0.0955
   0    2.5658    1.1276    5.1960    5.1960    4.6634   -0.1336    3.5620    0.1320    0.1058
   0    2.4945    1.1076    5.0860    5.0860    4.6382   -0.1447    3.5143    0.1316    0.0948
    
2023011200
   0    2.5843    1.1013    5.1338    5.1338    4.5382   -0.1181    3.6170    0.1421    0.1024
   0    2.5224    1.0836    5.0468    5.0468    4.5720   -0.1547    3.5561    0.1312    0.0879
   0    2.6664    1.1071    5.3305    5.3305    4.6215   -0.0979    3.7335    0.1444    0.1027
   0    2.5800    1.0876    5.1786    5.1786    4.6214   -0.1353    3.6336    0.1320    0.0907
    
2023011300
   0    2.5523    1.1175    4.9386    4.9386    4.7027    0.0387    3.5839    0.1191    0.1106
   0    2.4659    1.1063    4.7632    4.7632    4.7381    0.0070    3.4921    0.1137    0.1017
   0    2.5262    1.1000    4.9102    4.9102    4.7101    0.0695    3.5624    0.1118    0.1120
   0    2.4640    1.0952    4.7777    4.7777    4.7389    0.0319    3.4952    0.1068    0.1018
    
2023011400
   0    2.4374    1.1782    4.7898    4.7898    4.9046   -0.0643    3.4276    0.1005    0.0932
   0    2.4599    1.1253    4.8667    4.8667    4.8806   -0.0910    3.4766    0.1027    0.0987
   0    2.4474    1.1518    4.8540    4.8540    4.8923   -0.0679    3.4741    0.0948    0.0945
   0    2.4593    1.1181    4.8885    4.8885    4.8793   -0.0878    3.4904    0.0967    0.0977
    
2023011500
   0    2.5380    1.1629    5.0951    5.0951    4.7334    0.0677    3.5609    0.1100    0.1194
   0    2.4564    1.1266    4.9205    4.9205    4.8238    0.0346    3.4801    0.0965    0.1063
   0    2.5111    1.1492    5.0437    5.0437    4.8206    0.0848    3.5434    0.1000    0.1103
   0    2.4536    1.1223    4.9174    4.9174    4.8636    0.0515    3.4809    0.0933    0.1012
    
2023011600
   0    2.4398    1.1333    4.8081    4.8081    4.8155    0.1509    3.4583    0.1081    0.1088
   0    2.3703    1.1087    4.6828    4.6828    4.8237    0.1174    3.3834    0.1046    0.1019
   0    2.4303    1.1086    4.8077    4.8077    4.8345    0.1137    3.4785    0.1052    0.0984
   0    2.3729    1.0958    4.7021    4.7021    4.8389    0.1017    3.4078    0.1017    0.0951
    
2023011700
   0    2.3618    1.1685    4.7776    4.7776    4.8264    0.2343    3.3877    0.0911    0.1098
   0    2.2746    1.1061    4.5716    4.5716    4.9132    0.1805    3.2872    0.0840    0.0840
   0    2.2313    1.1228    4.5018    4.5018    4.7977    0.1964    3.2160    0.0822    0.0924
   0    2.2139    1.0920    4.4466    4.4466    4.8764    0.1684    3.2033    0.0795    0.0773
    
2023011800
   0    2.4121    1.1784    4.8792    4.8792    4.8522    0.2094    3.4097    0.0925    0.1238
   0    2.3787    1.1252    4.8187    4.8187    4.8317    0.1669    3.3786    0.0896    0.1148
   0    2.3519    1.1465    4.7500    4.7500    4.8106    0.2157    3.3256    0.0823    0.1192
   0    2.3458    1.1122    4.7438    4.7438    4.8204    0.1792    3.3306    0.0836    0.1126
    
2023011900
   0    2.2606    1.1866    4.5026    4.5026    4.9593    0.1011    3.2323    0.0811    0.1070
   0    2.3138    1.1347    4.6336    4.6336    4.8713    0.1072    3.3187    0.0876    0.1101
   0    2.2749    1.1408    4.5416    4.5416    4.8896    0.1281    3.2489    0.0799    0.1110
   0    2.3117    1.1169    4.6315    4.6315    4.8466    0.1222    3.3099    0.0854    0.1100
    
2023012000
   0    2.4813    1.1382    5.0264    5.0264    4.7315    0.0682    3.5643    0.1072    0.1278
   0    2.4655    1.1166    5.0701    5.0701    4.7650    0.0079    3.5563    0.1041    0.1118
   0    2.4177    1.1081    4.9389    4.9389    4.7156    0.0793    3.4831    0.1006    0.1161
   0    2.4297    1.1021    5.0073    5.0073    4.7512    0.0266    3.5081    0.1012    0.1075
    
2023012100
   0    2.3124    1.1240    4.7885    4.7885    4.5741   -0.0478    3.2712    0.1093    0.1035
   0    2.3183    1.0806    4.8141    4.8141    4.6705   -0.0701    3.2739    0.1028    0.0992
   0    2.3023    1.1007    4.7700    4.7700    4.6170   -0.0467    3.2816    0.1039    0.0993
   0    2.3086    1.0723    4.7911    4.7911    4.6831   -0.0650    3.2740    0.1006    0.0968
    
2023012200
   0    2.3348    1.1259    4.7551    4.7551    4.5912   -0.1122    3.3232    0.1120    0.1100
   0    2.2720    1.0826    4.6242    4.6242    4.5667   -0.1045    3.2457    0.1034    0.1040
   0    2.2661    1.1087    4.6111    4.6111    4.5379   -0.0983    3.2327    0.1032    0.1043
   0    2.2408    1.0678    4.5607    4.5607    4.5415   -0.1230    3.2036    0.1012    0.0987
    
2023012300
   0    2.3030    1.1344    4.6060    4.6060    4.5993    0.0177    3.3052    0.1110    0.1039
   0    2.3533    1.0917    4.7203    4.7203    4.5683    0.0240    3.3841    0.1055    0.1090
   0    2.3083    1.1110    4.6240    4.6240    4.5741    0.0031    3.3063    0.1107    0.1049
   0    2.3437    1.0836    4.7065    4.7065    4.5629    0.0108    3.3666    0.1041    0.1064
    
2023012400
   0    2.6281    1.1631    5.1399    5.1399    4.6915   -0.0941    3.6995    0.1158    0.1258
   0    2.5197    1.1142    4.9418    4.9418    4.7635   -0.0753    3.5644    0.1018    0.1206
   0    2.5639    1.1530    5.0696    5.0696    4.7453   -0.0737    3.6282    0.1073    0.1180
   0    2.4969    1.1143    4.9319    4.9319    4.7875   -0.0698    3.5437    0.0984    0.1143
    
2023012500
   0    2.4976    1.1705    5.1061    5.1061    4.6435    0.0246    3.5312    0.1233    0.1034
   0    2.5037    1.1086    5.1683    5.1683    4.7484   -0.0313    3.5528    0.1190    0.0919
   0    2.4804    1.1378    5.0971    5.0971    4.6516    0.0237    3.5140    0.1150    0.0994
   0    2.4878    1.1007    5.1441    5.1441    4.7350   -0.0217    3.5327    0.1126    0.0917
    
2023012600
   0    2.5560    1.1567    5.2111    5.2111    4.7406    0.0697    3.5571    0.1255    0.1160
   0    2.6239    1.0949    5.3601    5.3601    4.6957    0.0241    3.6470    0.1330    0.1256
   0    2.5185    1.1187    5.1439    5.1439    4.7755    0.0611    3.5211    0.1201    0.1099
   0    2.5855    1.0831    5.2886    5.2886    4.7289    0.0280    3.6069    0.1280    0.1185
    
2023012700
   0    2.2598    1.1599    4.4990    4.4990    4.7136   -0.1489    3.1227    0.1077    0.1042
   0    2.3221    1.0810    4.6214    4.6214    4.7242   -0.1349    3.2304    0.1049    0.1135
   0    2.2993    1.1304    4.5940    4.5940    4.7511   -0.1300    3.1922    0.1079    0.1056
   0    2.3340    1.0817    4.6552    4.6552    4.7439   -0.1264    3.2524    0.1045    0.1088
    
2023012800
   0    2.4310    1.1951    4.8423    4.8423    4.6261    0.0898    3.4000    0.1041    0.1376
   0    2.3827    1.1323    4.7552    4.7552    4.6813    0.0743    3.3400    0.0956    0.1262
   0    2.3425    1.1739    4.6767    4.6767    4.6560    0.0830    3.2934    0.0948    0.1210
   0    2.3375    1.1322    4.6704    4.6704    4.6936    0.0726    3.2848    0.0909    0.1169
    
2023012900
   0    2.1749    1.1536    4.2471    4.2471    4.5742    0.0781    3.0511    0.1000    0.1002
   0    2.1441    1.1102    4.2071    4.2071    4.7366    0.0605    3.0281    0.0862    0.0923
   0    2.1589    1.1339    4.2123    4.2123    4.5588    0.0869    3.0418    0.0928    0.0970
   0    2.1409    1.1046    4.1955    4.1955    4.6993    0.0658    3.0252    0.0849    0.0901
    
2023013000
   0    2.2523    1.2172    4.5007    4.5007    4.7082    0.1116    3.1648    0.0871    0.1093
   0    2.2559    1.1733    4.5310    4.5310    4.7145    0.0473    3.1967    0.0760    0.1059
   0    2.2664    1.1984    4.5531    4.5531    4.7211    0.1117    3.1792    0.0886    0.1047
   0    2.2597    1.1670    4.5462    4.5462    4.7308    0.0602    3.1940    0.0773    0.1027
    
2023013100
   0    2.0803    1.1564    4.0127    4.0127    4.5914   -0.0665    2.8827    0.0875    0.0923
   0    2.1257    1.1203    4.1030    4.1030    4.6165   -0.1190    2.9641    0.0909    0.0971
   0    2.0739    1.1432    4.0206    4.0206    4.6038   -0.0548    2.8759    0.0815    0.0885
   0    2.1115    1.1194    4.0888    4.0888    4.6195   -0.1015    2.9417    0.0869    0.0960
    
2023020100
   0    2.1739    1.2571    4.2178    4.2178    4.5837    0.0574    3.0412    0.0877    0.0996
   0    2.1496    1.1641    4.1937    4.1937    4.6661   -0.0418    3.0391    0.0813    0.0848
   0    2.1423    1.2031    4.1764    4.1764    4.6092    0.0469    2.9950    0.0835    0.0907
   0    2.1313    1.1470    4.1638    4.1638    4.6732   -0.0283    3.0066    0.0805    0.0793
    
2023020200
   0    2.1426    1.2024    4.3624    4.3624    4.6389    0.0487    3.0250    0.0714    0.0826
   0    2.1506    1.0992    4.3820    4.3820    4.7286   -0.0251    3.0245    0.0697    0.0733
   0    2.1376    1.1912    4.3845    4.3845    4.6408    0.0518    3.0179    0.0683    0.0717
   0    2.1387    1.1067    4.3740    4.3740    4.7279   -0.0084    3.0108    0.0666    0.0673
    
2023020300
   0    2.1671    1.1869    4.4344    4.4344    4.6695    0.0735    3.0319    0.0748    0.0994
   0    2.1803    1.1145    4.4782    4.4782    4.7025    0.0107    3.0580    0.0796    0.0873
   0    2.1640    1.1692    4.4594    4.4594    4.6800    0.0786    3.0294    0.0729    0.0943
   0    2.1713    1.1139    4.4742    4.4742    4.7120    0.0263    3.0410    0.0768    0.0848
    
2023020400
   0    2.3703    1.1284    4.9598    4.9598    4.7658   -0.0477    3.3175    0.0797    0.1114
   0    2.4298    1.1128    5.1267    5.1267    4.7319   -0.1427    3.4046    0.0870    0.1015
   0    2.3353    1.1110    4.8920    4.8920    4.6827   -0.0502    3.2765    0.0728    0.1131
   0    2.3896    1.0989    5.0399    5.0399    4.7054   -0.1252    3.3582    0.0790    0.1014
    
2023020500
   0    2.4694    1.1828    5.0834    5.0834    4.6426    0.0031    3.4932    0.1012    0.1206
   0    2.3892    1.1473    5.0073    5.0073    4.6965   -0.0315    3.3884    0.0915    0.0998
   0    2.3957    1.1617    5.0333    5.0333    4.6852    0.0104    3.3992    0.0937    0.1121
   0    2.3508    1.1349    4.9787    4.9787    4.7237   -0.0033    3.3270    0.0871    0.1017
    
2023020600
   0    2.1814    1.1798    4.4126    4.4126    4.5487   -0.0961    3.1037    0.0917    0.1005
   0    2.1814    1.1798    4.4126    4.4126    4.5487   -0.0961    3.1037    0.0917    0.1005
   0    2.2079    1.1660    4.4805    4.4805    4.6697   -0.1345    3.1509    0.0908    0.0950
   0    2.2170    1.1430    4.4927    4.4927    4.7509   -0.1504    3.1744    0.0886    0.0932
    
2023020700
   0    2.3771    1.1397    4.7111    4.7111    4.6529   -0.1405    3.3241    0.1351    0.1143
   0    2.3482    1.1090    4.6746    4.6746    4.7070   -0.1674    3.3087    0.1233    0.1089
   0    2.2932    1.1302    4.5528    4.5528    4.6592   -0.1314    3.2296    0.1232    0.1033
   0    2.3001    1.1069    4.5801    4.5801    4.7065   -0.1565    3.2515    0.1180    0.1037
    
2023020800
   0    2.3955    1.1332    4.8781    4.8781    4.5574    0.1026    3.3801    0.1108    0.1079
   0    2.3954    1.0916    4.8648    4.8648    4.6288    0.0352    3.3770    0.1118    0.1118
   0    2.3919    1.0976    4.8798    4.8798    4.5879    0.0775    3.3795    0.1072    0.1066
   0    2.3910    1.0785    4.8686    4.8686    4.6320    0.0336    3.3737    0.1074    0.1080
    
2023020900
   0    2.3970    1.1617    4.8333    4.8333    4.6963    0.1795    3.3888    0.0985    0.1127
   0    2.3993    1.1259    4.8878    4.8878    4.5812    0.1046    3.3924    0.1109    0.1054
   0    2.3034    1.1270    4.6619    4.6619    4.6827    0.1481    3.2667    0.0956    0.0954
   0    2.3376    1.1080    4.7669    4.7669    4.6061    0.1008    3.3136    0.1050    0.0963
    
2023021000
   0    2.4556    1.1319    4.8768    4.8768    4.4101    0.1459    3.4942    0.1225    0.1128
   0    2.3985    1.0931    4.8104    4.8104    4.4476    0.1278    3.4329    0.1110    0.1080
   0    2.3823    1.0998    4.7637    4.7637    4.4674    0.1378    3.4112    0.1106    0.0980
   0    2.3648    1.0803    4.7527    4.7527    4.4767    0.1265    3.3925    0.1044    0.0993
    
2023021100
   0    2.3412    1.1914    4.7744    4.7744    4.5202    0.0101    3.3223    0.1032    0.1029
   0    2.3304    1.1272    4.7251    4.7251    4.6259   -0.0133    3.3229    0.1011    0.1002
   1 -999.9900 -999.9900 -999.9900 -999.9900 -999.9900 -999.9900 -999.9900 -999.9900 -999.9900
   1 -999.9900 -999.9900 -999.9900 -999.9900 -999.9900 -999.9900 -999.9900 -999.9900 -999.9900
    
2023021200
   0    2.3372    1.1746    4.6356    4.6356    4.5678   -0.0410    3.3563    0.1123    0.1153
   0    2.3108    1.1311    4.6205    4.6205    4.5868   -0.1101    3.3319    0.1120    0.1019
   0    2.2893    1.1408    4.5838    4.5838    4.5946   -0.1570    3.2942    0.1069    0.0954
   0    2.2873    1.1062    4.5926    4.5926    4.5963   -0.1887    3.3008    0.1095    0.0838
    
2023021300
   0    2.2454    1.2099    4.5289    4.5289    4.5217   -0.0238    3.1765    0.1071    0.1017
   0    2.2689    1.1821    4.5522    4.5522    4.5961   -0.0560    3.2341    0.1065    0.0897
   0    2.2847    1.1799    4.5894    4.5894    4.5473   -0.0130    3.2414    0.1068    0.1028
   0    2.2856    1.1683    4.5807    4.5807    4.5991   -0.0431    3.2585    0.1067    0.0897
    
2023021400
   0    2.4943    1.2238    5.1548    5.1548    4.5567   -0.0201    3.5127    0.1031    0.1248
   0    2.4718    1.1834    5.1004    5.1004    4.6281   -0.0854    3.5097    0.1115    0.1193
   0    2.4850    1.2018    5.1176    5.1176    4.6345   -0.0155    3.5087    0.0975    0.1213
   0    2.4690    1.1781    5.0868    5.0868    4.6615   -0.0695    3.5057    0.1059    0.1164
    
2023021500
   0    2.5098    1.2500    4.9822    4.9822    4.7122    0.0587    3.5864    0.1054    0.1180
   0    2.5377    1.2319    5.0754    5.0754    4.6776    0.0291    3.6197    0.1056    0.1161
   0    2.4536    1.2628    4.9031    4.9031    4.7882    0.0178    3.5218    0.0922    0.1075
   0    2.4887    1.2377    4.9936    4.9936    4.7420    0.0069    3.5659    0.0964    0.1080
    
2023021600
   0    2.1722    1.3170    4.3867    4.3867    4.7549    0.0408    3.0683    0.0733    0.0731
   0    2.1362    1.2467    4.2706    4.2706    4.6878    0.0354    3.0197    0.0747    0.0748
   0    2.2091    1.2573    4.4684    4.4684    4.8022    0.0589    3.1550    0.0722    0.0696
   0    2.1625    1.2212    4.3354    4.3354    4.7371    0.0463    3.0742    0.0728    0.0728
    
2023021700
   0    2.2942    1.2943    4.5272    4.5272    4.7453   -0.1066    3.2733    0.0928    0.0763
   0    2.2039    1.2221    4.3107    4.3107    4.8337   -0.1232    3.1127    0.0914    0.0752
   0    2.2213    1.2222    4.3980    4.3980    4.8198   -0.0963    3.1800    0.0845    0.0727
   0    2.1856    1.2003    4.2915    4.2915    4.8442   -0.1137    3.0975    0.0853    0.0731
    
2023021800
   0    2.3012    1.1707    4.5180    4.5180    4.7079    0.0829    3.2448    0.0911    0.0966
   0    2.3128    1.1474    4.5597    4.5597    4.7110    0.0476    3.2527    0.0850    0.0980
   0    2.2592    1.1735    4.4330    4.4330    4.6864    0.0551    3.1845    0.0875    0.0926
   0    2.2799    1.1489    4.4920    4.4920    4.7065    0.0380    3.2102    0.0821    0.0947
    
2023021900
   0    2.4545    1.1906    4.8551    4.8551    4.8181   -0.0918    3.4567    0.1143    0.0919
   0    2.3627    1.1193    4.7029    4.7029    4.7260   -0.1307    3.3474    0.1033    0.0911
   0    2.3695    1.1789    4.7050    4.7050    4.7637   -0.0800    3.3629    0.1075    0.0840
   0    2.3280    1.1259    4.6412    4.6412    4.7130   -0.1158    3.3100    0.1006    0.0857
    
2023022000
   0    2.2525    1.1863    4.4139    4.4139    4.5868   -0.0925    3.1787    0.1009    0.0771
   0    2.2155    1.1198    4.3386    4.3386    4.7242   -0.1525    3.1317    0.0977    0.0770
   0    2.2210    1.1542    4.3763    4.3763    4.6636   -0.0961    3.1445    0.0986    0.0714
   0    2.2049    1.1171    4.3365    4.3365    4.7358   -0.1426    3.1176    0.0945    0.0729
    
2023022100
   0    2.3888    1.2628    4.8674    4.8674    4.7207   -0.0342    3.3605    0.1082    0.1009
   0    2.3876    1.1768    4.8928    4.8928    4.6596   -0.0658    3.3578    0.1061    0.0995
   0    2.3472    1.2438    4.8371    4.8371    4.7012   -0.0335    3.3063    0.0988    0.0891
   0    2.3598    1.1798    4.8640    4.8640    4.6665   -0.0590    3.3196    0.1008    0.0925
    
2023022200
   0    2.4096    1.2689    4.9314    4.9314    4.5068    0.0613    3.3819    0.1043    0.1107
   0    2.4371    1.1811    5.0057    5.0057    4.6421    0.0410    3.4295    0.0991    0.1094
   0    2.3794    1.2272    4.8557    4.8557    4.5832    0.0661    3.3592    0.0965    0.1033
   0    2.4128    1.1761    4.9480    4.9480    4.6571    0.0479    3.4031    0.0961    0.1033
    
2023022300
   0    2.5591    1.2056    5.0976    5.0976    4.5758    0.0694    3.6072    0.1159    0.1331
   0    2.3821    1.1391    4.8053    4.8053    4.7267    0.0644    3.3855    0.1000    0.1154
   0    2.4132    1.1831    4.8392    4.8392    4.5789    0.0529    3.4203    0.1072    0.1160
   0    2.3288    1.1388    4.7030    4.7030    4.6992    0.0555    3.3120    0.0959    0.1082
    
2023022400
   0    2.3569    1.1828    4.6017    4.6017    4.7584    0.0926    3.3330    0.1203    0.1177
   0    2.3747    1.1428    4.6746    4.6746    4.8005    0.0719    3.3887    0.1209    0.1118
   0    2.3283    1.1544    4.5877    4.5877    4.7452    0.1122    3.3065    0.1104    0.1158
   0    2.3469    1.1311    4.6392    4.6392    4.7966    0.0882    3.3556    0.1121    0.1095
    
2023022500
   0    2.5980    1.1185    5.1792    5.1792    4.5917   -0.0483    3.6274    0.1527    0.1294
   0    2.4882    1.1371    4.9524    4.9524    4.7450   -0.0434    3.5008    0.1390    0.1126
   0    2.5645    1.1109    5.1389    5.1389    4.6725   -0.0521    3.6160    0.1379    0.1222
   0    2.4867    1.1275    4.9699    4.9699    4.7648   -0.0466    3.5174    0.1319    0.1093
    
2023022600
   0    2.4456    1.2003    4.8883    4.8883    4.7880   -0.1567    3.4707    0.1196    0.0964
   0    2.4788    1.1600    4.9744    4.9744    4.8533   -0.2167    3.5373    0.1258    0.0937
   0    2.4111    1.1700    4.8397    4.8397    4.8171   -0.1660    3.4308    0.1164    0.0885
   0    2.4492    1.1489    4.9275    4.9275    4.8582   -0.2103    3.4981    0.1212    0.0899
    
2023022700
   1 -999.9900 -999.9900 -999.9900 -999.9900 -999.9900 -999.9900 -999.9900 -999.9900 -999.9900
   0    2.4221    1.1223    4.7619    4.7619    4.8557   -0.2705    3.4512    0.1125    0.0948
   0    2.3490    1.1405    4.6249    4.6249    4.7731   -0.2336    3.3234    0.1080    0.0861
   0    2.3664    1.1120    4.6524    4.6524    4.8139   -0.2618    3.3728    0.1065    0.0894
    
2023022800
   0    2.4695    1.2069    4.9878    4.9878    4.6897   -0.0599    3.5260    0.1075    0.1112
   0    2.5381    1.1286    5.1025    5.1025    4.7693   -0.1058    3.6198    0.1123    0.1115
   0    2.4700    1.1785    4.9753    4.9753    4.6968   -0.0572    3.5352    0.1039    0.1047
   0    2.5226    1.1264    5.0704    5.0704    4.7596   -0.0950    3.6059    0.1083    0.1065
    
2023030100
   0    2.3714    1.2735    4.8568    4.8568    4.8327   -0.0987    3.3825    0.1057    0.0905
   0    2.3075    1.2021    4.6755    4.6755    4.8492   -0.1470    3.3015    0.1080    0.0777
   0    2.3354    1.2801    4.8060    4.8060    4.9066   -0.0714    3.3409    0.1013    0.0846
   0    2.2951    1.2168    4.6734    4.6734    4.8970   -0.1210    3.2911    0.1034    0.0749
    
2023030200
   0    2.3932    1.3463    4.7017    4.7017    4.9667   -0.0317    3.3622    0.1102    0.0781
   0    2.3646    1.2215    4.6118    4.6118    4.9072   -0.0996    3.3365    0.1166    0.0721
   0    2.3246    1.3143    4.5613    4.5613    5.0318   -0.0199    3.2869    0.0994    0.0736
   0    2.3268    1.2264    4.5473    4.5473    4.9562   -0.0790    3.2964    0.1074    0.0697
    
2023030300
   0    2.2986 -999.9900    4.6249    4.6249    4.7063    0.0290    3.2316    0.0956    0.0801
   0    2.2679 -999.9900    4.5169    4.5169    4.8293   -0.0123    3.1958    0.0940    0.0687
   0    2.2501 -999.9900    4.5277    4.5277    4.7428    0.0526    3.1523    0.0881    0.0762
   0    2.2373 -999.9900    4.4637    4.4637    4.8406    0.0102    3.1436    0.0889    0.0670
    
2023030400
   0    2.2052 -999.9900    4.4744    4.4744    4.8127    0.0837    3.1248    0.0711    0.0773
   0    2.2314 -999.9900    4.5459    4.5459    4.8860    0.0533    3.1766    0.0758    0.0760
   0    2.2001 -999.9900    4.4765    4.4765    4.7633    0.1295    3.1242    0.0644    0.0821
   0    2.2220 -999.9900    4.5317    4.5317    4.8434    0.0868    3.1614    0.0706    0.0786
    
2023030500
   0    2.1908 -999.9900    4.4002    4.4002    4.6732    0.2497    3.0967    0.0709    0.0793
   0    2.1623 -999.9900    4.3184    4.3184    4.7255    0.2229    3.0700    0.0714    0.0765
   0    2.1582 -999.9900    4.3549    4.3549    4.7373    0.2465    3.0561    0.0633    0.0729
   0    2.1438 -999.9900    4.2994    4.2994    4.7599    0.2263    3.0468    0.0656    0.0714
    
2023030600
   0    2.2837 -999.9900    4.5928    4.5928    4.8921    0.2825    3.2535    0.0864    0.0941
   0    2.2490 -999.9900    4.4982    4.4982    4.8848    0.2737    3.2204    0.0853    0.0890
   0    2.2665 -999.9900    4.5655    4.5655    4.8384    0.2422    3.2363    0.0864    0.0855
   0    2.2429 -999.9900    4.4982    4.4982    4.8568    0.2513    3.2158    0.0849    0.0847
    
2023030700
   0    2.3628 -999.9900    4.7017    4.7017    4.7659    0.1990    3.3476    0.0954    0.1007
   0    2.3483 -999.9900    4.6874    4.6874    4.7183    0.1688    3.3153    0.0903    0.0992
   0    2.2940 -999.9900    4.5726    4.5726    4.7727    0.1824    3.2597    0.0875    0.0934
   0    2.3077 -999.9900    4.6144    4.6144    4.7308    0.1649    3.2659    0.0853    0.0954
    
2023030800
   0    2.3729 -999.9900    4.6433    4.6433    4.7388    0.1281    3.3670    0.1043    0.1015
   0    2.3275 -999.9900    4.5383    4.5383    4.8053    0.1344    3.3278    0.0943    0.0943
   0    2.3527 -999.9900    4.5565    4.5565    4.6826    0.1366    3.3421    0.1025    0.1029
   0    2.3235 -999.9900    4.5104    4.5104    4.7555    0.1383    3.3216    0.0943    0.0960
    
2023030900
   0    2.5460 -999.9900    4.9766    4.9766    4.7103    0.0999    3.6005    0.1126    0.1201
   0    2.4487 -999.9900    4.7629    4.7629    4.7677    0.0970    3.4913    0.1100    0.1091
   0    2.5322 -999.9900    4.9582    4.9582    4.7597    0.1303    3.5999    0.1117    0.1168
   0    2.4558 -999.9900    4.7879    4.7879    4.7923    0.1158    3.5111    0.1068    0.1081
    
2023031000
   0    2.4062 -999.9900    4.6755    4.6755    4.7338    0.1953    3.4287    0.1080    0.0953
   0    2.4143 -999.9900    4.6862    4.6862    4.6944    0.2039    3.4537    0.1078    0.0942
   0    2.3986 -999.9900    4.6666    4.6666    4.7509    0.1973    3.4490    0.1010    0.0866
   0    2.4064 -999.9900    4.6810    4.6810    4.7104    0.2034    3.4602    0.1029    0.0885
    
2023031100
   0    2.0654 -999.9900    3.8550    3.8550    4.8382    0.1785    2.8942    0.0766    0.0723
   0    2.1091 -999.9900    3.9280    3.9280    4.7722    0.1528    2.9757    0.0830    0.0801
   0    2.0787 -999.9900    3.8727    3.8727    4.8551    0.1701    2.9120    0.0770    0.0723
   0    2.1018 -999.9900    3.9077    3.9077    4.8094    0.1529    2.9625    0.0806    0.0762
    
2023031200
   0    2.3500 -999.9900    4.5706    4.5706    4.8216    0.2889    3.3052    0.0904    0.0941
   0    2.2334 -999.9900    4.3133    4.3133    4.8212    0.2268    3.1477    0.0789    0.0866
   0    2.3003 -999.9900    4.4800    4.4800    4.7883    0.3152    3.2543    0.0892    0.0877
   0    2.2262 -999.9900    4.3095    4.3095    4.8014    0.2550    3.1485    0.0782    0.0839
    
2023031300
   0    2.4254 -999.9900    4.6653    4.6653    4.7352    0.2008    3.4569    0.1017    0.1134
   0    2.3410 -999.9900    4.4886    4.4886    4.6969    0.1694    3.3290    0.1001    0.0970
   0    2.3496 -999.9900    4.5114    4.5114    4.7343    0.1559    3.3508    0.0955    0.0966
   0    2.3111 -999.9900    4.4321    4.4321    4.7021    0.1487    3.2882    0.0961    0.0899
    
2023031400
   0    2.5263 -999.9900    4.9539    4.9539    4.5654    0.2642    3.5957    0.1205    0.1109
   0    2.4971 -999.9900    4.8921    4.8921    4.6250    0.2216    3.5635    0.1176    0.1073
   0    2.5123 -999.9900    4.9488    4.9488    4.6055    0.2749    3.5891    0.1155    0.1010
   0    2.4878 -999.9900    4.8900    4.8900    4.6488    0.2365    3.5606    0.1127    0.1005
    
2023031500
   0    2.4877 -999.9900    4.8228    4.8228    4.6550    0.3657    3.5414    0.1192    0.1120
   0    2.4909 -999.9900    4.8409    4.8409    4.6332    0.3469    3.5576    0.1209    0.1177
   0    2.4092 -999.9900    4.6899    4.6899    4.6633    0.3597    3.4366    0.1102    0.1029
   0    2.4212 -999.9900    4.7272    4.7272    4.6541    0.3465    3.4718    0.1109    0.1064
    
2023031600
   0    2.3254 -999.9900    4.5664    4.5664    4.6622    0.2178    3.3364    0.0997    0.0850
   0    2.2960 -999.9900    4.5170    4.5170    4.6310    0.2031    3.3086    0.0955    0.0832
   0    2.3264 -999.9900    4.5761    4.5761    4.6161    0.2276    3.3458    0.0999    0.0857
   0    2.3002 -999.9900    4.5340    4.5340    4.6169    0.2064    3.3198    0.0951    0.0823
    
2023031700
   0    2.2575 -999.9900    4.3085    4.3085    4.6879    0.2655    3.2065    0.1138    0.0965
   0    2.3479 -999.9900    4.4885    4.4885    4.8271    0.2276    3.3631    0.1216    0.0964
   0    2.2737 -999.9900    4.3593    4.3593    4.6943    0.2426    3.2401    0.1202    0.0910
   0    2.3402 -999.9900    4.4930    4.4930    4.7915    0.2158    3.3600    0.1222    0.0916
    
2023031800
   0    2.4086 -999.9900    4.5546    4.5546    4.7878    0.1560    3.3994    0.1163    0.1098
   0    2.4013 -999.9900    4.5741    4.5741    4.7770    0.0580    3.4270    0.1261    0.1033
   0    2.3583 -999.9900    4.4920    4.4920    4.7523    0.1626    3.3400    0.1110    0.1048
   0    2.3641 -999.9900    4.5160    4.5160    4.7684    0.0808    3.3747    0.1179    0.0977
    
2023031900
   0    2.6252 -999.9900    5.0508    5.0508    4.7367    0.0252    3.6919    0.1311    0.1144
   0    2.4930 -999.9900    4.8186    4.8186    4.7320   -0.0039    3.5562    0.1208    0.1022
   0    2.5515 -999.9900    4.9239    4.9239    4.7140    0.0228    3.6197    0.1223    0.1074
   0    2.4749 -999.9900    4.7867    4.7867    4.7200    0.0005    3.5387    0.1174    0.0986
    
2023032000
   0    2.4511 -999.9900    4.7502    4.7502    4.5637    0.0058    3.4662    0.1034    0.1227
   0    2.4752 -999.9900    4.8185    4.8185    4.5871   -0.0201    3.5338    0.1051    0.1251
   0    2.4734 -999.9900    4.8004    4.8004    4.5487    0.0205    3.5060    0.1068    0.1207
   0    2.4796 -999.9900    4.8303    4.8303    4.5782   -0.0061    3.5408    0.1057    0.1216
    
2023032100
   0    2.4330 -999.9900    4.6560    4.6560    4.6915   -0.0231    3.4345    0.1051    0.1076
   0    2.3783 -999.9900    4.5478    4.5478    4.6808   -0.0422    3.3758    0.1046    0.1031
   0    2.4163 -999.9900    4.6370    4.6370    4.6159    0.0006    3.4178    0.1041    0.1072
   0    2.3762 -999.9900    4.5545    4.5545    4.6419   -0.0242    3.3762    0.1030    0.1031
    
2023032200
   0    2.3761 -999.9900    4.5762    4.5762    4.7158    0.1654    3.2965    0.1181    0.0951
   0    2.4004 -999.9900    4.5908    4.5908    4.7165    0.1564    3.3439    0.1102    0.1045
   0    2.3694 -999.9900    4.5740    4.5740    4.7128    0.1614    3.3050    0.1149    0.0925
   0    2.3860 -999.9900    4.5778    4.5778    4.7232    0.1559    3.3310    0.1075    0.0990
    
2023032300
   0    2.1886 -999.9900    4.1516    4.1516    4.6186    0.0983    3.1132    0.0947    0.0826
   0    2.1715 -999.9900    4.1418    4.1418    4.6358    0.1392    3.0857    0.0922    0.0826
   0    2.1826 -999.9900    4.1801    4.1801    4.6417    0.1214    3.1084    0.0915    0.0799
   0    2.1669 -999.9900    4.1521    4.1521    4.6539    0.1449    3.0805    0.0901    0.0791
    
2023032400
   0    2.4077 -999.9900    4.7229    4.7229    4.6590    0.1611    3.4394    0.1036    0.1037
   0    2.3187 -999.9900    4.5542    4.5542    4.6658    0.0835    3.3187    0.0973    0.0876
   0    2.3716 -999.9900    4.6765    4.6765    4.6749    0.1379    3.4060    0.0969    0.0956
   0    2.3188 -999.9900    4.5690    4.5690    4.6647    0.0851    3.3267    0.0959    0.0856
    
2023032500
   0    2.3491 -999.9900    4.6040    4.6040    4.6044   -0.0502    3.3067    0.1072    0.0976
   0    2.2999 -999.9900    4.5609    4.5609    4.5923   -0.0944    3.2686    0.1021    0.0880
   0    2.3346 -999.9900    4.5573    4.5573    4.6246   -0.0483    3.3037    0.1042    0.0933
   0    2.2938 -999.9900    4.5259    4.5259    4.6222   -0.0844    3.2630    0.1011    0.0848
    
2023032600
   0    2.3230 -999.9900    4.5235    4.5235    4.5662    0.0462    3.2557    0.0892    0.1054
   0    2.2678 -999.9900    4.4741    4.4741    4.6289    0.0358    3.1980    0.0887    0.0982
   0    2.3228 -999.9900    4.5493    4.5493    4.6124    0.0352    3.2859    0.0907    0.1016
   0    2.2759 -999.9900    4.4931    4.4931    4.6497    0.0313    3.2212    0.0876    0.0948
    
2023032700
   0    2.3893 -999.9900    4.5836    4.5836    4.4607    0.0036    3.3793    0.1261    0.1033
   0    2.2333 -999.9900    4.3217    4.3217    4.5798   -0.0317    3.1929    0.1043    0.0861
   0    2.3651 -999.9900    4.5416    4.5416    4.5679    0.0079    3.3483    0.1182    0.0962
   0    2.2499 -999.9900    4.3509    4.3509    4.6164   -0.0221    3.2105    0.1031    0.0847
    
2023032800
   0    2.4011 -999.9900    4.6166    4.6166    4.6696    0.0549    3.4037    0.1238    0.1094
   0    2.3747 -999.9900    4.6328    4.6328    4.7160    0.0905    3.3944    0.1079    0.1033
   0    2.4389 -999.9900    4.7565    4.7565    4.6589    0.0632    3.4655    0.1269    0.1053
   0    2.3984 -999.9900    4.7077    4.7077    4.7065    0.0883    3.4285    0.1112    0.1001
    
2023032900
   0    2.3050 -999.9900    4.4953    4.4953    4.5477    0.1247    3.2777    0.1016    0.1056
   0    2.3478 -999.9900    4.5997    4.5997    4.5665    0.1563    3.3272    0.1041    0.1077
   0    2.2625 -999.9900    4.4282    4.4282    4.4963    0.1185    3.2087    0.0975    0.1028
   0    2.3155 -999.9900    4.5417    4.5417    4.5303    0.1462    3.2780    0.0999    0.1034
    
2023033000
   0    2.2037 -999.9900    4.1917    4.1917    4.4976    0.0470    3.1641    0.0908    0.0846
   0    2.1688 -999.9900    4.1171    4.1171    4.4830    0.0446    3.1062    0.0878    0.0880
   0    2.1782 -999.9900    4.1590    4.1590    4.4663    0.0491    3.1227    0.0875    0.0886
   0    2.1541 -999.9900    4.1030    4.1030    4.4762    0.0463    3.0882    0.0845    0.0885
    
2023033100
   0    2.1629 -999.9900    4.0289    4.0289    4.5920    0.0637    3.0532    0.0867    0.0832
   0    2.0901 -999.9900    3.9002    3.9002    4.5282    0.0294    2.9463    0.0862    0.0814
   0    2.1006 -999.9900    3.9280    3.9280    4.5983    0.0637    2.9764    0.0781    0.0744
   0    2.0664 -999.9900    3.8651    3.8651    4.5444    0.0362    2.9184    0.0792    0.0765
    
