2017040700
    
2017040800
    
2017040900
    
2017041000
    
2017041100
    
2017041200
    
2017041300
    
2017041400
    
2017041500
    
2017041600
    
2017041700
    
2017041800
    
2017041900
    
2017042000
   0    0.3916    1.7900    0.8433    0.8433    0.9552    0.0492    0.5484    0.0727    0.0986
   0    0.4976    1.7589    1.0964    1.0964    1.1403    0.3404    0.7204    0.0547    0.1275
    
2017042100
   0    0.4280    1.8749    0.9847    0.9847    0.9774    0.0234    0.5982    0.0836    0.1166
   0    0.5114    1.8066    1.1937    1.1937    1.1590    0.3072    0.7398    0.0671    0.1187
    
2017042200
   0    0.4365    2.0689    0.9781    0.9781    1.0266    0.0286    0.6093    0.0823    0.1011
   0    0.4798    1.9357    1.1154    1.1154    1.1856    0.3181    0.6901    0.0568    0.1041
    
2017042300
   0    0.4317    2.0748    0.9581    0.9581    0.9201    0.0538    0.6008    0.0785    0.1237
   0    0.4655    1.9486    1.0666    1.0666    1.0558    0.3244    0.6583    0.0418    0.1330
    
2017042400
   0    0.4552    2.1144    0.9582    0.9582    0.9032    0.1731    0.6280    0.0658    0.1562
   0    0.5236    1.9946    1.1392    1.1392    1.0611    0.4190    0.7321    0.0488    0.1741
    
2017042500
   0    0.4737    2.4349    1.0438    1.0438    0.9340    0.2012    0.6602    0.0983    0.1532
   0    0.5067    2.3985    1.1313    1.1313    1.0788    0.3874    0.7057    0.0871    0.1672
    
2017042600
   0    0.4379    2.6306    0.9098    0.9098    0.9060    0.1059    0.6168    0.0874    0.1377
   0    0.5429    2.5467    1.1907    1.1907    1.1182    0.3817    0.7775    0.0708    0.1550
    
2017042700
   0    0.4215    2.5004    0.8816    0.8816    0.9879   -0.1051    0.5942    0.1065    0.0704
   0    0.5037    2.4181    1.0841    1.0841    1.1444    0.1725    0.7198    0.0831    0.1039
    
2017042800
   0    0.4526    2.4843    1.0188    1.0188    0.9975   -0.0260    0.6349    0.1113    0.0749
   0    0.5472    2.4412    1.2655    1.2655    1.1700    0.2709    0.7812    0.0886    0.1027
    
2017042900
   0    0.4714    2.5369    1.1672    1.1672    0.9446    0.0749    0.6598    0.1070    0.0978
   0    0.5768    2.4470    1.4130    1.4130    1.1280    0.3600    0.8281    0.0928    0.1211
    
2017043000
   0    0.4540    2.1793    1.0228    1.0228    1.0011   -0.0601    0.6384    0.0998    0.0851
   1 -999.9900 -999.9900 -999.9900 -999.9900 -999.9900 -999.9900 -999.9900 -999.9900 -999.9900
    
2017050100
   0    0.4423    1.8743    0.9458    0.9458    0.9214    0.0786    0.6193    0.0701    0.1474
   0    0.5056    1.7771    1.1271    1.1271    1.0894    0.3106    0.7232    0.0546    0.1469
    
2017050200
   0    0.4107    1.6640    0.8653    0.8653    0.8450    0.0776    0.5743    0.0755    0.1359
   1 -999.9900 -999.9900 -999.9900 -999.9900 -999.9900 -999.9900 -999.9900 -999.9900 -999.9900
    
2017050300
   0    0.4133    1.7497    0.8785    0.8785    0.9053    0.0610    0.5795    0.0866    0.1296
   1 -999.9900 -999.9900 -999.9900 -999.9900 -999.9900 -999.9900 -999.9900 -999.9900 -999.9900
    
2017050400
   0    0.4367    2.1142    0.9579    0.9579    0.9588   -0.0297    0.6138    0.0976    0.1080
   0    0.4699    2.0812    1.0607    1.0607    1.1486    0.1954    0.6659    0.0761    0.0999
    
2017050500
   0    0.4504    2.2357    1.0165    1.0165    1.0236    0.0101    0.6251    0.0976    0.0978
   0    0.5200    2.1869    1.2048    1.2048    1.2329    0.2499    0.7411    0.0847    0.1129
    
2017050600
   0    0.4214    2.0445    0.9103    0.9103    1.0263    0.0862    0.5806    0.0638    0.1263
   0    0.4879    1.9469    1.0780    1.0780    1.1921    0.3130    0.6850    0.0506    0.1330
    
2017050700
   0    0.4474    1.9385    0.9173    0.9173    1.0041    0.1451    0.6266    0.0589    0.1352
   0    0.5044    1.8414    1.1138    1.1138    1.1354    0.4151    0.7157    0.0392    0.1483
    
2017050800
   0    0.4714    1.5925    0.9693    0.9693    1.0620    0.1270    0.6591    0.0823    0.1374
   0    0.5191    1.5284    1.1135    1.1135    1.1644    0.3909    0.7270    0.0665    0.1626
    
2017050900
   0    0.4378    1.6213    0.9177    0.9177    1.0079    0.0506    0.6088    0.0813    0.1105
   0    0.5172    1.5483    1.1325    1.1325    1.1994    0.3115    0.7274    0.0734    0.1178
    
2017051000
   0    0.4273    1.5487    0.8640    0.8640    0.9876    0.0439    0.5975    0.0861    0.1146
   0    0.5049    1.5419    1.0845    1.0845    1.1315    0.2921    0.7212    0.0748    0.1387
    
2017051100
   0    0.4321    1.5357    0.9083    0.9083    1.0197   -0.0581    0.6140    0.1143    0.0877
   0    0.4304    1.5368    0.9041    0.9041    1.0598   -0.0344    0.6122    0.1036    0.0860
    
2017051200
   0    0.4462    1.6927    0.9537    0.9537    1.0636   -0.0089    0.6387    0.0795    0.1420
   0    0.4544    1.7071    0.9864    0.9864    1.1194   -0.0017    0.6540    0.0700    0.1271
    
2017051300
   0    0.4218    1.8868    0.9010    0.9010    1.0311   -0.0187    0.5907    0.0963    0.1291
   0    0.4364    1.9083    0.9685    0.9685    1.1181   -0.0381    0.6175    0.0929    0.1153
    
2017051400
   0    0.3852    1.7800    0.8076    0.8076    0.9587    0.0336    0.5378    0.0727    0.1092
   0    0.4002    1.7803    0.9001    0.9001    1.0870    0.0071    0.5601    0.0705    0.0993
    
2017051500
   0    0.4270    1.6564    0.9165    0.9165    0.9615    0.1047    0.5889    0.0589    0.1225
   0    0.4384    1.6313    0.9474    0.9474    1.0698    0.0695    0.6054    0.0527    0.1098
    
2017051600
   0    0.4660    1.9242    1.0299    1.0299    1.0001    0.1980    0.6420    0.0889    0.1438
   0    0.4664    1.9320    1.0113    1.0113    1.0217    0.1974    0.6410    0.0836    0.1394
    
2017051700
   0    0.4259    2.1609    0.9413    0.9413    1.0113    0.1164    0.5989    0.0871    0.0983
   0    0.4269    2.1708    0.9306    0.9306    1.0278    0.1220    0.5996    0.0887    0.0904
    
2017051800
   0    0.4302    2.0872    0.9555    0.9555    0.9813    0.0003    0.6150    0.1090    0.0912
   0    0.4312    2.0933    0.9504    0.9504    1.0008    0.0108    0.6119    0.1061    0.0899
    
2017051900
   0    0.4541    1.8696    1.0457    1.0457    0.9818    0.0140    0.6414    0.1237    0.1059
   0    0.4547    1.8788    1.0403    1.0403    0.9953    0.0322    0.6403    0.1211    0.1017
    
2017052000
   0    0.4401    1.8706    0.9605    0.9605    1.0333    0.0625    0.6213    0.0915    0.1227
   0    0.4344    1.8772    0.9338    0.9338    1.0436    0.0918    0.6105    0.0842    0.1266
    
2017052100
   0    0.4353    1.8739    0.9388    0.9388    1.0234    0.0149    0.6252    0.0889    0.1133
   0    0.4269    1.8816    0.9187    0.9187    1.0130    0.0353    0.6095    0.0813    0.1068
    
2017052200
   0    0.4307    1.9835    0.8793    0.8793    0.9627    0.1102    0.6023    0.0871    0.1293
   0    0.4240    1.9899    0.8637    0.8637    0.9552    0.1256    0.5856    0.0831    0.1267
    
2017052300
   0    0.3972    2.0740    0.8588    0.8588    0.9593    0.0797    0.5442    0.0729    0.1057
   0    0.3961    2.0807    0.8539    0.8539    0.9672    0.1188    0.5432    0.0663    0.1076
    
2017052400
   0    0.4149    1.8294    0.8776    0.8776    0.9651   -0.0373    0.5772    0.0828    0.1042
   0    0.4118    1.8353    0.8714    0.8714    0.9874   -0.0221    0.5707    0.0758    0.1018
    
2017052500
   0    0.4131    1.7844    0.8819    0.8819    0.9110    0.0549    0.5787    0.0902    0.1059
   0    0.4201    1.7892    0.9021    0.9021    0.9387    0.0737    0.5886    0.0893    0.1038
    
2017052600
   0    0.4451    1.6336    0.9662    0.9662    0.9177    0.0801    0.6240    0.0943    0.1293
   0    0.4441    1.6398    0.9608    0.9608    0.9574    0.0932    0.6236    0.0855    0.1273
    
2017052700
   0    0.4301    1.5710    0.9530    0.9530    0.9431    0.0972    0.6086    0.0938    0.1085
   0    0.4337    1.5809    0.9562    0.9562    0.9823    0.1162    0.6099    0.0918    0.1021
    
2017052800
   0    0.4025    1.6229    0.8876    0.8876    0.9550    0.0758    0.5661    0.1016    0.0841
   0    0.4014    1.6262    0.8802    0.8802    0.9896    0.0952    0.5633    0.0911    0.0842
    
2017052900
   0    0.4170    1.8364    0.9426    0.9426    0.9687    0.0090    0.5825    0.0877    0.0991
   0    0.4250    1.8285    0.9593    0.9593    1.0230    0.0261    0.5937    0.0796    0.0939
    
2017053000
   0    0.4227    1.7163    0.9250    0.9250    0.9910   -0.0171    0.5962    0.0996    0.0955
   0    0.4269    1.7102    0.9450    0.9450    1.0447   -0.0013    0.6008    0.0953    0.0904
    
2017053100
   0    0.4335    1.5446    0.9518    0.9518    1.0171    0.1135    0.6130    0.0793    0.1283
   0    0.4303 -999.9900    0.9496    0.9496    1.0478    0.1285    0.6056    0.0692    0.1232
    
2017060100
   0    0.4177    1.4887    0.8939    0.8939    1.0079    0.0558    0.5813    0.1062    0.1011
   0    0.4198 -999.9900    0.8943    0.8943    1.0416    0.0656    0.5807    0.0982    0.0995
    
2017060200
   0    0.4858    1.2912    1.0722    1.0722    1.1184    0.1369    0.6733    0.1092    0.1059
   0    0.4876 -999.9900    1.0746    1.0746    1.1536    0.1511    0.6752    0.1057    0.1010
    
2017060300
   0    0.4509    1.3785    0.9402    0.9402    1.0272    0.1373    0.6233    0.0986    0.1255
   0    0.4561 -999.9900    0.9483    0.9483    1.0603    0.1518    0.6278    0.0902    0.1217
    
2017060400
   0    0.4217    1.5494    0.9038    0.9038    0.9802    0.1196    0.5858    0.0635    0.1278
   1 -999.9900 -999.9900 -999.9900 -999.9900 -999.9900 -999.9900 -999.9900 -999.9900 -999.9900
    
2017060500
   0    0.4173    1.5108    0.9068    0.9068    0.9521    0.0788    0.5791    0.1039    0.1217
   0    0.4164 -999.9900    0.9021    0.9021    0.9873    0.0886    0.5727    0.0945    0.1133
    
2017060600
   0    0.3980    1.8601    0.8331    0.8331    0.9702    0.0378    0.5508    0.0788    0.1100
   1 -999.9900 -999.9900 -999.9900 -999.9900 -999.9900 -999.9900 -999.9900 -999.9900 -999.9900
    
2017060700
   0    0.4174    2.0527    0.8967    0.8967    0.9711    0.0945    0.5757    0.0826    0.1174
   1 -999.9900 -999.9900 -999.9900 -999.9900 -999.9900 -999.9900 -999.9900 -999.9900 -999.9900
    
2017060800
   0    0.4351    1.8458    0.9237    0.9237    0.9861    0.0774    0.6020    0.0696    0.1341
   0    0.4587 -999.9900    0.9837    0.9837    1.0718    0.1630    0.6371    0.0615    0.1276
    
2017060900
   0    0.4727    1.4286    1.0458    1.0458    0.9918    0.2407    0.6508    0.0605    0.1667
   0    0.4853 -999.9900    1.0786    1.0786    1.0516    0.3051    0.6655    0.0529    0.1661
    
2017061000
   0    0.4395    1.5786    0.9601    0.9601    1.0083    0.1303    0.6147    0.0846    0.1382
   1 -999.9900 -999.9900 -999.9900 -999.9900 -999.9900 -999.9900 -999.9900 -999.9900 -999.9900
    
