2022120700
   1 -999.9900 -999.9900 -999.9900 -999.9900 -999.9900 -999.9900 -999.9900 -999.9900 -999.9900
   1 -999.9900 -999.9900 -999.9900 -999.9900 -999.9900 -999.9900 -999.9900 -999.9900 -999.9900
   1 -999.9900 -999.9900 -999.9900 -999.9900 -999.9900 -999.9900 -999.9900 -999.9900 -999.9900
   1 -999.9900 -999.9900 -999.9900 -999.9900 -999.9900 -999.9900 -999.9900 -999.9900 -999.9900
    
2022120800
   1 -999.9900 -999.9900 -999.9900 -999.9900 -999.9900 -999.9900 -999.9900 -999.9900 -999.9900
   1 -999.9900 -999.9900 -999.9900 -999.9900 -999.9900 -999.9900 -999.9900 -999.9900 -999.9900
   1 -999.9900 -999.9900 -999.9900 -999.9900 -999.9900 -999.9900 -999.9900 -999.9900 -999.9900
   1 -999.9900 -999.9900 -999.9900 -999.9900 -999.9900 -999.9900 -999.9900 -999.9900 -999.9900
    
2022120900
   1 -999.9900 -999.9900 -999.9900 -999.9900 -999.9900 -999.9900 -999.9900 -999.9900 -999.9900
   1 -999.9900 -999.9900 -999.9900 -999.9900 -999.9900 -999.9900 -999.9900 -999.9900 -999.9900
   1 -999.9900 -999.9900 -999.9900 -999.9900 -999.9900 -999.9900 -999.9900 -999.9900 -999.9900
   1 -999.9900 -999.9900 -999.9900 -999.9900 -999.9900 -999.9900 -999.9900 -999.9900 -999.9900
    
2022121000
   1 -999.9900 -999.9900 -999.9900 -999.9900 -999.9900 -999.9900 -999.9900 -999.9900 -999.9900
   1 -999.9900 -999.9900 -999.9900 -999.9900 -999.9900 -999.9900 -999.9900 -999.9900 -999.9900
   1 -999.9900 -999.9900 -999.9900 -999.9900 -999.9900 -999.9900 -999.9900 -999.9900 -999.9900
   1 -999.9900 -999.9900 -999.9900 -999.9900 -999.9900 -999.9900 -999.9900 -999.9900 -999.9900
    
2022121100
   1 -999.9900 -999.9900 -999.9900 -999.9900 -999.9900 -999.9900 -999.9900 -999.9900 -999.9900
   1 -999.9900 -999.9900 -999.9900 -999.9900 -999.9900 -999.9900 -999.9900 -999.9900 -999.9900
   1 -999.9900 -999.9900 -999.9900 -999.9900 -999.9900 -999.9900 -999.9900 -999.9900 -999.9900
   1 -999.9900 -999.9900 -999.9900 -999.9900 -999.9900 -999.9900 -999.9900 -999.9900 -999.9900
    
2022121200
   1 -999.9900 -999.9900 -999.9900 -999.9900 -999.9900 -999.9900 -999.9900 -999.9900 -999.9900
   1 -999.9900 -999.9900 -999.9900 -999.9900 -999.9900 -999.9900 -999.9900 -999.9900 -999.9900
   1 -999.9900 -999.9900 -999.9900 -999.9900 -999.9900 -999.9900 -999.9900 -999.9900 -999.9900
   1 -999.9900 -999.9900 -999.9900 -999.9900 -999.9900 -999.9900 -999.9900 -999.9900 -999.9900
    
2022121300
   1 -999.9900 -999.9900 -999.9900 -999.9900 -999.9900 -999.9900 -999.9900 -999.9900 -999.9900
   1 -999.9900 -999.9900 -999.9900 -999.9900 -999.9900 -999.9900 -999.9900 -999.9900 -999.9900
   1 -999.9900 -999.9900 -999.9900 -999.9900 -999.9900 -999.9900 -999.9900 -999.9900 -999.9900
   1 -999.9900 -999.9900 -999.9900 -999.9900 -999.9900 -999.9900 -999.9900 -999.9900 -999.9900
    
2022121400
   1 -999.9900 -999.9900 -999.9900 -999.9900 -999.9900 -999.9900 -999.9900 -999.9900 -999.9900
   1 -999.9900 -999.9900 -999.9900 -999.9900 -999.9900 -999.9900 -999.9900 -999.9900 -999.9900
   1 -999.9900 -999.9900 -999.9900 -999.9900 -999.9900 -999.9900 -999.9900 -999.9900 -999.9900
   1 -999.9900 -999.9900 -999.9900 -999.9900 -999.9900 -999.9900 -999.9900 -999.9900 -999.9900
    
2022121500
   1 -999.9900 -999.9900 -999.9900 -999.9900 -999.9900 -999.9900 -999.9900 -999.9900 -999.9900
   1 -999.9900 -999.9900 -999.9900 -999.9900 -999.9900 -999.9900 -999.9900 -999.9900 -999.9900
   1 -999.9900 -999.9900 -999.9900 -999.9900 -999.9900 -999.9900 -999.9900 -999.9900 -999.9900
   1 -999.9900 -999.9900 -999.9900 -999.9900 -999.9900 -999.9900 -999.9900 -999.9900 -999.9900
    
2022121600
   1 -999.9900 -999.9900 -999.9900 -999.9900 -999.9900 -999.9900 -999.9900 -999.9900 -999.9900
   1 -999.9900 -999.9900 -999.9900 -999.9900 -999.9900 -999.9900 -999.9900 -999.9900 -999.9900
   1 -999.9900 -999.9900 -999.9900 -999.9900 -999.9900 -999.9900 -999.9900 -999.9900 -999.9900
   1 -999.9900 -999.9900 -999.9900 -999.9900 -999.9900 -999.9900 -999.9900 -999.9900 -999.9900
    
2022121700
   0   45.0006   26.0692   87.5444   87.5444   71.3123  -24.8740   62.7043    0.2329    0.0779
   0   44.1998   26.0573   86.7865   86.7865   75.3493  -20.3029   62.2629    0.1865    0.0750
   0   42.9923   25.0869   84.5134   84.5134   75.4311  -23.6166   60.2473    0.1750    0.0671
   0   42.9175   25.1820   84.6419   84.6419   77.4412  -20.4626   60.4156    0.1563    0.0664
    
2022121800
   0   39.4329   23.5283   77.2986   77.2986   84.4748  -16.4332   55.1527    0.1410    0.0418
   0   37.9469   24.0552   74.9105   74.9105   80.5054  -12.7425   53.1349    0.1382    0.0375
   0   38.0883   24.5102   75.2667   75.2667   83.3528  -14.7144   53.6717    0.1186    0.0420
   0   37.4102   24.5680   74.1773   74.1773   80.6177  -12.4496   52.6259    0.1240    0.0378
    
2022121900
   0   39.2759   21.5984   77.6738   77.6738   74.4020  -11.4541   54.5208    0.1467    0.0611
   0   39.9078   23.0878   79.9068   79.9068   79.2279   -5.7739   55.5648    0.1252    0.0606
   0   40.8092   22.0061   81.3388   81.3388   75.5026   -8.6585   56.3617    0.1504    0.0621
   0   40.6161   22.9460   81.5823   81.5823   78.9446   -5.2327   56.4400    0.1307    0.0600
    
2022122000
   0   45.0976   21.8545   86.5233   86.5233   76.9802  -10.3214   62.9062    0.1877    0.0724
   0   43.2184   22.8713   83.2499   83.2499   77.9537   -4.9465   60.3224    0.1631    0.0744
   0   44.4789   23.0784   85.5189   85.5189   76.7152   -7.6230   62.4872    0.1852    0.0657
   0   44.4789   23.0784   85.5189   85.5189   76.7152   -7.6230   62.4872    0.1852    0.0657
    
2022122100
   1 -999.9900 -999.9900 -999.9900 -999.9900 -999.9900 -999.9900 -999.9900 -999.9900 -999.9900
   0   45.4793   23.2599   88.0235   88.0235   76.5457   -2.4971   64.6691    0.1393    0.1227
   0   48.6829   24.1613   91.1312   91.1312   72.4768   -2.0741   68.0659    0.1836    0.1511
   0   48.6829   24.1613   91.1312   91.1312   72.4768   -2.0741   68.0659    0.1836    0.1511
    
2022122200
   0   50.7588   22.2491   97.3243   97.3243   74.2591   -5.1113   70.7945    0.2159    0.1256
   0   50.3619   22.5673   97.6863   97.6863   78.2327   -1.4735   71.3560    0.2089    0.1204
   0   48.3412   22.6302   92.7123   92.7123   74.7355   -2.5984   67.8776    0.2008    0.1149
   0   48.3412   22.6302   92.7123   92.7123   74.7355   -2.5984   67.8776    0.2008    0.1149
    
2022122300
   0   51.6707   19.7782   96.6933   96.6933   78.0166   -4.5142   73.2862    0.2416    0.1279
   0   51.4210   21.1015   96.3078   96.3078   81.0428   -4.6228   73.4466    0.2419    0.1289
   0   48.6701   20.3720   91.6660   91.6660   77.0770   -1.7467   69.4604    0.2162    0.1200
   0   48.6701   20.3720   91.6660   91.6660   77.0770   -1.7467   69.4604    0.2162    0.1200
    
2022122400
   0   49.6293   21.1100   93.5053   93.5053   76.5180   -0.0378   71.4429    0.2203    0.1329
   0   50.0700   21.6668   94.9930   94.9930   78.6124    2.8069   71.8972    0.2102    0.1328
   0   48.5214   21.7098   91.5072   91.5072   74.8623    1.5203   69.8146    0.1929    0.1300
   0   49.4183   21.5662   93.7811   93.7811   77.3883    4.0610   70.9639    0.1895    0.1330
    
2022122500
   0   42.5547   20.0295   82.1711   82.1711   75.3265    0.3656   59.7209    0.1485    0.0909
   0   42.6020   22.1660   82.8148   82.8148   78.4572    5.2099   60.6294    0.1164    0.0960
   0   42.6284   21.1262   82.3373   82.3373   74.7200    3.5988   60.5726    0.1503    0.0929
   0   42.6059   22.1195   82.9443   82.9443   77.5369    7.0550   60.9079    0.1169    0.0981
    
2022122600
   0   40.7988   22.0261   79.6558   79.6558   77.4609    6.1021   58.0733    0.1035    0.1092
   0   40.3658   22.7493   80.5103   80.5103   80.3760    8.8226   57.6764    0.0695    0.0912
   0   39.2494   22.8073   77.9756   77.9756   76.8878   10.0655   55.5822    0.0895    0.1020
   0   39.2912   22.5068   79.0650   79.0650   79.8475   11.4734   56.0064    0.0571    0.0901
    
2022122700
   0   36.0987   21.0856   67.6220   67.6220   78.5340    3.4555   49.9040    0.0933    0.0926
   0   38.4656   21.2096   75.2653   75.2653   83.4847    8.8917   53.4886    0.0722    0.0915
   0   34.9962   20.3826   65.7254   65.7254   77.4681    3.7184   48.8090    0.0872    0.0775
   0   37.2308   20.6220   72.4256   72.4256   82.2557    8.0293   52.1108    0.0719    0.0794
    
2022122800
   0   35.0247   22.4031   65.9931   65.9931   74.1104    8.0215   47.8947    0.0813    0.1022
   0   34.6599   22.2706   66.4317   66.4317   74.5899   10.6081   47.4341    0.0529    0.0879
   0   34.0290   22.0862   64.0335   64.0335   73.4811    7.0048   46.4709    0.0688    0.0991
   0   33.8337   21.8124   64.5115   64.5115   74.7546    9.5193   46.1683    0.0485    0.0824
    
2022122900
   0   35.8180   22.3631   66.6459   66.6459   75.1932    5.9165   50.6516    0.0691    0.1054
   0   35.2116   23.3012   66.5774   66.5774   77.5139   10.6672   49.7475    0.0587    0.1092
   0   36.3490   22.7471   67.4319   67.4319   74.8446    5.7730   51.6711    0.0758    0.1085
   0   35.4805   23.2035   66.7736   66.7736   77.0938    9.6957   50.4112    0.0592    0.1074
    
2022123000
   0   36.7293   21.3357   70.8756   70.8756   75.0638   11.9546   52.4518    0.0699    0.1224
   0   36.0099   22.5666   71.0789   71.0789   76.5793   13.1420   51.2760    0.0453    0.0934
   0   36.8433   21.7549   71.1095   71.1095   76.3171   10.1195   52.7388    0.0830    0.1001
   0   36.1243   22.4527   71.0152   71.0152   77.1669   11.9059   51.7167    0.0599    0.0888
    
2022123100
   0   39.7121   24.0302   78.2510   78.2510   71.6342    9.1044   55.4987    0.1226    0.1124
   0   37.2636   22.3544   76.0501   76.0501   73.5175    9.4347   52.1477    0.0789    0.0968
   0   38.3842   22.3077   76.2291   76.2291   72.7578    8.5048   54.0509    0.1138    0.1016
   0   36.9889   21.7123   75.3690   75.3690   73.6391    9.0554   52.0595    0.0771    0.0959
    
2023010100
   0   36.1497   19.7797   73.2405   73.2405   69.6890    1.5572   49.4861    0.1219    0.0749
   0   33.3503   19.7961   67.8810   67.8810   70.2370    3.6922   46.0060    0.0743    0.0785
   0   35.1756   19.3759   71.0873   71.0873   68.8260    1.5528   48.8905    0.1269    0.0763
   0   33.2653   19.4620   67.5347   67.5347   69.7047    3.2625   46.2051    0.0747    0.0787
    
2023010200
   0   31.0190   20.0226   61.5686   61.5686   74.1715    4.6936   43.1199    0.0522    0.0791
   0   32.9484   20.5368   66.1062   66.1062   73.8653    9.4148   45.5758    0.0445    0.0930
   0   31.0920   19.8586   62.0010   62.0010   73.1553    6.3648   42.5720    0.0390    0.0823
   0   32.5064   20.2216   65.1060   65.1060   73.6548    9.4732   44.5113    0.0366    0.0912
    
2023010300
   0   35.1519   20.4936   66.9363   66.9363   74.9255    5.4306   50.0212    0.0618    0.0906
   0   35.7903   20.7390   69.2246   69.2246   75.6498    8.9447   50.5236    0.0484    0.0987
   0   34.9561   19.7374   67.1032   67.1032   74.4638    5.9337   49.5916    0.0633    0.0845
   0   35.4432   20.1113   68.5797   68.5797   75.5029    8.5436   49.8384    0.0501    0.0933
    
2023010400
   0   33.2505   20.0978   63.2709   63.2709   69.9008    4.4244   45.7568    0.0714    0.0991
   0   34.4719   19.7379   65.2078   65.2078   70.7962    8.7602   47.7841    0.0531    0.1086
   0   33.5547   20.1696   63.9253   63.9253   70.3815    3.4502   45.7837    0.0739    0.0931
   0   34.2676   19.6465   64.8747   64.8747   71.2087    7.3087   47.3062    0.0573    0.0996
    
2023010500
   0   32.7008   20.4001   64.2271   64.2271   71.4211   -5.1365   43.6006    0.1014    0.0678
   0   33.3482   20.1929   65.5222   65.5222   73.4938    0.3725   44.8038    0.0823    0.0679
   0   31.9820   20.1247   62.8515   62.8515   70.5210   -4.8502   42.0930    0.1024    0.0648
   0   32.6912   19.9527   64.1721   64.1721   72.8137   -0.5575   43.5088    0.0836    0.0656
    
2023010600
   0   30.6910   20.9086   60.0520   60.0520   71.9785   -2.3158   41.9441    0.0945    0.0539
   0   30.8354   21.2469   59.8730   59.8730   73.5297    1.4729   42.0183    0.0675    0.0509
   0   31.2681   20.4836   61.5282   61.5282   71.8378   -3.2864   42.4681    0.1100    0.0509
   0   31.0393   20.8073   60.5063   60.5063   73.3825    0.1327   42.1748    0.0791    0.0496
    
2023010700
   0   31.7040   21.2709   61.7004   61.7004   68.0127   -5.9478   44.9041    0.0878    0.0801
   0   30.4414   21.1363   58.1925   58.1925   72.5326   -2.1956   42.3601    0.0573    0.0671
   0   31.1489   20.5503   60.7912   60.7912   68.6852   -4.3802   43.7449    0.0723    0.0805
   0   30.3761   20.7846   58.4318   58.4318   71.9365   -2.0055   42.1824    0.0512    0.0703
    
2023010800
   0   34.7061   19.6634   68.0020   68.0020   70.5927   -3.7825   48.4048    0.0966    0.0882
   0   30.4218   20.6600   59.4741   59.4741   72.9666   -0.9745   42.7324    0.0290    0.0697
   0   34.4409   19.5682   67.8030   67.8030   70.4552   -2.2895   48.5559    0.0883    0.0897
   0   31.0717   20.3553   61.0856   61.0856   72.4579   -0.6404   43.9083    0.0292    0.0740
    
2023010900
   0   34.7105   20.0381   69.2491   69.2491   66.2673   -2.1971   49.2940    0.0927    0.1002
   0   33.0004   20.6617   64.9353   64.9353   69.3646    0.7338   47.8166    0.0640    0.0885
   0   34.3025   19.2874   67.7284   67.7284   68.8360   -1.6796   48.6619    0.0786    0.0891
   0   32.9770   19.9577   64.7123   64.7123   70.3650    0.4582   47.4635    0.0630    0.0835
    
2023011000
   0   35.5594   18.5601   66.7318   66.7318   69.7587    3.1832   49.2602    0.0906    0.1146
   0   33.6756   19.0294   63.9133   63.9133   72.5435    5.5075   46.5415    0.0560    0.0955
   0   35.8510   18.7943   67.7042   67.7042   69.4463    5.5928   49.9740    0.0831    0.1198
   0   34.0912   19.0164   64.9611   64.9611   71.9258    6.4884   47.4214    0.0570    0.1008
    
2023011100
   0   42.3486   19.3652   78.6171   78.6171   71.3493    3.0330   58.3980    0.0999    0.1261
   0   38.7749   19.7005   73.4661   73.4661   72.0234    6.3111   54.1158    0.0674    0.1070
   0   43.1088   19.3905   79.5699   79.5699   69.7692    2.7824   59.3112    0.1227    0.1333
   0   39.7613   19.5384   74.9686   74.9686   71.1353    5.5050   55.3982    0.0795    0.1147
    
2023011200
   0   41.2829   20.1716   77.9810   77.9810   72.5641   -1.3395   56.1154    0.0874    0.1170
   0   38.4730   20.4356   72.8587   72.8587   73.5432    1.5125   51.9474    0.0731    0.0973
   0   41.7854   19.9471   78.0153   78.0153   72.3729   -2.2443   56.6388    0.0908    0.1209
   0   39.2110   20.1562   73.7731   73.7731   73.3971    0.3993   52.9736    0.0775    0.1025
    
2023011300
   0   38.1907   20.5765   69.4409   69.4409   73.3259   -6.4987   51.2711    0.1153    0.1084
   0   36.7157   20.3277   66.6236   66.6236   73.5246   -5.6591   49.5387    0.0911    0.0911
   0   37.8729   20.0406   69.4414   69.4414   73.4651   -8.2935   51.2391    0.1110    0.0844
   0   36.7643   19.9908   67.0661   67.0661   73.6885   -6.9037   49.8563    0.0913    0.0787
    
2023011400
   0   35.2438   19.5174   62.5188   62.5188   70.9647   -9.2891   47.2518    0.1174    0.0661
   0   35.3592   19.2137   63.0607   63.0607   70.8912   -5.9526   47.8928    0.1111    0.0682
   0   35.2406   19.3778   63.5926   63.5926   71.1655   -7.9750   47.6651    0.0999    0.0699
   0   35.3190   19.1636   63.5926   63.5926   71.0265   -5.8315   47.9735    0.1037    0.0690
    
2023011500
   0   39.5632   20.6746   72.9572   72.9572   74.3322    1.2766   55.1890    0.0896    0.1149
   0   37.6366   20.4568   69.7625   69.7625   77.1847    3.6160   53.0787    0.0735    0.0955
   0   38.9423   19.9284   71.6413   71.6413   73.6504    0.5991   54.0388    0.0934    0.1117
   0   37.5899   19.9625   69.4194   69.4194   76.3861    2.7416   52.7559    0.0783    0.0972
    
2023011600
   0   44.4868   18.4448   82.7334   82.7334   74.6825    4.2410   61.6090    0.1064    0.1465
   0   41.9239   18.6034   78.7799   78.7799   75.1737    6.3542   59.1241    0.0907    0.1374
   0   43.8644   18.6485   81.9003   81.9003   75.0175    3.9129   61.2289    0.0830    0.1405
   0   41.9157   18.6039   78.8913   78.8913   75.4595    5.7346   59.2277    0.0780    0.1292
    
2023011700
   0   44.5309   20.0880   86.3723   86.3723   75.9897    5.1821   63.5227    0.1296    0.1356
   0   43.0510   19.0385   82.5602   82.5602   77.3624    5.2094   61.1675    0.1108    0.1205
   0   42.5762   19.0350   82.2705   82.2705   73.1605    4.4004   60.8272    0.1311    0.1265
   0   42.1917   18.6013   80.7854   80.7854   75.4716    4.7349   59.9883    0.1142    0.1202
    
2023011800
   0   40.9734   20.1019   79.0945   79.0945   75.4248    1.6655   58.0358    0.1205    0.1196
   0   40.3534   20.2670   78.1891   78.1891   75.4165    4.7572   57.2024    0.0922    0.1247
   0   39.6242   19.3732   76.0355   76.0355   74.3008    0.3834   56.3400    0.1236    0.1167
   0   39.5751   19.6670   76.3053   76.3053   74.9914    3.3695   56.1428    0.0979    0.1236
    
2023011900
   0   35.2225   20.6398   65.5580   65.5580   75.5835   -5.0491   50.6501    0.1170    0.0791
   0   34.9358   20.5924   65.6444   65.6444   75.9899   -4.2153   50.2212    0.1039    0.0775
   0   35.9191   20.2199   67.2261   67.2261   73.3816   -5.4860   51.8863    0.1305    0.0853
   0   35.4142   20.3120   66.5137   66.5137   74.7252   -4.6443   50.9641    0.1146    0.0849
    
2023012000
   0   35.6325   20.7502   66.9113   66.9113   72.7933   -2.1567   49.0812    0.1080    0.0990
   0   34.0229   20.0271   64.0300   64.0300   75.4027   -1.8079   47.0676    0.0866    0.0845
   0   34.0686   20.4049   63.9496   63.9496   72.6650   -3.2421   47.2649    0.0973    0.0840
   0   33.4117   19.9699   62.8487   62.8487   74.7542   -2.5287   46.4147    0.0830    0.0770
    
2023012100
   0   37.0255   18.8667   74.2933   74.2933   68.5749   -5.9392   51.3289    0.1199    0.0866
   0   36.9824   19.3945   73.1280   73.1280   73.1773   -3.6121   52.2449    0.0972    0.0836
   0   37.2963   18.9528   74.8414   74.8414   69.8553   -5.4154   52.1584    0.1104    0.0888
   0   37.1093   19.3121   73.6633   73.6633   73.0180   -3.7632   52.4704    0.0973    0.0853
    
2023012200
   0   39.4075   19.2915   75.9668   75.9668   69.0724  -14.8080   55.9233    0.1852    0.0832
   0   40.2051   19.3873   77.4857   77.4857   72.2198  -12.9222   57.4489    0.1634    0.0979
   0   38.8030   19.4239   74.8326   74.8326   69.5542  -13.9279   54.8039    0.1816    0.0829
   0   39.8040   19.3306   76.5548   76.5548   72.1416  -12.2168   56.6916    0.1640    0.0941
    
2023012300
   0   39.4771   20.4129   75.6870   75.6870   72.2228  -16.3085   55.8092    0.1593    0.0900
   0   40.7665   20.0974   78.8267   78.8267   73.3308  -17.1205   57.7983    0.1580    0.0952
   0   38.2397   19.8604   73.8318   73.8318   71.1912  -16.2921   54.2757    0.1462    0.0839
   0   39.6926   19.7432   76.9883   76.9883   72.6536  -16.8296   56.4422    0.1471    0.0904
    
2023012400
   0   38.0310   19.7374   71.2826   71.2826   69.0569  -12.3930   52.9405    0.1544    0.0958
   0   36.6994   19.2306   70.7343   70.7343   72.8355  -12.3860   51.6506    0.1188    0.0847
   0   37.4270   19.5207   70.4058   70.4058   69.3609  -12.9506   52.1286    0.1449    0.0933
   0   36.5542   19.1656   70.2355   70.2355   72.3310  -12.7215   51.4188    0.1175    0.0852
    
2023012500
   0   39.6252   19.8253   76.6930   76.6930   73.1338   -9.5287   55.0753    0.1311    0.1072
   0   40.1788   19.3718   79.0892   79.0892   76.9936   -9.0133   55.7257    0.1043    0.1041
   0   39.7740   19.5399   77.0843   77.0843   72.8997   -9.9022   55.2643    0.1348    0.1086
   0   40.0161   19.2561   78.7045   78.7045   76.1046   -9.3939   55.6113    0.1097    0.1058
    
2023012600
   0   42.0591   20.7448   84.8873   84.8873   75.7226  -17.1168   59.2112    0.1379    0.0971
   0   43.5206   19.6083   88.2946   88.2946   76.9200  -14.2259   61.7538    0.1004    0.1068
   0   42.6045   19.6079   85.1561   85.1561   74.2697  -17.0757   60.4218    0.1333    0.1034
   0   43.5837   19.2153   87.8561   87.8561   75.7421  -14.7795   61.8601    0.1075    0.1072
    
2023012700
   0   42.9803   20.7311   82.4763   82.4763   73.1990  -11.2290   61.2264    0.1345    0.1354
   0   42.3052   19.8726   82.5545   82.5545   76.9659   -9.8139   60.3162    0.1103    0.1218
   0   43.5656   19.8553   83.9561   83.9561   74.0952  -12.7772   61.9427    0.1407    0.1321
   0   42.8415   19.6425   83.5617   83.5617   76.5451  -11.0574   61.0197    0.1213    0.1230
    
2023012800
   0   43.9979   22.2634   84.0662   84.0662   75.7776   -6.4948   62.8743    0.1398    0.1674
   0   44.2431   22.1645   86.7615   86.7615   78.4647   -6.9694   63.5816    0.1129    0.1618
   0   42.8468   23.0160   82.5381   82.5381   76.3568   -5.9677   61.6894    0.1278    0.1575
   0   43.5170   22.4941   85.2089   85.2089   78.4729   -6.5821   62.7613    0.1095    0.1585
    
2023012900
   0   38.0030   21.7733   75.9046   75.9046   75.8450   -1.4175   53.8999    0.1061    0.1012
   0   39.6861   21.7306   78.3900   78.3900   79.1110   -2.4765   57.0386    0.0783    0.1152
   0   39.3412   22.7480   79.3371   79.3371   78.7147   -1.6462   55.8128    0.0934    0.1025
   0   40.0570   22.1721   79.6649   79.6649   80.4547   -2.3313   57.4901    0.0813    0.1114
    
2023013000
   0   43.6117   26.1119   87.4690   87.4690   80.0118    4.4015   62.2476    0.0754    0.1579
   0   43.8853   25.1264   86.8140   86.8140   81.5030    2.6741   62.9907    0.0798    0.1596
   0   42.8479   25.4681   85.3872   85.3872   78.6150    4.4719   61.3996    0.0759    0.1529
   0   43.2616   24.8491   85.5635   85.5635   80.5317    3.0620   62.2043    0.0816    0.1556
    
2023013100
   0   34.6008   24.5116   63.9922   63.9922   76.7033    4.9904   47.1967    0.0461    0.1319
   0   35.3654   23.0076   67.4820   67.4820   79.1979    2.7883   49.0123    0.0422    0.1187
   0   34.5381   24.1279   64.5381   64.5381   74.6737    3.6723   47.3260    0.0477    0.1334
   0   35.1435   23.0311   67.0735   67.0735   77.5663    2.4378   48.6715    0.0469    0.1214
    
2023020100
   0   32.6886   25.1198   58.8677   58.8677   72.8324    7.7435   44.6092    0.0533    0.1395
   0   32.1389   22.4327   58.8381   58.8381   77.8793    5.2332   44.4174    0.0264    0.1038
   0   31.5739   23.6773   57.8387   57.8387   73.3274    6.1650   43.5679    0.0460    0.1128
   0   31.7696   22.2165   58.3736   58.3736   77.0420    4.7880   44.1148    0.0269    0.0998
    
2023020200
   0   32.3505   24.9151   58.0638   58.0638   74.9592    4.0077   45.3649    0.0607    0.0870
   0   29.6296   20.7863   51.2224   51.2224   79.0790    0.5929   40.1221    0.0391    0.0486
   0   32.1231   24.8789   58.2282   58.2282   74.8006    3.6148   44.7648    0.0609    0.0791
   0   29.6508   21.1346   51.5941   51.5941   78.9635    1.0399   40.1738    0.0385    0.0459
    
2023020300
   0   31.9283   22.6639   58.7004   58.7004   74.2937    1.6783   43.4789    0.0573    0.0578
   0   31.7873   22.0305   57.8293   57.8293   78.3369    2.2635   43.9269    0.0551    0.0458
   0   31.5491   22.4103   58.3635   58.3635   73.5041    2.9574   43.3332    0.0589    0.0559
   0   31.4247   21.8555   57.3066   57.3066   77.4577    2.9138   43.6149    0.0547    0.0437
    
2023020400
   0   34.7192   20.3804   68.7370   68.7370   75.5322   -0.8285   48.7907    0.0842    0.0614
   0   36.8501   21.0342   73.1192   73.1192   79.5280    1.3942   52.1862    0.0684    0.0673
   0   35.1720   21.0160   69.1666   69.1666   75.5507    0.0166   49.7422    0.0701    0.0645
   0   36.4341   21.0390   71.8958   71.8958   79.3115    1.4568   51.3698    0.0618    0.0666
    
2023020500
   0   39.2756   24.0469   79.2456   79.2456   83.1379   -3.1851   56.6706    0.0940    0.0605
   0   38.2125   23.3292   77.3700   77.3700   82.4558   -1.8961   55.6976    0.0906    0.0504
   0   37.5482   22.9553   76.2258   76.2258   80.3417   -5.8878   54.0432    0.0986    0.0429
   0   37.2361   22.5925   75.5710   75.5710   79.9090   -3.6482   53.9048    0.0925    0.0406
    
2023020600
   0   39.0605   24.5503   75.5236   75.5236   72.9667    0.6383   54.2320    0.0975    0.1486
   0   39.0605   24.5503   75.5236   75.5236   72.9667    0.6383   54.2320    0.0975    0.1486
   0   40.0812   23.3256   78.7458   78.7458   75.5934   -1.3357   56.0360    0.0844    0.1535
   0   40.2811   22.7453   79.4147   79.4147   77.5302   -1.3386   56.9967    0.0820    0.1407
    
2023020700
   0   44.0853   23.1444   85.9492   85.9492   72.8526  -13.0788   61.5638    0.1317    0.1629
   0   42.6067   22.2227   83.7508   83.7508   75.9792  -11.4270   60.0950    0.1255    0.1471
   0   40.9331   22.7784   79.7651   79.7651   73.0061  -11.8983   57.7072    0.1187    0.1500
   0   40.9573   22.1614   80.3650   80.3650   75.5432  -11.0490   58.0283    0.1149    0.1409
    
2023020800
   0   37.7643   22.9634   72.4069   72.4069   73.7342  -12.8158   53.7349    0.1301    0.0908
   0   38.1629   22.3573   73.1327   73.1327   77.8296  -11.2284   54.1290    0.1079    0.0814
   0   37.4509   22.7934   71.1499   71.1499   75.7430  -11.2026   53.0658    0.1184    0.0937
   0   37.9004   22.3845   72.3432   72.3432   78.0623  -10.5780   53.7566    0.1056    0.0827
    
2023020900
   0   38.4236   24.1929   73.7195   73.7195   73.6686   -8.2212   54.0371    0.1048    0.1171
   0   38.5974   24.5010   76.1253   76.1253   75.5092   -6.3027   54.7280    0.0854    0.1101
   0   37.1235   23.3600   72.2630   72.2630   72.8510   -8.6492   53.3129    0.0918    0.1073
   0   37.7625   23.9190   74.7447   74.7447   74.7222   -6.9433   54.0976    0.0800    0.1078
    
2023021000
   0   40.1850   23.3130   76.7468   76.7468   70.8606   -1.2846   56.3116    0.1263    0.1218
   0   39.4425   23.2408   76.3135   76.3135   72.8217   -2.4651   54.9450    0.1168    0.1083
   0   39.0192   22.6202   75.0566   75.0566   71.1369   -1.6365   54.7679    0.1232    0.1150
   0   38.8002   22.7355   75.1917   75.1917   72.7910   -2.4403   54.0972    0.1149    0.1063
    
2023021100
   0   34.1214   23.3141   65.4134   65.4134   69.8445   -3.1814   48.6915    0.0961    0.0938
   0   35.5670   22.7515   68.7784   68.7784   74.5420   -2.6776   50.5451    0.0976    0.0893
   1 -999.9900 -999.9900 -999.9900 -999.9900 -999.9900 -999.9900 -999.9900 -999.9900 -999.9900
   1 -999.9900 -999.9900 -999.9900 -999.9900 -999.9900 -999.9900 -999.9900 -999.9900 -999.9900
    
2023021200
   0   37.7049   23.6443   71.3038   71.3038   73.6507   -2.8143   54.5203    0.0895    0.1022
   0   39.3254   23.8211   74.5298   74.5298   76.6047   -2.0031   57.0927    0.0826    0.1100
   0   36.3267   23.7603   68.7042   68.7042   74.0661   -0.6359   52.6054    0.0680    0.1061
   0   38.0786   23.3486   72.0931   72.0931   76.4244   -0.1980   55.2382    0.0760    0.1109
    
2023021300
   0   37.3469   23.9905   70.3071   70.3071   72.2988   -3.0054   52.9292    0.1140    0.1137
   0   36.9069   23.7222   69.9764   69.9764   73.9082   -1.0936   52.8681    0.0926    0.0949
   0   37.8114   23.5927   72.0383   72.0383   74.0385   -2.6373   53.8879    0.1107    0.1056
   0   37.2321   23.4649   70.9429   70.9429   74.7421   -1.2551   53.4135    0.0945    0.0951
    
2023021400
   0   40.3564   25.2074   73.9149   73.9149   75.1435   -1.0840   55.9527    0.1434    0.1018
   0   39.9960   24.1795   74.4630   74.4630   73.9352   -1.4684   55.9956    0.1272    0.1081
   0   39.9238   24.6420   73.7353   73.7353   74.0182   -0.9637   55.7896    0.1364    0.1113
   0   39.7994   24.0428   74.2315   74.2315   73.5259   -1.3193   55.9068    0.1265    0.1093
    
2023021500
   0   32.9556   24.5720   61.3080   61.3080   76.7561   -6.3831   46.3803    0.0607    0.0584
   0   32.3961   24.1000   60.2016   60.2016   77.4062   -5.1969   45.4147    0.0307    0.0615
   0   31.7545   23.9039   59.0199   59.0199   76.0031   -5.7768   44.8778    0.0496    0.0575
   0   31.7581   23.7467   58.9357   58.9357   76.8960   -5.0724   44.6280    0.0304    0.0596
    
2023021600
   0   28.6501   26.7023   51.8436   51.8436   73.0676   -0.4699   38.4808    0.0447    0.0413
   0   28.4539   25.0525   51.3923   51.3923   73.4243   -1.5316   38.1463    0.0406    0.0351
   0   28.6317   24.3957   51.5585   51.5585   75.2719   -1.9446   38.8553    0.0425    0.0320
   0   28.4495   24.0093   51.2312   51.2312   74.6856   -2.1601   38.3929    0.0379    0.0330
    
2023021700
   0   33.3634   23.0186   60.3324   60.3324   74.9867    0.7299   47.1528    0.1027    0.0540
   0   33.4040   23.9947   61.1299   61.1299   77.8809    2.3745   47.2562    0.0869    0.0513
   0   32.4012   22.1548   58.8969   58.8969   75.5640   -0.0752   45.7161    0.0858    0.0501
   0   32.8721   23.3176   60.2623   60.2623   77.5215    1.5624   46.4669    0.0831    0.0499
    
2023021800
   0   33.2506   21.5202   59.3769   59.3769   74.6993   -2.6704   46.8137    0.0931    0.0609
   0   33.4305   22.1717   60.0787   60.0787   74.4212   -2.3512   47.3988    0.0858    0.0655
   0   33.7614   21.2353   60.3640   60.3640   73.8341   -2.8398   47.9148    0.0968    0.0654
   0   33.5649   21.7543   60.3369   60.3369   74.1242   -2.5168   47.8246    0.0885    0.0639
    
2023021900
   0   34.8092   22.0267   62.2620   62.2620   73.8553   -2.3156   49.1243    0.0897    0.1104
   0   34.1097   21.2191   61.1611   61.1611   73.8591    0.0963   47.7029    0.0781    0.1065
   0   33.0451   21.9007   59.1442   59.1442   72.9614   -2.2187   46.5275    0.0844    0.0800
   0   33.1120   21.2377   59.3688   59.3688   73.4420   -0.3280   46.3009    0.0778    0.0868
    
2023022000
   0   32.5760   23.5357   61.1668   61.1668   73.8490    0.0118   45.0376    0.0411    0.0735
   0   30.5535   21.4328   56.0941   56.0941   75.9568    0.4675   41.6498    0.0242    0.0631
   0   31.8064   22.2244   58.8876   58.8876   74.3022   -1.5659   44.0345    0.0374    0.0761
   0   30.5976   21.2346   56.0459   56.0459   75.5252   -0.5703   41.9193    0.0283    0.0634
    
2023022100
   0   33.5782   23.9277   64.8269   64.8269   74.5934    0.4308   46.9627    0.0701    0.0816
   0   33.4807   22.8547   64.7966   64.7966   73.5378    2.6608   46.7867    0.0566    0.0820
   0   33.4034   23.5464   64.6234   64.6234   72.8042   -0.0275   46.4859    0.0686    0.0791
   0   33.3450   22.7700   64.5778   64.5778   72.7822    1.9397   46.4426    0.0569    0.0815
    
2023022200
   0   37.5188   26.6753   73.1038   73.1038   70.2585    2.5862   52.4409    0.0998    0.0972
   0   36.1323   23.5758   71.3747   71.3747   71.6088    4.5122   50.4144    0.0760    0.0940
   0   36.9390   25.0415   71.4919   71.4919   71.6751    3.3985   51.6921    0.0853    0.0913
   0   36.0393   23.2738   70.7243   70.7243   72.1823    4.6145   50.4555    0.0725    0.0880
    
2023022300
   0   40.3156   25.3702   76.7944   76.7944   80.0987   -3.9164   57.2328    0.0859    0.1047
   0   37.1256   22.9142   72.5825   72.5825   77.8077   -0.2267   52.5918    0.0606    0.0917
   0   37.4859   23.5878   72.1652   72.1652   78.6007   -3.5147   53.8372    0.0833    0.0778
   0   36.0808   22.3517   70.6528   70.6528   77.3011   -0.7236   51.5139    0.0553    0.0793
    
2023022400
   0   38.0198   21.4692   73.6243   73.6243   72.8267    0.4959   53.1898    0.0900    0.1132
   0   38.4420   21.1692   75.5366   75.5366   75.2724   -0.0259   54.2992    0.0798    0.1054
   0   37.7473   20.9743   73.0763   73.0763   72.8505    0.6068   53.1475    0.0835    0.1159
   0   38.0104   20.7452   74.4198   74.4198   75.1414    0.3175   53.8168    0.0762    0.1045
    
2023022500
   0   45.0897   21.6684   84.6690   84.6690   69.4816    3.1200   63.5428    0.1318    0.2005
   0   42.8339   20.9617   81.0550   81.0550   72.1567    2.6806   60.1239    0.1113    0.1730
   0   43.9666   20.7585   84.1856   84.1856   72.9128    2.6449   62.1174    0.1202    0.1796
   0   42.7571   20.6987   81.6720   81.6720   73.4042    2.4833   60.1482    0.1076    0.1674
    
2023022600
   0   43.9113   21.4549   81.1992   81.1992   72.8248    4.6006   62.2668    0.1122    0.1893
   0   45.1908   21.0601   84.8691   84.8691   74.7225    6.0410   63.6930    0.1065    0.2016
   0   44.3798   21.1417   82.8001   82.8001   72.9150    5.9968   62.9746    0.1030    0.2092
   0   45.1351   20.8517   84.8850   84.8850   74.6176    6.5905   63.6522    0.1032    0.2071
    
2023022700
   1 -999.9900 -999.9900 -999.9900 -999.9900 -999.9900 -999.9900 -999.9900 -999.9900 -999.9900
   0   42.6234   21.4832   80.6046   80.6046   74.2795    7.3091   60.9765    0.1275    0.1316
   0   40.6536   20.7500   76.5865   76.5865   74.6251    5.0306   58.6687    0.1225    0.1041
   0   41.1982   20.8814   77.8428   77.8428   75.2258    7.2711   59.4163    0.1189    0.1165
    
2023022800
   0   37.8639   23.6084   70.8109   70.8109   72.6828    8.7114   53.6625    0.1134    0.1012
   0   40.7350   21.9640   77.2061   77.2061   75.1481    8.2683   57.6523    0.1108    0.1142
   0   37.3512   22.5721   70.1272   70.1272   72.0858    8.1167   52.8756    0.1028    0.1005
   0   39.9087   21.7271   75.6730   75.6730   74.2204    8.0000   56.5608    0.1044    0.1114
    
2023030100
   0   38.6972   22.4113   76.8332   76.8332   74.1910    5.3343   55.2257    0.0835    0.1236
   0   39.2360   22.3335   77.2059   77.2059   75.4270    5.4876   56.1454    0.0781    0.1119
   0   38.0468   22.6542   76.3026   76.3026   73.2248    4.0491   54.2165    0.0808    0.1075
   0   38.6372   22.4195   76.6813   76.6813   74.7540    4.6859   55.2417    0.0738    0.1049
    
2023030200
   0   40.3730   24.8630   77.7845   77.7845   74.0169    2.1493   56.0149    0.0952    0.1080
   0   40.6056   23.4081   78.9513   78.9513   76.9848    5.7833   56.7397    0.0899    0.1213
   0   40.1884   24.1894   77.4222   77.4222   74.9332    2.7070   55.9039    0.0938    0.1038
   0   40.3851   23.2228   78.3699   78.3699   77.0559    5.3911   56.3736    0.0905    0.1101
    
2023030300
   0   40.8337 -999.9900   75.8159   75.8159   75.1980    4.0571   57.2050    0.1114    0.1124
   0   42.3662 -999.9900   78.6289   78.6289   78.4947    5.0691   60.1077    0.1007    0.1139
   0   39.7458 -999.9900   73.7018   73.7018   73.4037    3.7367   55.7927    0.1186    0.1104
   0   41.2327 -999.9900   76.3049   76.3049   77.3651    4.6744   58.3715    0.1032    0.1111
    
2023030400
   0   37.7299 -999.9900   68.8578   68.8578   77.2233    3.5996   52.0933    0.0992    0.1038
   0   39.9607 -999.9900   73.1657   73.1657   78.8764    6.7350   55.6213    0.1195    0.1098
   0   37.6642 -999.9900   69.2450   69.2450   76.4821    2.4543   52.1679    0.1211    0.0910
   0   39.3459 -999.9900   72.2815   72.2815   78.3611    5.4206   54.5983    0.1266    0.1001
    
2023030500
   0   34.8360 -999.9900   64.9136   64.9136   71.9568    5.8561   49.3892    0.0681    0.0982
   0   37.2257 -999.9900   69.8015   69.8015   74.3465    8.3022   53.2066    0.0881    0.1128
   0   33.5785 -999.9900   62.1379   62.1379   72.7940    4.6112   47.7860    0.0644    0.0880
   0   35.8527 -999.9900   67.0060   67.0060   74.6171    7.0659   51.3782    0.0686    0.0962
    
2023030600
   0   35.7626 -999.9900   68.9430   68.9430   72.5641    3.8166   51.3143    0.0995    0.0918
   0   36.4222 -999.9900   69.1176   69.1176   73.7375    5.7140   52.5040    0.0881    0.0914
   0   35.3946 -999.9900   67.5544   67.5544   72.4569    3.3855   51.2075    0.0886    0.0899
   0   36.0522 -999.9900   68.2721   68.2721   73.4209    5.0759   52.2545    0.0821    0.0904
    
2023030700
   0   36.2733 -999.9900   69.9252   69.9252   68.9040   -0.6918   51.6008    0.1037    0.0925
   0   35.9304 -999.9900   67.8025   67.8025   71.7943    1.0271   50.4885    0.1048    0.0849
   0   35.6660 -999.9900   68.2373   68.2373   70.6890   -0.1275   50.5057    0.0927    0.0802
   0   35.5225 -999.9900   67.1479   67.1479   72.2908    1.0219   49.7940    0.0973    0.0747
    
2023030800
   0   37.4100 -999.9900   70.7529   70.7529   70.9752   -5.5372   53.0828    0.1138    0.0977
   0   37.4554 -999.9900   71.2545   71.2545   72.4868   -2.8503   52.8215    0.1016    0.0887
   0   37.6023 -999.9900   71.3640   71.3640   71.3952   -3.5589   53.0149    0.1124    0.0963
   0   37.5736 -999.9900   71.5998   71.5998   72.3445   -2.2006   52.8448    0.1042    0.0899
    
2023030900
   0   44.7736 -999.9900   84.4012   84.4012   70.1749   -1.3511   62.9619    0.1489    0.1498
   0   41.8997 -999.9900   79.8744   79.8744   73.9194    0.9415   59.7961    0.1092    0.1289
   0   43.7224 -999.9900   82.3025   82.3025   69.5891   -3.0238   61.7931    0.1572    0.1372
   0   41.7985 -999.9900   79.4835   79.4835   72.8468   -0.5207   59.7477    0.1221    0.1239
    
2023031000
   0   39.0221 -999.9900   75.1688   75.1688   70.4983   -4.7794   55.2146    0.1353    0.0958
   0   38.2714 -999.9900   73.6936   73.6936   72.0727   -3.9274   53.7997    0.0971    0.1021
   0   38.6152 -999.9900   74.7798   74.7798   70.6241   -6.2214   54.2175    0.1275    0.0974
   0   38.2064 -999.9900   73.7610   73.7610   71.8203   -4.9631   53.5310    0.1013    0.0991
    
2023031100
   0   37.2155 -999.9900   69.6004   69.6004   72.0074   -4.5038   52.7698    0.1217    0.0821
   0   37.6613 -999.9900   70.6928   70.6928   72.1903   -3.1741   53.8760    0.0953    0.0833
   0   37.6898 -999.9900   70.8092   70.8092   72.1812   -5.6555   53.5580    0.1152    0.0848
   0   37.6927 -999.9900   70.9121   70.9121   72.5382   -4.1310   53.8778    0.0969    0.0830
    
2023031200
   0   39.8397 -999.9900   73.1178   73.1178   73.0036    2.5293   56.0582    0.1083    0.1126
   0   37.3728 -999.9900   69.1426   69.1426   75.0109    1.4201   52.7106    0.0789    0.0768
   0   39.5158 -999.9900   72.4404   72.4404   71.6345    0.8332   55.5837    0.1071    0.1142
   0   37.6399 -999.9900   69.5658   69.5658   73.7834    0.6243   53.2071    0.0832    0.0849
    
2023031300
   0   33.5408 -999.9900   62.3461   62.3461   71.9514    4.4171   45.7110    0.0635    0.1119
   0   32.1489 -999.9900   60.5110   60.5110   72.6909    3.9190   44.1328    0.0499    0.0874
   0   33.4657 -999.9900   62.9593   62.9593   72.5637    5.7111   46.1868    0.0657    0.0978
   0   32.3180 -999.9900   61.0883   61.0883   73.0477    4.7952   44.5112    0.0540    0.0810
    
2023031400
   0   33.1519 -999.9900   65.1960   65.1960   66.9752    3.2506   46.6593    0.0503    0.1030
   0   33.2606 -999.9900   65.3933   65.3933   71.9224    2.0898   46.3571    0.0370    0.0900
   0   33.7247 -999.9900   66.4247   66.4247   68.2235    4.0282   47.3963    0.0438    0.1060
   0   33.4342 -999.9900   65.7763   65.7763   71.9372    2.7887   46.4942    0.0324    0.0934
    
2023031500
   0   33.6101 -999.9900   65.1678   65.1678   67.9381   -2.7904   47.0337    0.0943    0.0838
   0   33.3351 -999.9900   65.4119   65.4119   69.9574   -2.1955   46.7674    0.0853    0.0718
   0   32.7395 -999.9900   63.6782   63.6782   68.5184   -2.0514   46.0387    0.0791    0.0761
   0   32.6238 -999.9900   63.9375   63.9375   70.6365   -1.5847   45.6440    0.0694    0.0750
    
2023031600
   0   33.1379 -999.9900   63.0613   63.0613   71.7863   -4.9106   44.8059    0.0838    0.0716
   0   32.8451 -999.9900   63.0140   63.0140   72.6358   -5.5369   44.8661    0.0773    0.0720
   0   33.3667 -999.9900   64.4650   64.4650   70.4286   -5.2044   45.7210    0.0808    0.0750
   0   32.9148 -999.9900   63.5795   63.5795   71.9616   -5.5238   45.2681    0.0773    0.0747
    
2023031700
   0   32.7067 -999.9900   62.8393   62.8393   67.7826   -2.4212   45.5966    0.0774    0.1115
   0   33.9113 -999.9900   66.1397   66.1397   71.0392   -1.2942   47.9951    0.0631    0.1079
   0   33.2464 -999.9900   64.2296   64.2296   69.3107   -2.6610   46.7501    0.0721    0.1030
   0   34.0033 -999.9900   66.4327   66.4327   71.1378   -1.7067   48.2349    0.0653    0.1038
    
2023031800
   0   35.3525 -999.9900   69.3660   69.3660   69.4914   -2.3522   49.8990    0.0833    0.1103
   0   34.6611 -999.9900   69.6034   69.6034   71.6811   -0.2818   48.1268    0.0593    0.1041
   0   34.2358 -999.9900   67.2304   67.2304   70.3426   -2.9987   48.5001    0.0580    0.0935
   0   33.9867 -999.9900   67.9981   67.9981   71.9164   -0.9822   47.5032    0.0474    0.0952
    
2023031900
   0   36.3859 -999.9900   69.3627   69.3627   69.1876   -2.5949   48.7898    0.0947    0.1254
   0   34.8354 -999.9900   67.5756   67.5756   70.0550   -1.4575   47.2110    0.0803    0.1116
   0   35.3923 -999.9900   66.8723   66.8723   68.9571   -3.6131   47.7559    0.0853    0.1239
   0   34.5274 -999.9900   66.3626   66.3626   69.8009   -2.2958   46.8243    0.0776    0.1117
    
2023032000
   0   38.7243 -999.9900   74.7080   74.7080   67.6824    3.0845   53.4516    0.1057    0.1512
   0   38.2670 -999.9900   73.4156   73.4156   68.5361    2.2865   53.3894    0.0916    0.1431
   0   39.0650 -999.9900   74.7849   74.7849   68.2026    1.7148   54.0878    0.1059    0.1489
   0   38.5305 -999.9900   73.7006   73.7006   68.6920    1.6242   53.7425    0.0944    0.1402
    
2023032100
   0   39.3875 -999.9900   73.1415   73.1415   66.0075    0.1517   55.9443    0.0990    0.1736
   0   39.5070 -999.9900   73.7448   73.7448   68.1021    0.1864   56.5957    0.0865    0.1626
   0   38.5769 -999.9900   71.9693   71.9693   66.4585   -0.7626   54.8307    0.1073    0.1638
   0   38.9618 -999.9900   72.9022   72.9022   67.9683   -0.3690   55.8144    0.0886    0.1574
    
2023032200
   0   40.2100 -999.9900   76.5924   76.5924   66.0030   -2.6316   56.6569    0.1209    0.1600
   0   40.4609 -999.9900   77.8097   77.8097   67.8432   -1.7530   57.4033    0.1156    0.1537
   0   39.9978 -999.9900   76.3456   76.3456   66.0428   -3.3459   56.9531    0.1247    0.1649
   0   40.2292 -999.9900   77.3214   77.3214   67.6122   -2.3573   57.3380    0.1153    0.1568
    
2023032300
   0   38.3673 -999.9900   73.7525   73.7525   68.3530    0.9901   54.3432    0.0982    0.1650
   0   36.1759 -999.9900   70.2520   70.2520   68.4402    0.0569   51.2985    0.0738    0.1450
   0   38.9956 -999.9900   75.6072   75.6072   67.3224    1.1488   55.2142    0.0968    0.1655
   0   36.8754 -999.9900   71.9054   71.9054   68.0558    0.3388   52.3557    0.0751    0.1459
    
2023032400
   0   35.9111 -999.9900   68.8115   68.8115   65.8040   -6.2608   51.5212    0.1217    0.1122
   0   34.1369 -999.9900   65.2887   65.2887   67.0856   -4.0882   48.5273    0.0962    0.1024
   0   34.6367 -999.9900   66.3049   66.3049   65.7146   -5.5941   49.7724    0.1100    0.1071
   0   33.7993 -999.9900   64.5441   64.5441   66.6819   -4.1230   48.1371    0.0952    0.1017
    
2023032500
   0   36.5309 -999.9900   70.4416   70.4416   64.0442   -5.5003   51.9141    0.1591    0.1198
   0   35.5599 -999.9900   68.6834   68.6834   66.3847   -3.6978   50.3794    0.1205    0.1057
   0   36.6931 -999.9900   71.0267   71.0267   64.3010   -5.8428   51.9217    0.1515    0.1162
   0   35.7348 -999.9900   69.2506   69.2506   66.2187   -4.2635   50.6186    0.1236    0.1074
    
2023032600
   0   37.0091 -999.9900   70.2987   70.2987   65.8194   -6.1304   51.9635    0.1377    0.1271
   0   36.7635 -999.9900   70.6843   70.6843   66.3204   -5.0526   52.3084    0.1407    0.1246
   0   37.1511 -999.9900   71.0047   71.0047   67.0616   -6.2011   52.5339    0.1408    0.1229
   0   36.8674 -999.9900   70.9769   70.9769   67.0092   -5.3104   52.4751    0.1402    0.1224
    
2023032700
   0   38.0239 -999.9900   74.8166   74.8166   68.1365   -6.9321   53.4946    0.1514    0.1295
   0   35.4815 -999.9900   69.0146   69.0146   69.4296   -7.2604   50.3968    0.1228    0.1085
   0   38.1877 -999.9900   75.0139   75.0139   69.5978   -6.6801   53.9748    0.1513    0.1300
   0   36.1518 -999.9900   70.4531   70.4531   69.9061   -7.0437   51.2896    0.1247    0.1169
    
2023032800
   0   39.3837 -999.9900   76.5311   76.5311   66.4914  -14.3260   55.9869    0.1554    0.1032
   0   38.1574 -999.9900   74.3093   74.3093   68.4178  -12.1194   54.7348    0.1294    0.1033
   0   39.5604 -999.9900   77.6930   77.6930   65.9532  -14.2353   56.4055    0.1557    0.1044
   0   38.5051 -999.9900   75.4265   75.4265   67.7726  -12.5061   55.2391    0.1373    0.1047
    
2023032900
   0   32.6229 -999.9900   63.3397   63.3397   64.7013  -12.4695   46.5251    0.1304    0.0813
   0   34.1275 -999.9900   67.2058   67.2058   66.8486   -9.6145   48.5772    0.1104    0.0946
   0   32.7921 -999.9900   63.7844   63.7844   63.3992  -11.2219   46.5107    0.1182    0.0911
   0   33.9471 -999.9900   66.6854   66.6854   65.6892   -9.4369   48.1421    0.1066    0.0970
    
2023033000
   0   30.3648 -999.9900   58.7227   58.7227   66.3158   -2.3027   42.2719    0.0844    0.0700
   0   30.6442 -999.9900   59.3193   59.3193   67.6379   -2.2228   42.3007    0.0830    0.0676
   0   29.9649 -999.9900   58.1367   58.1367   64.4135   -3.6639   41.4059    0.0860    0.0698
   0   30.2781 -999.9900   58.7164   58.7164   66.3919   -3.0552   41.6869    0.0817    0.0655
    
2023033100
   0   31.7101 -999.9900   60.4569   60.4569   63.9769   -3.7101   44.6005    0.0934    0.0858
   0   32.0398 -999.9900   60.6056   60.6056   66.5715   -2.2700   45.2806    0.0893    0.0825
   0   30.7757 -999.9900   58.4688   58.4688   65.8762   -3.7754   42.5150    0.0873    0.0706
   0   31.3281 -999.9900   59.2360   59.2360   67.2877   -2.5973   43.8406    0.0847    0.0718
    
