2022120700
   1 -999.9900 -999.9900 -999.9900 -999.9900 -999.9900 -999.9900 -999.9900 -999.9900 -999.9900
   1 -999.9900 -999.9900 -999.9900 -999.9900 -999.9900 -999.9900 -999.9900 -999.9900 -999.9900
   1 -999.9900 -999.9900 -999.9900 -999.9900 -999.9900 -999.9900 -999.9900 -999.9900 -999.9900
   1 -999.9900 -999.9900 -999.9900 -999.9900 -999.9900 -999.9900 -999.9900 -999.9900 -999.9900
    
2022120800
   1 -999.9900 -999.9900 -999.9900 -999.9900 -999.9900 -999.9900 -999.9900 -999.9900 -999.9900
   1 -999.9900 -999.9900 -999.9900 -999.9900 -999.9900 -999.9900 -999.9900 -999.9900 -999.9900
   1 -999.9900 -999.9900 -999.9900 -999.9900 -999.9900 -999.9900 -999.9900 -999.9900 -999.9900
   1 -999.9900 -999.9900 -999.9900 -999.9900 -999.9900 -999.9900 -999.9900 -999.9900 -999.9900
    
2022120900
   1 -999.9900 -999.9900 -999.9900 -999.9900 -999.9900 -999.9900 -999.9900 -999.9900 -999.9900
   1 -999.9900 -999.9900 -999.9900 -999.9900 -999.9900 -999.9900 -999.9900 -999.9900 -999.9900
   1 -999.9900 -999.9900 -999.9900 -999.9900 -999.9900 -999.9900 -999.9900 -999.9900 -999.9900
   1 -999.9900 -999.9900 -999.9900 -999.9900 -999.9900 -999.9900 -999.9900 -999.9900 -999.9900
    
2022121000
   1 -999.9900 -999.9900 -999.9900 -999.9900 -999.9900 -999.9900 -999.9900 -999.9900 -999.9900
   1 -999.9900 -999.9900 -999.9900 -999.9900 -999.9900 -999.9900 -999.9900 -999.9900 -999.9900
   1 -999.9900 -999.9900 -999.9900 -999.9900 -999.9900 -999.9900 -999.9900 -999.9900 -999.9900
   1 -999.9900 -999.9900 -999.9900 -999.9900 -999.9900 -999.9900 -999.9900 -999.9900 -999.9900
    
2022121100
   1 -999.9900 -999.9900 -999.9900 -999.9900 -999.9900 -999.9900 -999.9900 -999.9900 -999.9900
   1 -999.9900 -999.9900 -999.9900 -999.9900 -999.9900 -999.9900 -999.9900 -999.9900 -999.9900
   1 -999.9900 -999.9900 -999.9900 -999.9900 -999.9900 -999.9900 -999.9900 -999.9900 -999.9900
   1 -999.9900 -999.9900 -999.9900 -999.9900 -999.9900 -999.9900 -999.9900 -999.9900 -999.9900
    
2022121200
   1 -999.9900 -999.9900 -999.9900 -999.9900 -999.9900 -999.9900 -999.9900 -999.9900 -999.9900
   1 -999.9900 -999.9900 -999.9900 -999.9900 -999.9900 -999.9900 -999.9900 -999.9900 -999.9900
   1 -999.9900 -999.9900 -999.9900 -999.9900 -999.9900 -999.9900 -999.9900 -999.9900 -999.9900
   1 -999.9900 -999.9900 -999.9900 -999.9900 -999.9900 -999.9900 -999.9900 -999.9900 -999.9900
    
2022121300
   1 -999.9900 -999.9900 -999.9900 -999.9900 -999.9900 -999.9900 -999.9900 -999.9900 -999.9900
   1 -999.9900 -999.9900 -999.9900 -999.9900 -999.9900 -999.9900 -999.9900 -999.9900 -999.9900
   1 -999.9900 -999.9900 -999.9900 -999.9900 -999.9900 -999.9900 -999.9900 -999.9900 -999.9900
   1 -999.9900 -999.9900 -999.9900 -999.9900 -999.9900 -999.9900 -999.9900 -999.9900 -999.9900
    
2022121400
   1 -999.9900 -999.9900 -999.9900 -999.9900 -999.9900 -999.9900 -999.9900 -999.9900 -999.9900
   1 -999.9900 -999.9900 -999.9900 -999.9900 -999.9900 -999.9900 -999.9900 -999.9900 -999.9900
   1 -999.9900 -999.9900 -999.9900 -999.9900 -999.9900 -999.9900 -999.9900 -999.9900 -999.9900
   1 -999.9900 -999.9900 -999.9900 -999.9900 -999.9900 -999.9900 -999.9900 -999.9900 -999.9900
    
2022121500
   1 -999.9900 -999.9900 -999.9900 -999.9900 -999.9900 -999.9900 -999.9900 -999.9900 -999.9900
   1 -999.9900 -999.9900 -999.9900 -999.9900 -999.9900 -999.9900 -999.9900 -999.9900 -999.9900
   1 -999.9900 -999.9900 -999.9900 -999.9900 -999.9900 -999.9900 -999.9900 -999.9900 -999.9900
   1 -999.9900 -999.9900 -999.9900 -999.9900 -999.9900 -999.9900 -999.9900 -999.9900 -999.9900
    
2022121600
   1 -999.9900 -999.9900 -999.9900 -999.9900 -999.9900 -999.9900 -999.9900 -999.9900 -999.9900
   1 -999.9900 -999.9900 -999.9900 -999.9900 -999.9900 -999.9900 -999.9900 -999.9900 -999.9900
   1 -999.9900 -999.9900 -999.9900 -999.9900 -999.9900 -999.9900 -999.9900 -999.9900 -999.9900
   1 -999.9900 -999.9900 -999.9900 -999.9900 -999.9900 -999.9900 -999.9900 -999.9900 -999.9900
    
2022121700
   1 -999.9900 -999.9900 -999.9900 -999.9900 -999.9900 -999.9900 -999.9900 -999.9900 -999.9900
   1 -999.9900 -999.9900 -999.9900 -999.9900 -999.9900 -999.9900 -999.9900 -999.9900 -999.9900
   1 -999.9900 -999.9900 -999.9900 -999.9900 -999.9900 -999.9900 -999.9900 -999.9900 -999.9900
   1 -999.9900 -999.9900 -999.9900 -999.9900 -999.9900 -999.9900 -999.9900 -999.9900 -999.9900
    
2022121800
   1 -999.9900 -999.9900 -999.9900 -999.9900 -999.9900 -999.9900 -999.9900 -999.9900 -999.9900
   1 -999.9900 -999.9900 -999.9900 -999.9900 -999.9900 -999.9900 -999.9900 -999.9900 -999.9900
   1 -999.9900 -999.9900 -999.9900 -999.9900 -999.9900 -999.9900 -999.9900 -999.9900 -999.9900
   1 -999.9900 -999.9900 -999.9900 -999.9900 -999.9900 -999.9900 -999.9900 -999.9900 -999.9900
    
2022121900
   1 -999.9900 -999.9900 -999.9900 -999.9900 -999.9900 -999.9900 -999.9900 -999.9900 -999.9900
   1 -999.9900 -999.9900 -999.9900 -999.9900 -999.9900 -999.9900 -999.9900 -999.9900 -999.9900
   1 -999.9900 -999.9900 -999.9900 -999.9900 -999.9900 -999.9900 -999.9900 -999.9900 -999.9900
   1 -999.9900 -999.9900 -999.9900 -999.9900 -999.9900 -999.9900 -999.9900 -999.9900 -999.9900
    
2022122000
   1 -999.9900 -999.9900 -999.9900 -999.9900 -999.9900 -999.9900 -999.9900 -999.9900 -999.9900
   1 -999.9900 -999.9900 -999.9900 -999.9900 -999.9900 -999.9900 -999.9900 -999.9900 -999.9900
   1 -999.9900 -999.9900 -999.9900 -999.9900 -999.9900 -999.9900 -999.9900 -999.9900 -999.9900
   1 -999.9900 -999.9900 -999.9900 -999.9900 -999.9900 -999.9900 -999.9900 -999.9900 -999.9900
    
2022122100
   1 -999.9900 -999.9900 -999.9900 -999.9900 -999.9900 -999.9900 -999.9900 -999.9900 -999.9900
   1 -999.9900 -999.9900 -999.9900 -999.9900 -999.9900 -999.9900 -999.9900 -999.9900 -999.9900
   1 -999.9900 -999.9900 -999.9900 -999.9900 -999.9900 -999.9900 -999.9900 -999.9900 -999.9900
   1 -999.9900 -999.9900 -999.9900 -999.9900 -999.9900 -999.9900 -999.9900 -999.9900 -999.9900
    
2022122200
   1 -999.9900 -999.9900 -999.9900 -999.9900 -999.9900 -999.9900 -999.9900 -999.9900 -999.9900
   1 -999.9900 -999.9900 -999.9900 -999.9900 -999.9900 -999.9900 -999.9900 -999.9900 -999.9900
   1 -999.9900 -999.9900 -999.9900 -999.9900 -999.9900 -999.9900 -999.9900 -999.9900 -999.9900
   1 -999.9900 -999.9900 -999.9900 -999.9900 -999.9900 -999.9900 -999.9900 -999.9900 -999.9900
    
2022122300
   1 -999.9900 -999.9900 -999.9900 -999.9900 -999.9900 -999.9900 -999.9900 -999.9900 -999.9900
   1 -999.9900 -999.9900 -999.9900 -999.9900 -999.9900 -999.9900 -999.9900 -999.9900 -999.9900
   1 -999.9900 -999.9900 -999.9900 -999.9900 -999.9900 -999.9900 -999.9900 -999.9900 -999.9900
   1 -999.9900 -999.9900 -999.9900 -999.9900 -999.9900 -999.9900 -999.9900 -999.9900 -999.9900
    
2022122400
   1 -999.9900 -999.9900 -999.9900 -999.9900 -999.9900 -999.9900 -999.9900 -999.9900 -999.9900
   1 -999.9900 -999.9900 -999.9900 -999.9900 -999.9900 -999.9900 -999.9900 -999.9900 -999.9900
   1 -999.9900 -999.9900 -999.9900 -999.9900 -999.9900 -999.9900 -999.9900 -999.9900 -999.9900
   1 -999.9900 -999.9900 -999.9900 -999.9900 -999.9900 -999.9900 -999.9900 -999.9900 -999.9900
    
2022122500
   1 -999.9900 -999.9900 -999.9900 -999.9900 -999.9900 -999.9900 -999.9900 -999.9900 -999.9900
   1 -999.9900 -999.9900 -999.9900 -999.9900 -999.9900 -999.9900 -999.9900 -999.9900 -999.9900
   1 -999.9900 -999.9900 -999.9900 -999.9900 -999.9900 -999.9900 -999.9900 -999.9900 -999.9900
   1 -999.9900 -999.9900 -999.9900 -999.9900 -999.9900 -999.9900 -999.9900 -999.9900 -999.9900
    
2022122600
   1 -999.9900 -999.9900 -999.9900 -999.9900 -999.9900 -999.9900 -999.9900 -999.9900 -999.9900
   1 -999.9900 -999.9900 -999.9900 -999.9900 -999.9900 -999.9900 -999.9900 -999.9900 -999.9900
   1 -999.9900 -999.9900 -999.9900 -999.9900 -999.9900 -999.9900 -999.9900 -999.9900 -999.9900
   1 -999.9900 -999.9900 -999.9900 -999.9900 -999.9900 -999.9900 -999.9900 -999.9900 -999.9900
    
2022122700
   1 -999.9900 -999.9900 -999.9900 -999.9900 -999.9900 -999.9900 -999.9900 -999.9900 -999.9900
   1 -999.9900 -999.9900 -999.9900 -999.9900 -999.9900 -999.9900 -999.9900 -999.9900 -999.9900
   1 -999.9900 -999.9900 -999.9900 -999.9900 -999.9900 -999.9900 -999.9900 -999.9900 -999.9900
   1 -999.9900 -999.9900 -999.9900 -999.9900 -999.9900 -999.9900 -999.9900 -999.9900 -999.9900
    
2022122800
   1 -999.9900 -999.9900 -999.9900 -999.9900 -999.9900 -999.9900 -999.9900 -999.9900 -999.9900
   1 -999.9900 -999.9900 -999.9900 -999.9900 -999.9900 -999.9900 -999.9900 -999.9900 -999.9900
   1 -999.9900 -999.9900 -999.9900 -999.9900 -999.9900 -999.9900 -999.9900 -999.9900 -999.9900
   1 -999.9900 -999.9900 -999.9900 -999.9900 -999.9900 -999.9900 -999.9900 -999.9900 -999.9900
    
2022122900
   1 -999.9900 -999.9900 -999.9900 -999.9900 -999.9900 -999.9900 -999.9900 -999.9900 -999.9900
   1 -999.9900 -999.9900 -999.9900 -999.9900 -999.9900 -999.9900 -999.9900 -999.9900 -999.9900
   1 -999.9900 -999.9900 -999.9900 -999.9900 -999.9900 -999.9900 -999.9900 -999.9900 -999.9900
   1 -999.9900 -999.9900 -999.9900 -999.9900 -999.9900 -999.9900 -999.9900 -999.9900 -999.9900
    
2022123000
   1 -999.9900 -999.9900 -999.9900 -999.9900 -999.9900 -999.9900 -999.9900 -999.9900 -999.9900
   1 -999.9900 -999.9900 -999.9900 -999.9900 -999.9900 -999.9900 -999.9900 -999.9900 -999.9900
   1 -999.9900 -999.9900 -999.9900 -999.9900 -999.9900 -999.9900 -999.9900 -999.9900 -999.9900
   1 -999.9900 -999.9900 -999.9900 -999.9900 -999.9900 -999.9900 -999.9900 -999.9900 -999.9900
    
2022123100
   1 -999.9900 -999.9900 -999.9900 -999.9900 -999.9900 -999.9900 -999.9900 -999.9900 -999.9900
   1 -999.9900 -999.9900 -999.9900 -999.9900 -999.9900 -999.9900 -999.9900 -999.9900 -999.9900
   1 -999.9900 -999.9900 -999.9900 -999.9900 -999.9900 -999.9900 -999.9900 -999.9900 -999.9900
   1 -999.9900 -999.9900 -999.9900 -999.9900 -999.9900 -999.9900 -999.9900 -999.9900 -999.9900
    
2023010100
   1 -999.9900 -999.9900 -999.9900 -999.9900 -999.9900 -999.9900 -999.9900 -999.9900 -999.9900
   1 -999.9900 -999.9900 -999.9900 -999.9900 -999.9900 -999.9900 -999.9900 -999.9900 -999.9900
   1 -999.9900 -999.9900 -999.9900 -999.9900 -999.9900 -999.9900 -999.9900 -999.9900 -999.9900
   1 -999.9900 -999.9900 -999.9900 -999.9900 -999.9900 -999.9900 -999.9900 -999.9900 -999.9900
    
2023010200
   1 -999.9900 -999.9900 -999.9900 -999.9900 -999.9900 -999.9900 -999.9900 -999.9900 -999.9900
   1 -999.9900 -999.9900 -999.9900 -999.9900 -999.9900 -999.9900 -999.9900 -999.9900 -999.9900
   1 -999.9900 -999.9900 -999.9900 -999.9900 -999.9900 -999.9900 -999.9900 -999.9900 -999.9900
   1 -999.9900 -999.9900 -999.9900 -999.9900 -999.9900 -999.9900 -999.9900 -999.9900 -999.9900
    
2023010300
   1 -999.9900 -999.9900 -999.9900 -999.9900 -999.9900 -999.9900 -999.9900 -999.9900 -999.9900
   1 -999.9900 -999.9900 -999.9900 -999.9900 -999.9900 -999.9900 -999.9900 -999.9900 -999.9900
   1 -999.9900 -999.9900 -999.9900 -999.9900 -999.9900 -999.9900 -999.9900 -999.9900 -999.9900
   1 -999.9900 -999.9900 -999.9900 -999.9900 -999.9900 -999.9900 -999.9900 -999.9900 -999.9900
    
2023010400
   1 -999.9900 -999.9900 -999.9900 -999.9900 -999.9900 -999.9900 -999.9900 -999.9900 -999.9900
   1 -999.9900 -999.9900 -999.9900 -999.9900 -999.9900 -999.9900 -999.9900 -999.9900 -999.9900
   1 -999.9900 -999.9900 -999.9900 -999.9900 -999.9900 -999.9900 -999.9900 -999.9900 -999.9900
   1 -999.9900 -999.9900 -999.9900 -999.9900 -999.9900 -999.9900 -999.9900 -999.9900 -999.9900
    
2023010500
   1 -999.9900 -999.9900 -999.9900 -999.9900 -999.9900 -999.9900 -999.9900 -999.9900 -999.9900
   1 -999.9900 -999.9900 -999.9900 -999.9900 -999.9900 -999.9900 -999.9900 -999.9900 -999.9900
   1 -999.9900 -999.9900 -999.9900 -999.9900 -999.9900 -999.9900 -999.9900 -999.9900 -999.9900
   1 -999.9900 -999.9900 -999.9900 -999.9900 -999.9900 -999.9900 -999.9900 -999.9900 -999.9900
    
2023010600
   1 -999.9900 -999.9900 -999.9900 -999.9900 -999.9900 -999.9900 -999.9900 -999.9900 -999.9900
   1 -999.9900 -999.9900 -999.9900 -999.9900 -999.9900 -999.9900 -999.9900 -999.9900 -999.9900
   1 -999.9900 -999.9900 -999.9900 -999.9900 -999.9900 -999.9900 -999.9900 -999.9900 -999.9900
   1 -999.9900 -999.9900 -999.9900 -999.9900 -999.9900 -999.9900 -999.9900 -999.9900 -999.9900
    
2023010700
   1 -999.9900 -999.9900 -999.9900 -999.9900 -999.9900 -999.9900 -999.9900 -999.9900 -999.9900
   1 -999.9900 -999.9900 -999.9900 -999.9900 -999.9900 -999.9900 -999.9900 -999.9900 -999.9900
   1 -999.9900 -999.9900 -999.9900 -999.9900 -999.9900 -999.9900 -999.9900 -999.9900 -999.9900
   1 -999.9900 -999.9900 -999.9900 -999.9900 -999.9900 -999.9900 -999.9900 -999.9900 -999.9900
    
2023010800
   1 -999.9900 -999.9900 -999.9900 -999.9900 -999.9900 -999.9900 -999.9900 -999.9900 -999.9900
   1 -999.9900 -999.9900 -999.9900 -999.9900 -999.9900 -999.9900 -999.9900 -999.9900 -999.9900
   1 -999.9900 -999.9900 -999.9900 -999.9900 -999.9900 -999.9900 -999.9900 -999.9900 -999.9900
   1 -999.9900 -999.9900 -999.9900 -999.9900 -999.9900 -999.9900 -999.9900 -999.9900 -999.9900
    
2023010900
   1 -999.9900 -999.9900 -999.9900 -999.9900 -999.9900 -999.9900 -999.9900 -999.9900 -999.9900
   1 -999.9900 -999.9900 -999.9900 -999.9900 -999.9900 -999.9900 -999.9900 -999.9900 -999.9900
   1 -999.9900 -999.9900 -999.9900 -999.9900 -999.9900 -999.9900 -999.9900 -999.9900 -999.9900
   1 -999.9900 -999.9900 -999.9900 -999.9900 -999.9900 -999.9900 -999.9900 -999.9900 -999.9900
    
2023011000
   1 -999.9900 -999.9900 -999.9900 -999.9900 -999.9900 -999.9900 -999.9900 -999.9900 -999.9900
   1 -999.9900 -999.9900 -999.9900 -999.9900 -999.9900 -999.9900 -999.9900 -999.9900 -999.9900
   1 -999.9900 -999.9900 -999.9900 -999.9900 -999.9900 -999.9900 -999.9900 -999.9900 -999.9900
   1 -999.9900 -999.9900 -999.9900 -999.9900 -999.9900 -999.9900 -999.9900 -999.9900 -999.9900
    
2023011100
   1 -999.9900 -999.9900 -999.9900 -999.9900 -999.9900 -999.9900 -999.9900 -999.9900 -999.9900
   1 -999.9900 -999.9900 -999.9900 -999.9900 -999.9900 -999.9900 -999.9900 -999.9900 -999.9900
   1 -999.9900 -999.9900 -999.9900 -999.9900 -999.9900 -999.9900 -999.9900 -999.9900 -999.9900
   1 -999.9900 -999.9900 -999.9900 -999.9900 -999.9900 -999.9900 -999.9900 -999.9900 -999.9900
    
2023011200
   1 -999.9900 -999.9900 -999.9900 -999.9900 -999.9900 -999.9900 -999.9900 -999.9900 -999.9900
   1 -999.9900 -999.9900 -999.9900 -999.9900 -999.9900 -999.9900 -999.9900 -999.9900 -999.9900
   1 -999.9900 -999.9900 -999.9900 -999.9900 -999.9900 -999.9900 -999.9900 -999.9900 -999.9900
   1 -999.9900 -999.9900 -999.9900 -999.9900 -999.9900 -999.9900 -999.9900 -999.9900 -999.9900
    
2023011300
   1 -999.9900 -999.9900 -999.9900 -999.9900 -999.9900 -999.9900 -999.9900 -999.9900 -999.9900
   1 -999.9900 -999.9900 -999.9900 -999.9900 -999.9900 -999.9900 -999.9900 -999.9900 -999.9900
   1 -999.9900 -999.9900 -999.9900 -999.9900 -999.9900 -999.9900 -999.9900 -999.9900 -999.9900
   1 -999.9900 -999.9900 -999.9900 -999.9900 -999.9900 -999.9900 -999.9900 -999.9900 -999.9900
    
2023011400
   1 -999.9900 -999.9900 -999.9900 -999.9900 -999.9900 -999.9900 -999.9900 -999.9900 -999.9900
   1 -999.9900 -999.9900 -999.9900 -999.9900 -999.9900 -999.9900 -999.9900 -999.9900 -999.9900
   1 -999.9900 -999.9900 -999.9900 -999.9900 -999.9900 -999.9900 -999.9900 -999.9900 -999.9900
   1 -999.9900 -999.9900 -999.9900 -999.9900 -999.9900 -999.9900 -999.9900 -999.9900 -999.9900
    
2023011500
   1 -999.9900 -999.9900 -999.9900 -999.9900 -999.9900 -999.9900 -999.9900 -999.9900 -999.9900
   1 -999.9900 -999.9900 -999.9900 -999.9900 -999.9900 -999.9900 -999.9900 -999.9900 -999.9900
   1 -999.9900 -999.9900 -999.9900 -999.9900 -999.9900 -999.9900 -999.9900 -999.9900 -999.9900
   1 -999.9900 -999.9900 -999.9900 -999.9900 -999.9900 -999.9900 -999.9900 -999.9900 -999.9900
    
2023011600
   1 -999.9900 -999.9900 -999.9900 -999.9900 -999.9900 -999.9900 -999.9900 -999.9900 -999.9900
   1 -999.9900 -999.9900 -999.9900 -999.9900 -999.9900 -999.9900 -999.9900 -999.9900 -999.9900
   1 -999.9900 -999.9900 -999.9900 -999.9900 -999.9900 -999.9900 -999.9900 -999.9900 -999.9900
   1 -999.9900 -999.9900 -999.9900 -999.9900 -999.9900 -999.9900 -999.9900 -999.9900 -999.9900
    
2023011700
   1 -999.9900 -999.9900 -999.9900 -999.9900 -999.9900 -999.9900 -999.9900 -999.9900 -999.9900
   1 -999.9900 -999.9900 -999.9900 -999.9900 -999.9900 -999.9900 -999.9900 -999.9900 -999.9900
   1 -999.9900 -999.9900 -999.9900 -999.9900 -999.9900 -999.9900 -999.9900 -999.9900 -999.9900
   1 -999.9900 -999.9900 -999.9900 -999.9900 -999.9900 -999.9900 -999.9900 -999.9900 -999.9900
    
2023011800
   1 -999.9900 -999.9900 -999.9900 -999.9900 -999.9900 -999.9900 -999.9900 -999.9900 -999.9900
   1 -999.9900 -999.9900 -999.9900 -999.9900 -999.9900 -999.9900 -999.9900 -999.9900 -999.9900
   1 -999.9900 -999.9900 -999.9900 -999.9900 -999.9900 -999.9900 -999.9900 -999.9900 -999.9900
   1 -999.9900 -999.9900 -999.9900 -999.9900 -999.9900 -999.9900 -999.9900 -999.9900 -999.9900
    
2023011900
   1 -999.9900 -999.9900 -999.9900 -999.9900 -999.9900 -999.9900 -999.9900 -999.9900 -999.9900
   1 -999.9900 -999.9900 -999.9900 -999.9900 -999.9900 -999.9900 -999.9900 -999.9900 -999.9900
   1 -999.9900 -999.9900 -999.9900 -999.9900 -999.9900 -999.9900 -999.9900 -999.9900 -999.9900
   1 -999.9900 -999.9900 -999.9900 -999.9900 -999.9900 -999.9900 -999.9900 -999.9900 -999.9900
    
2023012000
   1 -999.9900 -999.9900 -999.9900 -999.9900 -999.9900 -999.9900 -999.9900 -999.9900 -999.9900
   1 -999.9900 -999.9900 -999.9900 -999.9900 -999.9900 -999.9900 -999.9900 -999.9900 -999.9900
   1 -999.9900 -999.9900 -999.9900 -999.9900 -999.9900 -999.9900 -999.9900 -999.9900 -999.9900
   1 -999.9900 -999.9900 -999.9900 -999.9900 -999.9900 -999.9900 -999.9900 -999.9900 -999.9900
    
2023012100
   1 -999.9900 -999.9900 -999.9900 -999.9900 -999.9900 -999.9900 -999.9900 -999.9900 -999.9900
   1 -999.9900 -999.9900 -999.9900 -999.9900 -999.9900 -999.9900 -999.9900 -999.9900 -999.9900
   1 -999.9900 -999.9900 -999.9900 -999.9900 -999.9900 -999.9900 -999.9900 -999.9900 -999.9900
   1 -999.9900 -999.9900 -999.9900 -999.9900 -999.9900 -999.9900 -999.9900 -999.9900 -999.9900
    
2023012200
   1 -999.9900 -999.9900 -999.9900 -999.9900 -999.9900 -999.9900 -999.9900 -999.9900 -999.9900
   1 -999.9900 -999.9900 -999.9900 -999.9900 -999.9900 -999.9900 -999.9900 -999.9900 -999.9900
   1 -999.9900 -999.9900 -999.9900 -999.9900 -999.9900 -999.9900 -999.9900 -999.9900 -999.9900
   1 -999.9900 -999.9900 -999.9900 -999.9900 -999.9900 -999.9900 -999.9900 -999.9900 -999.9900
    
2023012300
   1 -999.9900 -999.9900 -999.9900 -999.9900 -999.9900 -999.9900 -999.9900 -999.9900 -999.9900
   1 -999.9900 -999.9900 -999.9900 -999.9900 -999.9900 -999.9900 -999.9900 -999.9900 -999.9900
   1 -999.9900 -999.9900 -999.9900 -999.9900 -999.9900 -999.9900 -999.9900 -999.9900 -999.9900
   1 -999.9900 -999.9900 -999.9900 -999.9900 -999.9900 -999.9900 -999.9900 -999.9900 -999.9900
    
2023012400
   1 -999.9900 -999.9900 -999.9900 -999.9900 -999.9900 -999.9900 -999.9900 -999.9900 -999.9900
   1 -999.9900 -999.9900 -999.9900 -999.9900 -999.9900 -999.9900 -999.9900 -999.9900 -999.9900
   1 -999.9900 -999.9900 -999.9900 -999.9900 -999.9900 -999.9900 -999.9900 -999.9900 -999.9900
   1 -999.9900 -999.9900 -999.9900 -999.9900 -999.9900 -999.9900 -999.9900 -999.9900 -999.9900
    
2023012500
   1 -999.9900 -999.9900 -999.9900 -999.9900 -999.9900 -999.9900 -999.9900 -999.9900 -999.9900
   1 -999.9900 -999.9900 -999.9900 -999.9900 -999.9900 -999.9900 -999.9900 -999.9900 -999.9900
   1 -999.9900 -999.9900 -999.9900 -999.9900 -999.9900 -999.9900 -999.9900 -999.9900 -999.9900
   1 -999.9900 -999.9900 -999.9900 -999.9900 -999.9900 -999.9900 -999.9900 -999.9900 -999.9900
    
2023012600
   1 -999.9900 -999.9900 -999.9900 -999.9900 -999.9900 -999.9900 -999.9900 -999.9900 -999.9900
   1 -999.9900 -999.9900 -999.9900 -999.9900 -999.9900 -999.9900 -999.9900 -999.9900 -999.9900
   1 -999.9900 -999.9900 -999.9900 -999.9900 -999.9900 -999.9900 -999.9900 -999.9900 -999.9900
   1 -999.9900 -999.9900 -999.9900 -999.9900 -999.9900 -999.9900 -999.9900 -999.9900 -999.9900
    
2023012700
   1 -999.9900 -999.9900 -999.9900 -999.9900 -999.9900 -999.9900 -999.9900 -999.9900 -999.9900
   1 -999.9900 -999.9900 -999.9900 -999.9900 -999.9900 -999.9900 -999.9900 -999.9900 -999.9900
   1 -999.9900 -999.9900 -999.9900 -999.9900 -999.9900 -999.9900 -999.9900 -999.9900 -999.9900
   1 -999.9900 -999.9900 -999.9900 -999.9900 -999.9900 -999.9900 -999.9900 -999.9900 -999.9900
    
2023012800
   1 -999.9900 -999.9900 -999.9900 -999.9900 -999.9900 -999.9900 -999.9900 -999.9900 -999.9900
   1 -999.9900 -999.9900 -999.9900 -999.9900 -999.9900 -999.9900 -999.9900 -999.9900 -999.9900
   1 -999.9900 -999.9900 -999.9900 -999.9900 -999.9900 -999.9900 -999.9900 -999.9900 -999.9900
   1 -999.9900 -999.9900 -999.9900 -999.9900 -999.9900 -999.9900 -999.9900 -999.9900 -999.9900
    
2023012900
   1 -999.9900 -999.9900 -999.9900 -999.9900 -999.9900 -999.9900 -999.9900 -999.9900 -999.9900
   1 -999.9900 -999.9900 -999.9900 -999.9900 -999.9900 -999.9900 -999.9900 -999.9900 -999.9900
   1 -999.9900 -999.9900 -999.9900 -999.9900 -999.9900 -999.9900 -999.9900 -999.9900 -999.9900
   1 -999.9900 -999.9900 -999.9900 -999.9900 -999.9900 -999.9900 -999.9900 -999.9900 -999.9900
    
2023013000
   1 -999.9900 -999.9900 -999.9900 -999.9900 -999.9900 -999.9900 -999.9900 -999.9900 -999.9900
   1 -999.9900 -999.9900 -999.9900 -999.9900 -999.9900 -999.9900 -999.9900 -999.9900 -999.9900
   1 -999.9900 -999.9900 -999.9900 -999.9900 -999.9900 -999.9900 -999.9900 -999.9900 -999.9900
   1 -999.9900 -999.9900 -999.9900 -999.9900 -999.9900 -999.9900 -999.9900 -999.9900 -999.9900
    
2023013100
   1 -999.9900 -999.9900 -999.9900 -999.9900 -999.9900 -999.9900 -999.9900 -999.9900 -999.9900
   1 -999.9900 -999.9900 -999.9900 -999.9900 -999.9900 -999.9900 -999.9900 -999.9900 -999.9900
   1 -999.9900 -999.9900 -999.9900 -999.9900 -999.9900 -999.9900 -999.9900 -999.9900 -999.9900
   1 -999.9900 -999.9900 -999.9900 -999.9900 -999.9900 -999.9900 -999.9900 -999.9900 -999.9900
    
2023020100
   1 -999.9900 -999.9900 -999.9900 -999.9900 -999.9900 -999.9900 -999.9900 -999.9900 -999.9900
   1 -999.9900 -999.9900 -999.9900 -999.9900 -999.9900 -999.9900 -999.9900 -999.9900 -999.9900
   1 -999.9900 -999.9900 -999.9900 -999.9900 -999.9900 -999.9900 -999.9900 -999.9900 -999.9900
   1 -999.9900 -999.9900 -999.9900 -999.9900 -999.9900 -999.9900 -999.9900 -999.9900 -999.9900
    
2023020200
   1 -999.9900 -999.9900 -999.9900 -999.9900 -999.9900 -999.9900 -999.9900 -999.9900 -999.9900
   1 -999.9900 -999.9900 -999.9900 -999.9900 -999.9900 -999.9900 -999.9900 -999.9900 -999.9900
   1 -999.9900 -999.9900 -999.9900 -999.9900 -999.9900 -999.9900 -999.9900 -999.9900 -999.9900
   1 -999.9900 -999.9900 -999.9900 -999.9900 -999.9900 -999.9900 -999.9900 -999.9900 -999.9900
    
2023020300
   1 -999.9900 -999.9900 -999.9900 -999.9900 -999.9900 -999.9900 -999.9900 -999.9900 -999.9900
   1 -999.9900 -999.9900 -999.9900 -999.9900 -999.9900 -999.9900 -999.9900 -999.9900 -999.9900
   1 -999.9900 -999.9900 -999.9900 -999.9900 -999.9900 -999.9900 -999.9900 -999.9900 -999.9900
   1 -999.9900 -999.9900 -999.9900 -999.9900 -999.9900 -999.9900 -999.9900 -999.9900 -999.9900
    
2023020400
   1 -999.9900 -999.9900 -999.9900 -999.9900 -999.9900 -999.9900 -999.9900 -999.9900 -999.9900
   1 -999.9900 -999.9900 -999.9900 -999.9900 -999.9900 -999.9900 -999.9900 -999.9900 -999.9900
   1 -999.9900 -999.9900 -999.9900 -999.9900 -999.9900 -999.9900 -999.9900 -999.9900 -999.9900
   1 -999.9900 -999.9900 -999.9900 -999.9900 -999.9900 -999.9900 -999.9900 -999.9900 -999.9900
    
2023020500
   1 -999.9900 -999.9900 -999.9900 -999.9900 -999.9900 -999.9900 -999.9900 -999.9900 -999.9900
   1 -999.9900 -999.9900 -999.9900 -999.9900 -999.9900 -999.9900 -999.9900 -999.9900 -999.9900
   1 -999.9900 -999.9900 -999.9900 -999.9900 -999.9900 -999.9900 -999.9900 -999.9900 -999.9900
   1 -999.9900 -999.9900 -999.9900 -999.9900 -999.9900 -999.9900 -999.9900 -999.9900 -999.9900
    
2023020600
   1 -999.9900 -999.9900 -999.9900 -999.9900 -999.9900 -999.9900 -999.9900 -999.9900 -999.9900
   1 -999.9900 -999.9900 -999.9900 -999.9900 -999.9900 -999.9900 -999.9900 -999.9900 -999.9900
   1 -999.9900 -999.9900 -999.9900 -999.9900 -999.9900 -999.9900 -999.9900 -999.9900 -999.9900
   1 -999.9900 -999.9900 -999.9900 -999.9900 -999.9900 -999.9900 -999.9900 -999.9900 -999.9900
    
2023020700
   1 -999.9900 -999.9900 -999.9900 -999.9900 -999.9900 -999.9900 -999.9900 -999.9900 -999.9900
   1 -999.9900 -999.9900 -999.9900 -999.9900 -999.9900 -999.9900 -999.9900 -999.9900 -999.9900
   1 -999.9900 -999.9900 -999.9900 -999.9900 -999.9900 -999.9900 -999.9900 -999.9900 -999.9900
   1 -999.9900 -999.9900 -999.9900 -999.9900 -999.9900 -999.9900 -999.9900 -999.9900 -999.9900
    
2023020800
   1 -999.9900 -999.9900 -999.9900 -999.9900 -999.9900 -999.9900 -999.9900 -999.9900 -999.9900
   1 -999.9900 -999.9900 -999.9900 -999.9900 -999.9900 -999.9900 -999.9900 -999.9900 -999.9900
   1 -999.9900 -999.9900 -999.9900 -999.9900 -999.9900 -999.9900 -999.9900 -999.9900 -999.9900
   1 -999.9900 -999.9900 -999.9900 -999.9900 -999.9900 -999.9900 -999.9900 -999.9900 -999.9900
    
2023020900
   1 -999.9900 -999.9900 -999.9900 -999.9900 -999.9900 -999.9900 -999.9900 -999.9900 -999.9900
   1 -999.9900 -999.9900 -999.9900 -999.9900 -999.9900 -999.9900 -999.9900 -999.9900 -999.9900
   1 -999.9900 -999.9900 -999.9900 -999.9900 -999.9900 -999.9900 -999.9900 -999.9900 -999.9900
   1 -999.9900 -999.9900 -999.9900 -999.9900 -999.9900 -999.9900 -999.9900 -999.9900 -999.9900
    
2023021000
   1 -999.9900 -999.9900 -999.9900 -999.9900 -999.9900 -999.9900 -999.9900 -999.9900 -999.9900
   1 -999.9900 -999.9900 -999.9900 -999.9900 -999.9900 -999.9900 -999.9900 -999.9900 -999.9900
   1 -999.9900 -999.9900 -999.9900 -999.9900 -999.9900 -999.9900 -999.9900 -999.9900 -999.9900
   1 -999.9900 -999.9900 -999.9900 -999.9900 -999.9900 -999.9900 -999.9900 -999.9900 -999.9900
    
2023021100
   1 -999.9900 -999.9900 -999.9900 -999.9900 -999.9900 -999.9900 -999.9900 -999.9900 -999.9900
   1 -999.9900 -999.9900 -999.9900 -999.9900 -999.9900 -999.9900 -999.9900 -999.9900 -999.9900
   1 -999.9900 -999.9900 -999.9900 -999.9900 -999.9900 -999.9900 -999.9900 -999.9900 -999.9900
   1 -999.9900 -999.9900 -999.9900 -999.9900 -999.9900 -999.9900 -999.9900 -999.9900 -999.9900
    
2023021200
   1 -999.9900 -999.9900 -999.9900 -999.9900 -999.9900 -999.9900 -999.9900 -999.9900 -999.9900
   1 -999.9900 -999.9900 -999.9900 -999.9900 -999.9900 -999.9900 -999.9900 -999.9900 -999.9900
   1 -999.9900 -999.9900 -999.9900 -999.9900 -999.9900 -999.9900 -999.9900 -999.9900 -999.9900
   1 -999.9900 -999.9900 -999.9900 -999.9900 -999.9900 -999.9900 -999.9900 -999.9900 -999.9900
    
2023021300
   1 -999.9900 -999.9900 -999.9900 -999.9900 -999.9900 -999.9900 -999.9900 -999.9900 -999.9900
   1 -999.9900 -999.9900 -999.9900 -999.9900 -999.9900 -999.9900 -999.9900 -999.9900 -999.9900
   1 -999.9900 -999.9900 -999.9900 -999.9900 -999.9900 -999.9900 -999.9900 -999.9900 -999.9900
   1 -999.9900 -999.9900 -999.9900 -999.9900 -999.9900 -999.9900 -999.9900 -999.9900 -999.9900
    
2023021400
   1 -999.9900 -999.9900 -999.9900 -999.9900 -999.9900 -999.9900 -999.9900 -999.9900 -999.9900
   1 -999.9900 -999.9900 -999.9900 -999.9900 -999.9900 -999.9900 -999.9900 -999.9900 -999.9900
   1 -999.9900 -999.9900 -999.9900 -999.9900 -999.9900 -999.9900 -999.9900 -999.9900 -999.9900
   1 -999.9900 -999.9900 -999.9900 -999.9900 -999.9900 -999.9900 -999.9900 -999.9900 -999.9900
    
2023021500
   1 -999.9900 -999.9900 -999.9900 -999.9900 -999.9900 -999.9900 -999.9900 -999.9900 -999.9900
   1 -999.9900 -999.9900 -999.9900 -999.9900 -999.9900 -999.9900 -999.9900 -999.9900 -999.9900
   1 -999.9900 -999.9900 -999.9900 -999.9900 -999.9900 -999.9900 -999.9900 -999.9900 -999.9900
   1 -999.9900 -999.9900 -999.9900 -999.9900 -999.9900 -999.9900 -999.9900 -999.9900 -999.9900
    
2023021600
   1 -999.9900 -999.9900 -999.9900 -999.9900 -999.9900 -999.9900 -999.9900 -999.9900 -999.9900
   1 -999.9900 -999.9900 -999.9900 -999.9900 -999.9900 -999.9900 -999.9900 -999.9900 -999.9900
   1 -999.9900 -999.9900 -999.9900 -999.9900 -999.9900 -999.9900 -999.9900 -999.9900 -999.9900
   1 -999.9900 -999.9900 -999.9900 -999.9900 -999.9900 -999.9900 -999.9900 -999.9900 -999.9900
    
2023021700
   1 -999.9900 -999.9900 -999.9900 -999.9900 -999.9900 -999.9900 -999.9900 -999.9900 -999.9900
   1 -999.9900 -999.9900 -999.9900 -999.9900 -999.9900 -999.9900 -999.9900 -999.9900 -999.9900
   1 -999.9900 -999.9900 -999.9900 -999.9900 -999.9900 -999.9900 -999.9900 -999.9900 -999.9900
   1 -999.9900 -999.9900 -999.9900 -999.9900 -999.9900 -999.9900 -999.9900 -999.9900 -999.9900
    
2023021800
   1 -999.9900 -999.9900 -999.9900 -999.9900 -999.9900 -999.9900 -999.9900 -999.9900 -999.9900
   1 -999.9900 -999.9900 -999.9900 -999.9900 -999.9900 -999.9900 -999.9900 -999.9900 -999.9900
   1 -999.9900 -999.9900 -999.9900 -999.9900 -999.9900 -999.9900 -999.9900 -999.9900 -999.9900
   1 -999.9900 -999.9900 -999.9900 -999.9900 -999.9900 -999.9900 -999.9900 -999.9900 -999.9900
    
2023021900
   1 -999.9900 -999.9900 -999.9900 -999.9900 -999.9900 -999.9900 -999.9900 -999.9900 -999.9900
   1 -999.9900 -999.9900 -999.9900 -999.9900 -999.9900 -999.9900 -999.9900 -999.9900 -999.9900
   1 -999.9900 -999.9900 -999.9900 -999.9900 -999.9900 -999.9900 -999.9900 -999.9900 -999.9900
   1 -999.9900 -999.9900 -999.9900 -999.9900 -999.9900 -999.9900 -999.9900 -999.9900 -999.9900
    
2023022000
   1 -999.9900 -999.9900 -999.9900 -999.9900 -999.9900 -999.9900 -999.9900 -999.9900 -999.9900
   1 -999.9900 -999.9900 -999.9900 -999.9900 -999.9900 -999.9900 -999.9900 -999.9900 -999.9900
   1 -999.9900 -999.9900 -999.9900 -999.9900 -999.9900 -999.9900 -999.9900 -999.9900 -999.9900
   1 -999.9900 -999.9900 -999.9900 -999.9900 -999.9900 -999.9900 -999.9900 -999.9900 -999.9900
    
2023022100
   1 -999.9900 -999.9900 -999.9900 -999.9900 -999.9900 -999.9900 -999.9900 -999.9900 -999.9900
   1 -999.9900 -999.9900 -999.9900 -999.9900 -999.9900 -999.9900 -999.9900 -999.9900 -999.9900
   1 -999.9900 -999.9900 -999.9900 -999.9900 -999.9900 -999.9900 -999.9900 -999.9900 -999.9900
   1 -999.9900 -999.9900 -999.9900 -999.9900 -999.9900 -999.9900 -999.9900 -999.9900 -999.9900
    
2023022200
   1 -999.9900 -999.9900 -999.9900 -999.9900 -999.9900 -999.9900 -999.9900 -999.9900 -999.9900
   1 -999.9900 -999.9900 -999.9900 -999.9900 -999.9900 -999.9900 -999.9900 -999.9900 -999.9900
   1 -999.9900 -999.9900 -999.9900 -999.9900 -999.9900 -999.9900 -999.9900 -999.9900 -999.9900
   1 -999.9900 -999.9900 -999.9900 -999.9900 -999.9900 -999.9900 -999.9900 -999.9900 -999.9900
    
2023022300
   1 -999.9900 -999.9900 -999.9900 -999.9900 -999.9900 -999.9900 -999.9900 -999.9900 -999.9900
   1 -999.9900 -999.9900 -999.9900 -999.9900 -999.9900 -999.9900 -999.9900 -999.9900 -999.9900
   1 -999.9900 -999.9900 -999.9900 -999.9900 -999.9900 -999.9900 -999.9900 -999.9900 -999.9900
   1 -999.9900 -999.9900 -999.9900 -999.9900 -999.9900 -999.9900 -999.9900 -999.9900 -999.9900
    
2023022400
   1 -999.9900 -999.9900 -999.9900 -999.9900 -999.9900 -999.9900 -999.9900 -999.9900 -999.9900
   1 -999.9900 -999.9900 -999.9900 -999.9900 -999.9900 -999.9900 -999.9900 -999.9900 -999.9900
   1 -999.9900 -999.9900 -999.9900 -999.9900 -999.9900 -999.9900 -999.9900 -999.9900 -999.9900
   1 -999.9900 -999.9900 -999.9900 -999.9900 -999.9900 -999.9900 -999.9900 -999.9900 -999.9900
    
2023022500
   1 -999.9900 -999.9900 -999.9900 -999.9900 -999.9900 -999.9900 -999.9900 -999.9900 -999.9900
   1 -999.9900 -999.9900 -999.9900 -999.9900 -999.9900 -999.9900 -999.9900 -999.9900 -999.9900
   1 -999.9900 -999.9900 -999.9900 -999.9900 -999.9900 -999.9900 -999.9900 -999.9900 -999.9900
   1 -999.9900 -999.9900 -999.9900 -999.9900 -999.9900 -999.9900 -999.9900 -999.9900 -999.9900
    
2023022600
   1 -999.9900 -999.9900 -999.9900 -999.9900 -999.9900 -999.9900 -999.9900 -999.9900 -999.9900
   1 -999.9900 -999.9900 -999.9900 -999.9900 -999.9900 -999.9900 -999.9900 -999.9900 -999.9900
   1 -999.9900 -999.9900 -999.9900 -999.9900 -999.9900 -999.9900 -999.9900 -999.9900 -999.9900
   1 -999.9900 -999.9900 -999.9900 -999.9900 -999.9900 -999.9900 -999.9900 -999.9900 -999.9900
    
2023022700
   1 -999.9900 -999.9900 -999.9900 -999.9900 -999.9900 -999.9900 -999.9900 -999.9900 -999.9900
   1 -999.9900 -999.9900 -999.9900 -999.9900 -999.9900 -999.9900 -999.9900 -999.9900 -999.9900
   1 -999.9900 -999.9900 -999.9900 -999.9900 -999.9900 -999.9900 -999.9900 -999.9900 -999.9900
   1 -999.9900 -999.9900 -999.9900 -999.9900 -999.9900 -999.9900 -999.9900 -999.9900 -999.9900
    
2023022800
   1 -999.9900 -999.9900 -999.9900 -999.9900 -999.9900 -999.9900 -999.9900 -999.9900 -999.9900
   1 -999.9900 -999.9900 -999.9900 -999.9900 -999.9900 -999.9900 -999.9900 -999.9900 -999.9900
   1 -999.9900 -999.9900 -999.9900 -999.9900 -999.9900 -999.9900 -999.9900 -999.9900 -999.9900
   1 -999.9900 -999.9900 -999.9900 -999.9900 -999.9900 -999.9900 -999.9900 -999.9900 -999.9900
    
2023030100
   1 -999.9900 -999.9900 -999.9900 -999.9900 -999.9900 -999.9900 -999.9900 -999.9900 -999.9900
   1 -999.9900 -999.9900 -999.9900 -999.9900 -999.9900 -999.9900 -999.9900 -999.9900 -999.9900
   1 -999.9900 -999.9900 -999.9900 -999.9900 -999.9900 -999.9900 -999.9900 -999.9900 -999.9900
   1 -999.9900 -999.9900 -999.9900 -999.9900 -999.9900 -999.9900 -999.9900 -999.9900 -999.9900
    
2023030200
   1 -999.9900 -999.9900 -999.9900 -999.9900 -999.9900 -999.9900 -999.9900 -999.9900 -999.9900
   1 -999.9900 -999.9900 -999.9900 -999.9900 -999.9900 -999.9900 -999.9900 -999.9900 -999.9900
   1 -999.9900 -999.9900 -999.9900 -999.9900 -999.9900 -999.9900 -999.9900 -999.9900 -999.9900
   1 -999.9900 -999.9900 -999.9900 -999.9900 -999.9900 -999.9900 -999.9900 -999.9900 -999.9900
    
2023030300
   1 -999.9900 -999.9900 -999.9900 -999.9900 -999.9900 -999.9900 -999.9900 -999.9900 -999.9900
   1 -999.9900 -999.9900 -999.9900 -999.9900 -999.9900 -999.9900 -999.9900 -999.9900 -999.9900
   1 -999.9900 -999.9900 -999.9900 -999.9900 -999.9900 -999.9900 -999.9900 -999.9900 -999.9900
   1 -999.9900 -999.9900 -999.9900 -999.9900 -999.9900 -999.9900 -999.9900 -999.9900 -999.9900
    
2023030400
   1 -999.9900 -999.9900 -999.9900 -999.9900 -999.9900 -999.9900 -999.9900 -999.9900 -999.9900
   1 -999.9900 -999.9900 -999.9900 -999.9900 -999.9900 -999.9900 -999.9900 -999.9900 -999.9900
   1 -999.9900 -999.9900 -999.9900 -999.9900 -999.9900 -999.9900 -999.9900 -999.9900 -999.9900
   1 -999.9900 -999.9900 -999.9900 -999.9900 -999.9900 -999.9900 -999.9900 -999.9900 -999.9900
    
2023030500
   1 -999.9900 -999.9900 -999.9900 -999.9900 -999.9900 -999.9900 -999.9900 -999.9900 -999.9900
   1 -999.9900 -999.9900 -999.9900 -999.9900 -999.9900 -999.9900 -999.9900 -999.9900 -999.9900
   1 -999.9900 -999.9900 -999.9900 -999.9900 -999.9900 -999.9900 -999.9900 -999.9900 -999.9900
   1 -999.9900 -999.9900 -999.9900 -999.9900 -999.9900 -999.9900 -999.9900 -999.9900 -999.9900
    
2023030600
   1 -999.9900 -999.9900 -999.9900 -999.9900 -999.9900 -999.9900 -999.9900 -999.9900 -999.9900
   1 -999.9900 -999.9900 -999.9900 -999.9900 -999.9900 -999.9900 -999.9900 -999.9900 -999.9900
   1 -999.9900 -999.9900 -999.9900 -999.9900 -999.9900 -999.9900 -999.9900 -999.9900 -999.9900
   1 -999.9900 -999.9900 -999.9900 -999.9900 -999.9900 -999.9900 -999.9900 -999.9900 -999.9900
    
2023030700
   1 -999.9900 -999.9900 -999.9900 -999.9900 -999.9900 -999.9900 -999.9900 -999.9900 -999.9900
   1 -999.9900 -999.9900 -999.9900 -999.9900 -999.9900 -999.9900 -999.9900 -999.9900 -999.9900
   1 -999.9900 -999.9900 -999.9900 -999.9900 -999.9900 -999.9900 -999.9900 -999.9900 -999.9900
   1 -999.9900 -999.9900 -999.9900 -999.9900 -999.9900 -999.9900 -999.9900 -999.9900 -999.9900
    
2023030800
   1 -999.9900 -999.9900 -999.9900 -999.9900 -999.9900 -999.9900 -999.9900 -999.9900 -999.9900
   1 -999.9900 -999.9900 -999.9900 -999.9900 -999.9900 -999.9900 -999.9900 -999.9900 -999.9900
   1 -999.9900 -999.9900 -999.9900 -999.9900 -999.9900 -999.9900 -999.9900 -999.9900 -999.9900
   1 -999.9900 -999.9900 -999.9900 -999.9900 -999.9900 -999.9900 -999.9900 -999.9900 -999.9900
    
2023030900
   1 -999.9900 -999.9900 -999.9900 -999.9900 -999.9900 -999.9900 -999.9900 -999.9900 -999.9900
   1 -999.9900 -999.9900 -999.9900 -999.9900 -999.9900 -999.9900 -999.9900 -999.9900 -999.9900
   1 -999.9900 -999.9900 -999.9900 -999.9900 -999.9900 -999.9900 -999.9900 -999.9900 -999.9900
   1 -999.9900 -999.9900 -999.9900 -999.9900 -999.9900 -999.9900 -999.9900 -999.9900 -999.9900
    
2023031000
   1 -999.9900 -999.9900 -999.9900 -999.9900 -999.9900 -999.9900 -999.9900 -999.9900 -999.9900
   1 -999.9900 -999.9900 -999.9900 -999.9900 -999.9900 -999.9900 -999.9900 -999.9900 -999.9900
   1 -999.9900 -999.9900 -999.9900 -999.9900 -999.9900 -999.9900 -999.9900 -999.9900 -999.9900
   1 -999.9900 -999.9900 -999.9900 -999.9900 -999.9900 -999.9900 -999.9900 -999.9900 -999.9900
    
2023031100
   1 -999.9900 -999.9900 -999.9900 -999.9900 -999.9900 -999.9900 -999.9900 -999.9900 -999.9900
   1 -999.9900 -999.9900 -999.9900 -999.9900 -999.9900 -999.9900 -999.9900 -999.9900 -999.9900
   1 -999.9900 -999.9900 -999.9900 -999.9900 -999.9900 -999.9900 -999.9900 -999.9900 -999.9900
   1 -999.9900 -999.9900 -999.9900 -999.9900 -999.9900 -999.9900 -999.9900 -999.9900 -999.9900
    
2023031200
   1 -999.9900 -999.9900 -999.9900 -999.9900 -999.9900 -999.9900 -999.9900 -999.9900 -999.9900
   1 -999.9900 -999.9900 -999.9900 -999.9900 -999.9900 -999.9900 -999.9900 -999.9900 -999.9900
   1 -999.9900 -999.9900 -999.9900 -999.9900 -999.9900 -999.9900 -999.9900 -999.9900 -999.9900
   1 -999.9900 -999.9900 -999.9900 -999.9900 -999.9900 -999.9900 -999.9900 -999.9900 -999.9900
    
2023031300
   1 -999.9900 -999.9900 -999.9900 -999.9900 -999.9900 -999.9900 -999.9900 -999.9900 -999.9900
   1 -999.9900 -999.9900 -999.9900 -999.9900 -999.9900 -999.9900 -999.9900 -999.9900 -999.9900
   1 -999.9900 -999.9900 -999.9900 -999.9900 -999.9900 -999.9900 -999.9900 -999.9900 -999.9900
   1 -999.9900 -999.9900 -999.9900 -999.9900 -999.9900 -999.9900 -999.9900 -999.9900 -999.9900
    
2023031400
   1 -999.9900 -999.9900 -999.9900 -999.9900 -999.9900 -999.9900 -999.9900 -999.9900 -999.9900
   1 -999.9900 -999.9900 -999.9900 -999.9900 -999.9900 -999.9900 -999.9900 -999.9900 -999.9900
   1 -999.9900 -999.9900 -999.9900 -999.9900 -999.9900 -999.9900 -999.9900 -999.9900 -999.9900
   1 -999.9900 -999.9900 -999.9900 -999.9900 -999.9900 -999.9900 -999.9900 -999.9900 -999.9900
    
2023031500
   1 -999.9900 -999.9900 -999.9900 -999.9900 -999.9900 -999.9900 -999.9900 -999.9900 -999.9900
   1 -999.9900 -999.9900 -999.9900 -999.9900 -999.9900 -999.9900 -999.9900 -999.9900 -999.9900
   1 -999.9900 -999.9900 -999.9900 -999.9900 -999.9900 -999.9900 -999.9900 -999.9900 -999.9900
   1 -999.9900 -999.9900 -999.9900 -999.9900 -999.9900 -999.9900 -999.9900 -999.9900 -999.9900
    
2023031600
   1 -999.9900 -999.9900 -999.9900 -999.9900 -999.9900 -999.9900 -999.9900 -999.9900 -999.9900
   1 -999.9900 -999.9900 -999.9900 -999.9900 -999.9900 -999.9900 -999.9900 -999.9900 -999.9900
   1 -999.9900 -999.9900 -999.9900 -999.9900 -999.9900 -999.9900 -999.9900 -999.9900 -999.9900
   1 -999.9900 -999.9900 -999.9900 -999.9900 -999.9900 -999.9900 -999.9900 -999.9900 -999.9900
    
2023031700
   1 -999.9900 -999.9900 -999.9900 -999.9900 -999.9900 -999.9900 -999.9900 -999.9900 -999.9900
   1 -999.9900 -999.9900 -999.9900 -999.9900 -999.9900 -999.9900 -999.9900 -999.9900 -999.9900
   1 -999.9900 -999.9900 -999.9900 -999.9900 -999.9900 -999.9900 -999.9900 -999.9900 -999.9900
   1 -999.9900 -999.9900 -999.9900 -999.9900 -999.9900 -999.9900 -999.9900 -999.9900 -999.9900
    
2023031800
   1 -999.9900 -999.9900 -999.9900 -999.9900 -999.9900 -999.9900 -999.9900 -999.9900 -999.9900
   1 -999.9900 -999.9900 -999.9900 -999.9900 -999.9900 -999.9900 -999.9900 -999.9900 -999.9900
   1 -999.9900 -999.9900 -999.9900 -999.9900 -999.9900 -999.9900 -999.9900 -999.9900 -999.9900
   1 -999.9900 -999.9900 -999.9900 -999.9900 -999.9900 -999.9900 -999.9900 -999.9900 -999.9900
    
2023031900
   1 -999.9900 -999.9900 -999.9900 -999.9900 -999.9900 -999.9900 -999.9900 -999.9900 -999.9900
   1 -999.9900 -999.9900 -999.9900 -999.9900 -999.9900 -999.9900 -999.9900 -999.9900 -999.9900
   1 -999.9900 -999.9900 -999.9900 -999.9900 -999.9900 -999.9900 -999.9900 -999.9900 -999.9900
   1 -999.9900 -999.9900 -999.9900 -999.9900 -999.9900 -999.9900 -999.9900 -999.9900 -999.9900
    
2023032000
   1 -999.9900 -999.9900 -999.9900 -999.9900 -999.9900 -999.9900 -999.9900 -999.9900 -999.9900
   1 -999.9900 -999.9900 -999.9900 -999.9900 -999.9900 -999.9900 -999.9900 -999.9900 -999.9900
   1 -999.9900 -999.9900 -999.9900 -999.9900 -999.9900 -999.9900 -999.9900 -999.9900 -999.9900
   1 -999.9900 -999.9900 -999.9900 -999.9900 -999.9900 -999.9900 -999.9900 -999.9900 -999.9900
    
2023032100
   1 -999.9900 -999.9900 -999.9900 -999.9900 -999.9900 -999.9900 -999.9900 -999.9900 -999.9900
   1 -999.9900 -999.9900 -999.9900 -999.9900 -999.9900 -999.9900 -999.9900 -999.9900 -999.9900
   1 -999.9900 -999.9900 -999.9900 -999.9900 -999.9900 -999.9900 -999.9900 -999.9900 -999.9900
   1 -999.9900 -999.9900 -999.9900 -999.9900 -999.9900 -999.9900 -999.9900 -999.9900 -999.9900
    
2023032200
   1 -999.9900 -999.9900 -999.9900 -999.9900 -999.9900 -999.9900 -999.9900 -999.9900 -999.9900
   1 -999.9900 -999.9900 -999.9900 -999.9900 -999.9900 -999.9900 -999.9900 -999.9900 -999.9900
   1 -999.9900 -999.9900 -999.9900 -999.9900 -999.9900 -999.9900 -999.9900 -999.9900 -999.9900
   1 -999.9900 -999.9900 -999.9900 -999.9900 -999.9900 -999.9900 -999.9900 -999.9900 -999.9900
    
2023032300
   1 -999.9900 -999.9900 -999.9900 -999.9900 -999.9900 -999.9900 -999.9900 -999.9900 -999.9900
   1 -999.9900 -999.9900 -999.9900 -999.9900 -999.9900 -999.9900 -999.9900 -999.9900 -999.9900
   1 -999.9900 -999.9900 -999.9900 -999.9900 -999.9900 -999.9900 -999.9900 -999.9900 -999.9900
   1 -999.9900 -999.9900 -999.9900 -999.9900 -999.9900 -999.9900 -999.9900 -999.9900 -999.9900
    
2023032400
   1 -999.9900 -999.9900 -999.9900 -999.9900 -999.9900 -999.9900 -999.9900 -999.9900 -999.9900
   1 -999.9900 -999.9900 -999.9900 -999.9900 -999.9900 -999.9900 -999.9900 -999.9900 -999.9900
   1 -999.9900 -999.9900 -999.9900 -999.9900 -999.9900 -999.9900 -999.9900 -999.9900 -999.9900
   1 -999.9900 -999.9900 -999.9900 -999.9900 -999.9900 -999.9900 -999.9900 -999.9900 -999.9900
    
2023032500
   1 -999.9900 -999.9900 -999.9900 -999.9900 -999.9900 -999.9900 -999.9900 -999.9900 -999.9900
   1 -999.9900 -999.9900 -999.9900 -999.9900 -999.9900 -999.9900 -999.9900 -999.9900 -999.9900
   1 -999.9900 -999.9900 -999.9900 -999.9900 -999.9900 -999.9900 -999.9900 -999.9900 -999.9900
   1 -999.9900 -999.9900 -999.9900 -999.9900 -999.9900 -999.9900 -999.9900 -999.9900 -999.9900
    
2023032600
   1 -999.9900 -999.9900 -999.9900 -999.9900 -999.9900 -999.9900 -999.9900 -999.9900 -999.9900
   1 -999.9900 -999.9900 -999.9900 -999.9900 -999.9900 -999.9900 -999.9900 -999.9900 -999.9900
   1 -999.9900 -999.9900 -999.9900 -999.9900 -999.9900 -999.9900 -999.9900 -999.9900 -999.9900
   1 -999.9900 -999.9900 -999.9900 -999.9900 -999.9900 -999.9900 -999.9900 -999.9900 -999.9900
    
2023032700
   1 -999.9900 -999.9900 -999.9900 -999.9900 -999.9900 -999.9900 -999.9900 -999.9900 -999.9900
   1 -999.9900 -999.9900 -999.9900 -999.9900 -999.9900 -999.9900 -999.9900 -999.9900 -999.9900
   1 -999.9900 -999.9900 -999.9900 -999.9900 -999.9900 -999.9900 -999.9900 -999.9900 -999.9900
   1 -999.9900 -999.9900 -999.9900 -999.9900 -999.9900 -999.9900 -999.9900 -999.9900 -999.9900
    
2023032800
   1 -999.9900 -999.9900 -999.9900 -999.9900 -999.9900 -999.9900 -999.9900 -999.9900 -999.9900
   1 -999.9900 -999.9900 -999.9900 -999.9900 -999.9900 -999.9900 -999.9900 -999.9900 -999.9900
   1 -999.9900 -999.9900 -999.9900 -999.9900 -999.9900 -999.9900 -999.9900 -999.9900 -999.9900
   1 -999.9900 -999.9900 -999.9900 -999.9900 -999.9900 -999.9900 -999.9900 -999.9900 -999.9900
    
2023032900
   1 -999.9900 -999.9900 -999.9900 -999.9900 -999.9900 -999.9900 -999.9900 -999.9900 -999.9900
   1 -999.9900 -999.9900 -999.9900 -999.9900 -999.9900 -999.9900 -999.9900 -999.9900 -999.9900
   1 -999.9900 -999.9900 -999.9900 -999.9900 -999.9900 -999.9900 -999.9900 -999.9900 -999.9900
   1 -999.9900 -999.9900 -999.9900 -999.9900 -999.9900 -999.9900 -999.9900 -999.9900 -999.9900
    
2023033000
   1 -999.9900 -999.9900 -999.9900 -999.9900 -999.9900 -999.9900 -999.9900 -999.9900 -999.9900
   1 -999.9900 -999.9900 -999.9900 -999.9900 -999.9900 -999.9900 -999.9900 -999.9900 -999.9900
   1 -999.9900 -999.9900 -999.9900 -999.9900 -999.9900 -999.9900 -999.9900 -999.9900 -999.9900
   1 -999.9900 -999.9900 -999.9900 -999.9900 -999.9900 -999.9900 -999.9900 -999.9900 -999.9900
    
2023033100
   1 -999.9900 -999.9900 -999.9900 -999.9900 -999.9900 -999.9900 -999.9900 -999.9900 -999.9900
   1 -999.9900 -999.9900 -999.9900 -999.9900 -999.9900 -999.9900 -999.9900 -999.9900 -999.9900
   1 -999.9900 -999.9900 -999.9900 -999.9900 -999.9900 -999.9900 -999.9900 -999.9900 -999.9900
   1 -999.9900 -999.9900 -999.9900 -999.9900 -999.9900 -999.9900 -999.9900 -999.9900 -999.9900
    
