2023010700
   1 -999.9900 -999.9900 -999.9900 -999.9900 -999.9900 -999.9900 -999.9900 -999.9900 -999.9900
   1 -999.9900 -999.9900 -999.9900 -999.9900 -999.9900 -999.9900 -999.9900 -999.9900 -999.9900
   1 -999.9900 -999.9900 -999.9900 -999.9900 -999.9900 -999.9900 -999.9900 -999.9900 -999.9900
   1 -999.9900 -999.9900 -999.9900 -999.9900 -999.9900 -999.9900 -999.9900 -999.9900 -999.9900
    
2023010800
   0   35.6337 -999.9900   45.0333   45.0333   20.0693    3.2925   28.7584    0.2966    0.3172
   0   32.5549 -999.9900   44.3700   44.3700   26.6117    1.8462   27.9369    0.2465    0.2331
   0   35.6080 -999.9900   44.9412   44.9412   20.2751    3.2936   28.6943    0.2946    0.3122
   0   31.5531 -999.9900   43.5147   43.5147   26.4906    1.3004   27.2299    0.2531    0.2046
    
2023010900
   0   35.5511 -999.9900   48.4647   48.4647   23.7398    5.3267   31.5884    0.2473    0.3328
   0   32.8181 -999.9900   47.2473   47.2473   29.7998    4.0050   30.8299    0.2211    0.2492
   0   35.2420 -999.9900   48.2548   48.2548   23.9710    5.2917   31.4092    0.2451    0.3247
   0   30.9687 -999.9900   46.9588   46.9588   30.0037    3.3317   30.0884    0.2037    0.2310
    
2023011000
   0   37.1092 -999.9900   45.5859   45.5859   23.2985    5.1464   29.8286    0.2523    0.3185
   0   34.3437 -999.9900   44.8281   44.8281   28.6365    3.0201   29.1943    0.2226    0.2356
   0   37.1452 -999.9900   45.4967   45.4967   23.4098    5.2020   29.8286    0.2528    0.3149
   0   34.4485 -999.9900   44.7876   44.7876   28.2692    3.6026   29.1796    0.2211    0.2424
    
2023011100
   0   38.7676 -999.9900   47.2604   47.2604   24.8881    2.9530   31.4325    0.2464    0.3240
   0   36.1346 -999.9900   46.5923   46.5923   29.7873    1.3976   30.7717    0.2128    0.2410
   0   38.2128 -999.9900   47.0061   47.0061   24.9650    3.1263   31.2068    0.2431    0.3176
   0   35.8637 -999.9900   46.3544   46.3544   29.4972    1.8182   30.5343    0.2091    0.2437
    
2023011200
   0   32.9239 -999.9900   41.8440   41.8440   19.3348    3.1282   26.1552    0.2594    0.3225
   0   30.2514 -999.9900   41.0527   41.0527   24.3671    1.3993   25.4706    0.2245    0.2345
   0   32.8303 -999.9900   41.7890   41.7890   19.5944    3.1378   26.1447    0.2577    0.3206
   0   30.3570 -999.9900   40.9550   40.9550   24.0646    1.7846   25.4063    0.2238    0.2421
    
2023011300
   0   33.9980 -999.9900   41.9094   41.9094   18.4157    2.0100   26.0147    0.3002    0.3071
   0   31.6384 -999.9900   41.2667   41.2667   24.3369    0.7362   25.7455    0.2562    0.2267
   0   34.1604 -999.9900   41.8872   41.8872   18.4115    2.0837   26.0486    0.2994    0.3073
   0   31.6952 -999.9900   41.1680   41.1680   23.8106    1.0646   25.6338    0.2569    0.2314
    
2023011400
   0   34.2648 -999.9900   40.7369   40.7369   19.5391    1.4272   25.0096    0.2664    0.2961
   0   32.4562 -999.9900   39.7546   39.7546   23.9876    0.4585   24.2796    0.2226    0.2384
   0   34.3548 -999.9900   40.6282   40.6282   19.4094    1.3466   24.9110    0.2681    0.2979
   0   32.4097 -999.9900   39.7185   39.7185   23.6413    0.6446   24.2009    0.2230    0.2420
    
2023011500
   0   33.1999 -999.9900   41.8646   41.8646   20.4237    4.4083   25.9057    0.2233    0.3582
   0   30.8970 -999.9900   41.2345   41.2345   25.7022    2.9853   25.2819    0.1892    0.2660
   0   32.8646 -999.9900   41.7386   41.7386   20.3612    4.3528   25.7872    0.2188    0.3556
   0   30.6459 -999.9900   41.0839   41.0839   25.2916    3.2548   25.1552    0.1855    0.2728
    
2023011600
   0   34.9035 -999.9900   45.7663   45.7663   21.6484    5.4316   28.9535    0.2531    0.3609
   0   32.0988 -999.9900   43.8722   43.8722   26.2372    2.4931   27.4291    0.2269    0.2438
   0   34.9879 -999.9900   45.7273   45.7273   21.4784    5.0428   28.9384    0.2644    0.3568
   0   32.2249 -999.9900   44.0122   44.0122   25.9640    2.8664   27.5522    0.2317    0.2517
    
2023011700
   0   33.5857 -999.9900   42.7917   42.7917   19.3517    0.3977   26.9745    0.2934    0.2968
   0   31.5508 -999.9900   43.0590   43.0590   25.1010   -0.6151   26.9046    0.2384    0.2258
   0   33.3819 -999.9900   42.6986   42.6986   19.4868    0.5802   26.8678    0.2829    0.2961
   0   31.3913 -999.9900   42.7874   42.7874   24.6762   -0.1862   26.6780    0.2357    0.2299
    
2023011800
   0   35.8463 -999.9900   42.9262   42.9262   18.7794    0.4552   26.9584    0.2928    0.3261
   0   32.8883 -999.9900   42.6068   42.6068   25.1000   -0.6296   26.4428    0.2422    0.2440
   0   35.5165 -999.9900   42.7608   42.7608   18.8261    0.6205   26.7858    0.2889    0.3249
   0   32.7981 -999.9900   42.3566   42.3566   24.5188   -0.2776   26.2598    0.2409    0.2503
    
2023011900
   0   33.5214 -999.9900   41.9463   41.9463   17.3363    1.5845   26.2711    0.3157    0.3290
   0   31.2879 -999.9900   41.6956   41.6956   24.0894    0.3737   26.1177    0.2726    0.2154
   0   33.1247 -999.9900   41.8028   41.8028   17.4305    1.5540   26.0988    0.3114    0.3236
   0   30.9672 -999.9900   41.4445   41.4445   23.5075    0.6320   25.8617    0.2677    0.2217
    
2023012000
   0   37.0011 -999.9900   42.7566   42.7566   18.2963    2.3350   27.1895    0.2798    0.3552
   0   35.1084 -999.9900   42.5241   42.5241   24.4883    1.6234   27.0494    0.2349    0.2824
   0   37.0892 -999.9900   42.6517   42.6517   18.3666    2.0698   27.1757    0.2841    0.3530
   0   35.0810 -999.9900   42.2744   42.2744   23.9576    1.6343   26.8735    0.2377    0.2852
    
2023012100
   1 -999.9900 -999.9900 -999.9900 -999.9900 -999.9900 -999.9900 -999.9900 -999.9900 -999.9900
   1 -999.9900 -999.9900 -999.9900 -999.9900 -999.9900 -999.9900 -999.9900 -999.9900 -999.9900
   1 -999.9900 -999.9900 -999.9900 -999.9900 -999.9900 -999.9900 -999.9900 -999.9900 -999.9900
   1 -999.9900 -999.9900 -999.9900 -999.9900 -999.9900 -999.9900 -999.9900 -999.9900 -999.9900
    
2023012200
   0   37.1924 -999.9900   44.4436   44.4436   19.6278    1.9474   28.7206    0.3037    0.3200
   0   37.1924 -999.9900   44.4436   44.4436   19.6278    1.9474   28.7206    0.3037    0.3200
   0   36.9751 -999.9900   44.4173   44.4173   19.8904    1.9966   28.7235    0.3031    0.3149
   0   34.8122 -999.9900   43.7832   43.7832   24.9379    1.1492   28.2254    0.2528    0.2418
    
2023012300
   0   34.6231 -999.9900   41.0892   41.0892   18.8200    2.8883   26.1035    0.2837    0.3348
   0   31.9500 -999.9900   40.2670   40.2670   24.4618    0.8182   25.4772    0.2472    0.2391
   0   34.3745 -999.9900   41.0257   41.0257   18.9608    2.8555   26.0263    0.2786    0.3309
   0   31.8745 -999.9900   40.1806   40.1806   24.0813    1.3012   25.3758    0.2449    0.2451
    
2023012400
   0   33.3098 -999.9900   39.0129   39.0129   18.2697    2.3259   23.9916    0.2759    0.3074
   0   30.3079 -999.9900   38.1147   38.1147   24.2944    0.5785   23.2093    0.2337    0.2062
   0   33.2204 -999.9900   39.0932   39.0932   18.1808    2.1108   23.9944    0.2789    0.2997
   0   30.3388 -999.9900   38.1159   38.1159   23.7097    0.8115   23.1829    0.2359    0.2111
    
2023012500
   0   33.3323 -999.9900   43.2051   43.2051   20.2564    1.8756   27.1359    0.3019    0.3063
   0   30.0685 -999.9900   41.6953   41.6953   26.7802    1.0130   26.0169    0.2491    0.2111
   0   33.3142 -999.9900   43.1842   43.1842   20.0616    2.0669   27.1159    0.2956    0.3093
   0   30.1236 -999.9900   41.7630   41.7630   26.2083    1.2671   26.0070    0.2450    0.2208
    
2023012600
   0   33.2625 -999.9900   37.0104   37.0104   15.4903    1.0907   22.3770    0.2966    0.3027
   0   29.8599 -999.9900   36.1863   36.1863   21.5541    0.1327   21.9636    0.2394    0.2119
   0   33.3172 -999.9900   37.0338   37.0338   15.2821    0.9711   22.4324    0.3050    0.3029
   0   29.9745 -999.9900   36.1977   36.1977   20.8887    0.2579   21.9137    0.2441    0.2187
    
2023012700
   1 -999.9900 -999.9900 -999.9900 -999.9900 -999.9900 -999.9900 -999.9900 -999.9900 -999.9900
   1 -999.9900 -999.9900 -999.9900 -999.9900 -999.9900 -999.9900 -999.9900 -999.9900 -999.9900
   1 -999.9900 -999.9900 -999.9900 -999.9900 -999.9900 -999.9900 -999.9900 -999.9900 -999.9900
   1 -999.9900 -999.9900 -999.9900 -999.9900 -999.9900 -999.9900 -999.9900 -999.9900 -999.9900
    
2023012800
   0   35.8584 -999.9900   41.2380   41.2380   17.7262    0.8399   25.6560    0.2680    0.3336
   0   32.5346 -999.9900   41.2349   41.2349   23.8447   -1.1176   25.3907    0.2382    0.2286
   0   35.9818 -999.9900   41.1285   41.1285   17.4985    0.5890   25.5430    0.2711    0.3318
   0   32.6261 -999.9900   41.0556   41.0556   23.2419   -0.8363   25.2163    0.2364    0.2359
    
2023012900
   0   30.6450 -999.9900   39.3377   39.3377   16.9014    2.0254   24.5349    0.2901    0.3410
   0   27.9832 -999.9900   39.3256   39.3256   23.2517    0.6090   24.3811    0.2389    0.2390
   0   30.8120 -999.9900   39.4207   39.4207   16.6841    1.9424   24.6045    0.2943    0.3435
   0   28.0734 -999.9900   39.1402   39.1402   22.6418    0.9235   24.2785    0.2412    0.2504
    
2023013000
   0   34.6443 -999.9900   41.8419   41.8419   18.8149    5.0402   26.2631    0.2608    0.3689
   0   31.2249 -999.9900   41.1234   41.1234   26.0545    3.4050   25.6690    0.2023    0.2440
   0   34.6489 -999.9900   41.9774   41.9774   18.8101    4.9581   26.4140    0.2619    0.3664
   0   31.3713 -999.9900   41.1445   41.1445   25.4643    3.7910   25.6508    0.2066    0.2528
    
2023013100
   1 -999.9900 -999.9900 -999.9900 -999.9900 -999.9900 -999.9900 -999.9900 -999.9900 -999.9900
   1 -999.9900 -999.9900 -999.9900 -999.9900 -999.9900 -999.9900 -999.9900 -999.9900 -999.9900
   1 -999.9900 -999.9900 -999.9900 -999.9900 -999.9900 -999.9900 -999.9900 -999.9900 -999.9900
   1 -999.9900 -999.9900 -999.9900 -999.9900 -999.9900 -999.9900 -999.9900 -999.9900 -999.9900
    
2023020100
   1 -999.9900 -999.9900 -999.9900 -999.9900 -999.9900 -999.9900 -999.9900 -999.9900 -999.9900
   1 -999.9900 -999.9900 -999.9900 -999.9900 -999.9900 -999.9900 -999.9900 -999.9900 -999.9900
   1 -999.9900 -999.9900 -999.9900 -999.9900 -999.9900 -999.9900 -999.9900 -999.9900 -999.9900
   0   43.8339 -999.9900   48.2604   48.2604   30.9763    0.9452   31.5036    0.2529    0.2153
    
2023020200
   0   40.1462 -999.9900   46.2964   46.2964   21.2612    3.4399   30.0776    0.2808    0.3358
   0   35.3525 -999.9900   44.5506   44.5506   28.3829    0.5257   28.2080    0.2180    0.2152
   0   40.0122 -999.9900   46.2545   46.2545   21.2977    3.4103   30.0105    0.2764    0.3335
   0   35.5346 -999.9900   44.6699   44.6699   27.7982    1.1888   28.3135    0.2198    0.2235
    
2023020300
   0   32.4956 -999.9900   40.2694   40.2694   17.8967    2.2614   24.9965    0.2708    0.3393
   0   28.9109 -999.9900   39.4338   39.4338   24.2343   -0.1792   24.2687    0.2178    0.2246
   0   32.4095 -999.9900   40.2774   40.2774   17.8173    2.2995   24.9890    0.2670    0.3387
   0   28.9852 -999.9900   39.3285   39.3285   23.6356    0.3694   24.1840    0.2163    0.2341
    
2023020400
   0   31.8082 -999.9900   39.4263   39.4263   18.0547    3.1565   24.2772    0.3101    0.3071
   0   28.3026 -999.9900   39.3068   39.3068   23.9478    1.5234   23.9617    0.2421    0.2336
   0   31.6048 -999.9900   39.3523   39.3523   18.2401    3.1997   24.1671    0.3020    0.3022
   0   28.3438 -999.9900   39.0780   39.0780   23.4918    1.9549   23.7983    0.2430    0.2356
    
2023020500
   0   35.4566 -999.9900   42.1928   42.1928   18.5320    5.0045   27.4538    0.3103    0.3341
   0   32.4646 -999.9900   41.2711   41.2711   24.7596    3.2655   26.6836    0.2706    0.2332
   0   35.6812 -999.9900   42.2580   42.2580   18.4352    5.0818   27.5349    0.3132    0.3343
   0   32.7174 -999.9900   41.2713   41.2713   24.1452    3.6676   26.6932    0.2719    0.2408
    
2023020600
   0   34.1298 -999.9900   44.7139   44.7139   20.4217    0.2940   28.7532    0.2962    0.3518
   0   32.1849 -999.9900   44.7945   44.7945   27.6091   -0.6620   28.9075    0.2553    0.2641
   0   34.1674 -999.9900   44.7380   44.7380   20.2851    0.2092   28.7925    0.2957    0.3475
   0   32.1032 -999.9900   44.5802   44.5802   26.9179   -0.4843   28.7190    0.2545    0.2689
    
2023020700
   0   32.4416 -999.9900   35.4794   35.4794   13.7690    0.5343   21.7145    0.3280    0.3430
   0   30.7226 -999.9900   36.5054   36.5054   19.3966   -0.5817   22.0740    0.2728    0.2575
   0   32.3326 -999.9900   35.4100   35.4100   13.6116    0.5151   21.6887    0.3272    0.3417
   0   29.8060 -999.9900   34.9623   34.9623   18.5417   -0.2349   21.2073    0.2710    0.2611
    
2023020800
   0   30.9189 -999.9900   39.8382   39.8382   19.6471    2.7330   24.6193    0.2678    0.3105
   0   27.9836 -999.9900   39.0359   39.0359   25.6064    1.9530   24.0507    0.2244    0.2317
   0   30.8795 -999.9900   39.8214   39.8214   19.8755    2.7864   24.5931    0.2661    0.3048
   0   28.0708 -999.9900   38.9277   38.9277   25.1976    2.2084   23.9310    0.2242    0.2354
    
2023020900
   1 -999.9900 -999.9900 -999.9900 -999.9900 -999.9900 -999.9900 -999.9900 -999.9900 -999.9900
   1 -999.9900 -999.9900 -999.9900 -999.9900 -999.9900 -999.9900 -999.9900 -999.9900 -999.9900
   1 -999.9900 -999.9900 -999.9900 -999.9900 -999.9900 -999.9900 -999.9900 -999.9900 -999.9900
   1 -999.9900 -999.9900 -999.9900 -999.9900 -999.9900 -999.9900 -999.9900 -999.9900 -999.9900
    
2023021000
   0   33.0024 -999.9900   40.7016   40.7016   17.5852    1.3093   25.1547    0.2988    0.3101
   0   29.9410 -999.9900   40.2227   40.2227   23.7193   -1.0862   24.8842    0.2572    0.2069
   0   32.8353 -999.9900   40.5867   40.5867   17.4841    1.2607   25.0730    0.2989    0.3092
   0   29.8833 -999.9900   40.0843   40.0843   23.0968   -0.5508   24.7245    0.2561    0.2148
    
2023021100
   1 -999.9900 -999.9900 -999.9900 -999.9900 -999.9900 -999.9900 -999.9900 -999.9900 -999.9900
   1 -999.9900 -999.9900 -999.9900 -999.9900 -999.9900 -999.9900 -999.9900 -999.9900 -999.9900
   1 -999.9900 -999.9900 -999.9900 -999.9900 -999.9900 -999.9900 -999.9900 -999.9900 -999.9900
   1 -999.9900 -999.9900 -999.9900 -999.9900 -999.9900 -999.9900 -999.9900 -999.9900 -999.9900
    
2023021200
   0   34.9098 -999.9900   41.8568   41.8568   19.7566    4.0776   26.2227    0.2674    0.3433
   0   32.3327 -999.9900   41.5884   41.5884   25.6782    1.7176   25.8637    0.2318    0.2391
   0   34.7156 -999.9900   41.7535   41.7535   19.5318    3.8419   26.1193    0.2718    0.3400
   0   32.2636 -999.9900   41.4064   41.4064   25.0805    2.1670   25.7173    0.2345    0.2459
    
2023021300
   0   29.0748 -999.9900   40.8189   40.8189   18.7393    1.6773   25.8227    0.2660    0.3383
   0   26.9286 -999.9900   40.0999   40.0999   25.2622   -0.3536   25.1242    0.2193    0.2400
   0   29.0542 -999.9900   40.7193   40.7193   18.6354    1.8066   25.7421    0.2634    0.3385
   0   26.8376 -999.9900   40.0019   40.0019   24.7047    0.1763   25.0242    0.2160    0.2476
    
2023021400
   0   25.4115 -999.9900   38.1789   38.1789   17.7453    2.1844   23.7777    0.2516    0.3369
   0   23.9230 -999.9900   38.0703   38.0703   22.9561    0.1714   23.5680    0.2326    0.2435
   0   25.2407 -999.9900   38.1372   38.1372   17.8864    2.1253   23.7113    0.2468    0.3299
   0   23.8103 -999.9900   37.8632   37.8632   22.5971    0.5776   23.4070    0.2253    0.2492
    
2023021500
   0   36.5027 -999.9900   36.7628   36.7628   15.8003    1.7208   23.1562    0.3135    0.3432
   0   32.0982 -999.9900   35.2400   35.2400   20.7001   -0.6076   22.0854    0.2698    0.2469
   0   36.1384 -999.9900   36.6177   36.6177   15.6616    1.6354   23.0468    0.3109    0.3419
   0   32.2114 -999.9900   35.3026   35.3026   20.2504   -0.1585   22.1033    0.2699    0.2549
    
2023021600
   0   32.4118 -999.9900   37.7095   37.7095   14.0452    1.8721   23.0088    0.3215    0.3244
   0   28.8326 -999.9900   36.9289   36.9289   22.0291    0.4155   22.4271    0.2515    0.2272
   0   32.3292 -999.9900   37.7822   37.7822   14.2304    1.9879   23.0625    0.3183    0.3289
   0   28.9549 -999.9900   36.9821   36.9821   21.2496    0.8294   22.4466    0.2536    0.2374
    
2023021700
   0   32.5727 -999.9900   39.0644   39.0644   16.0081    2.1775   23.9131    0.3047    0.3095
   0   30.8298 -999.9900   38.7542   38.7542   21.9977    1.3556   23.9828    0.2667    0.2341
   0   32.6661 -999.9900   39.0680   39.0680   15.6909    2.1641   23.9355    0.3120    0.3113
   0   30.6969 -999.9900   38.5729   38.5729   21.3595    1.5164   23.7980    0.2688    0.2394
    
2023021800
   0   31.8824 -999.9900   37.8340   37.8340   17.6141    3.4441   23.4931    0.2903    0.3276
   0   29.5995 -999.9900   37.2238   37.2238   23.7608    2.4664   23.2293    0.2380    0.2448
   0   31.7806 -999.9900   37.8945   37.8945   17.5953    3.4647   23.5353    0.2883    0.3260
   0   29.5027 -999.9900   37.1375   37.1375   23.2386    2.6904   23.1479    0.2383    0.2490
    
2023021900
   0   29.8795 -999.9900   42.5729   42.5729   19.7159    0.8779   26.9341    0.2806    0.3050
   0   27.3500 -999.9900   41.4474   41.4474   26.4978   -0.1854   26.2026    0.2329    0.2100
   0   29.4755 -999.9900   42.4747   42.4747   19.6369    1.1072   26.8145    0.2727    0.3013
   0   27.1062 -999.9900   41.2688   41.2688   25.9145    0.1641   26.0349    0.2271    0.2145
    
2023022000
   0   28.3699 -999.9900   39.7768   39.7768   20.9768    1.8704   25.7600    0.2956    0.2922
   0   25.2609 -999.9900   38.5744   38.5744   27.2620    0.0683   24.9974    0.2433    0.1933
   0   28.0776 -999.9900   39.7428   39.7428   21.0518    1.8778   25.7176    0.2948    0.2887
   0   25.2815 -999.9900   38.5398   38.5398   26.7246    0.4880   24.9186    0.2432    0.1998
    
2023022100
   0   30.6908 -999.9900   42.0343   42.0343   21.7307    5.1769   27.1516    0.2421    0.3375
   0   27.2043 -999.9900   40.7237   40.7237   28.0254    3.5388   25.9051    0.1856    0.2277
   0   30.7410 -999.9900   41.9073   41.9073   21.2596    5.3191   27.1023    0.2421    0.3432
   0   27.3734 -999.9900   40.7345   40.7345   27.1973    3.9832   25.9448    0.1873    0.2396
    
2023022200
   0   27.8353 -999.9900   36.4946   36.4946   17.3462    1.8493   22.4819    0.2369    0.3425
   0   25.7620 -999.9900   36.5826   36.5826   23.5307    0.2617   22.2558    0.1814    0.2396
   0   27.7723 -999.9900   36.5364   36.5364   17.2796    1.8185   22.4963    0.2359    0.3435
   0   25.6901 -999.9900   36.3899   36.3899   22.8877    0.6618   22.1418    0.1830    0.2488
    
2023022300
   0   30.0806 -999.9900   36.7490   36.7490   17.1201    4.1636   22.8339    0.2855    0.3423
   0   26.6756 -999.9900   36.4364   36.4364   23.4444    0.9145   22.2051    0.2368    0.2160
   0   29.9091 -999.9900   36.6076   36.6076   16.9649    4.3725   22.6901    0.2771    0.3460
   0   26.6795 -999.9900   36.0648   36.0648   22.9754    1.8417   21.9742    0.2304    0.2266
    
2023022400
   0   31.2658 -999.9900   36.7825   36.7825   17.1878    3.8507   23.2427    0.2586    0.3316
   0   28.5294 -999.9900   35.8988   35.8988   24.5624    1.0904   22.7705    0.2085    0.2231
   0   31.0740 -999.9900   36.8191   36.8191   17.3978    3.8446   23.2674    0.2562    0.3274
   0   28.4417 -999.9900   35.8206   35.8206   23.9681    1.6563   22.6324    0.2082    0.2291
    
2023022500
   0   31.7283 -999.9900   43.3552   43.3552   19.3107    0.6032   27.5140    0.3274    0.2961
   0   28.8300 -999.9900   43.0981   43.0981   26.4820   -2.0804   27.2831    0.2658    0.1956
   0   31.5917 -999.9900   43.1935   43.1935   19.3263    0.6093   27.4021    0.3271    0.2940
   0   28.8044 -999.9900   42.8552   42.8552   25.7096   -1.5268   27.0716    0.2672    0.2024
    
2023022600
   0   31.0908 -999.9900   48.0229   48.0229   23.7010   -0.2161   32.2393    0.2962    0.3105
   0   28.8006 -999.9900   47.7129   47.7129   31.2374   -1.6381   31.9703    0.2440    0.2159
   0   31.0056 -999.9900   48.0624   48.0624   23.7307   -0.4331   32.2639    0.2991    0.3034
   0   28.7337 -999.9900   47.3944   47.3944   30.6361   -1.2863   31.7169    0.2449    0.2187
    
2023022700
   0   31.8035 -999.9900   41.5768   41.5768   18.8674    2.9949   26.9260    0.2886    0.3467
   0   29.0667 -999.9900   40.5667   40.5667   25.3965    1.6501   26.2481    0.2312    0.2516
   0   31.9198 -999.9900   41.6733   41.6733   18.8562    2.7764   27.0159    0.2896    0.3435
   0   29.2339 -999.9900   40.5982   40.5982   24.7769    1.8630   26.2521    0.2344    0.2586
    
2023022800
   0   25.2780 -999.9900   37.9954   37.9954   20.5089    2.9003   23.4641    0.2341    0.3270
   0   23.6465 -999.9900   37.8764   37.8764   26.0679    0.9068   23.3080    0.1977    0.2164
   0   25.3144 -999.9900   38.0084   38.0084   20.4042    2.9068   23.4784    0.2341    0.3280
   0   23.6289 -999.9900   37.7204   37.7204   25.6569    1.2359   23.1730    0.1946    0.2243
    
2023030100
   0   28.2496 -999.9900   37.6894   37.6894   19.2581    3.0435   23.6571    0.2426    0.3410
   0   25.6153 -999.9900   37.0830   37.0830   25.2615    0.3058   22.9715    0.2018    0.2054
   0   28.0897 -999.9900   37.6267   37.6267   19.0674    3.0583   23.5831    0.2367    0.3383
   0   25.6055 -999.9900   36.9678   36.9678   24.6883    0.8869   22.8849    0.1991    0.2179
    
2023030200
   0   32.1742 -999.9900   41.4790   41.4790   22.9128    1.1595   25.8904    0.2486    0.3028
   0   30.4033 -999.9900   40.5650   40.5650   28.5326   -0.8970   25.5023    0.2159    0.2122
   0   32.2299 -999.9900   41.4792   41.4792   22.7322    1.5304   25.8844    0.2456    0.3060
   1 -999.9900 -999.9900 -999.9900 -999.9900 -999.9900 -999.9900 -999.9900 -999.9900 -999.9900
    
2023030300
   1 -999.9900 -999.9900 -999.9900 -999.9900 -999.9900 -999.9900 -999.9900 -999.9900 -999.9900
   1 -999.9900 -999.9900 -999.9900 -999.9900 -999.9900 -999.9900 -999.9900 -999.9900 -999.9900
   1 -999.9900 -999.9900 -999.9900 -999.9900 -999.9900 -999.9900 -999.9900 -999.9900 -999.9900
   1 -999.9900 -999.9900 -999.9900 -999.9900 -999.9900 -999.9900 -999.9900 -999.9900 -999.9900
    
2023030400
   0   30.0117 -999.9900   39.2319   39.2319   18.4280    3.1127   25.0195    0.2792    0.3352
   0   26.3439 -999.9900   38.7039   38.7039   25.2367    1.0712   24.5262    0.2361    0.2297
   0   29.9217 -999.9900   39.2201   39.2201   18.4017    3.2021   24.9867    0.2790    0.3351
   0   26.5115 -999.9900   38.5568   38.5568   24.6004    1.6006   24.4095    0.2340    0.2395
    
2023030500
   0   35.4136 -999.9900   44.1486   44.1486   21.4314    0.3118   29.6397    0.2991    0.3327
   0   33.0907 -999.9900   44.3006   44.3006   28.2081   -0.8391   29.4164    0.2379    0.2411
   0   35.0936 -999.9900   44.0192   44.0192   21.7308    0.2990   29.5249    0.2923    0.3286
   0   32.8474 -999.9900   43.8639   43.8639   27.8051   -0.4588   29.1364    0.2357    0.2454
    
2023030600
   0   33.2013 -999.9900   42.1623   42.1623   22.3474    2.1625   26.8392    0.2933    0.3022
   0   30.6009 -999.9900   41.1891   41.1891   28.7702    1.4521   26.2565    0.2363    0.2065
   0   33.3235 -999.9900   42.1351   42.1351   22.0927    2.4164   26.8580    0.2893    0.3065
   0   30.7145 -999.9900   41.1834   41.1834   28.0683    1.8651   26.1942    0.2363    0.2157
    
2023030700
   0   32.1360 -999.9900   38.8786   38.8786   19.8402    3.6917   24.7661    0.2529    0.3339
   0   29.2483 -999.9900   38.1640   38.1640   26.0053    1.2729   24.1558    0.2077    0.2230
   0   32.0781 -999.9900   38.7518   38.7518   19.5643    3.4993   24.6305    0.2542    0.3312
   0   29.2543 -999.9900   38.0230   38.0230   25.2661    1.6956   24.0010    0.2080    0.2314
    
2023030800
   0   36.2461 -999.9900   36.7435   36.7435   17.8691    3.9366   23.5727    0.2766    0.3611
   0   32.0905 -999.9900   35.5630   35.5630   24.0623    1.7807   22.6780    0.2240    0.2493
   0   36.2281 -999.9900   36.6832   36.6832   17.5805    4.0314   23.4889    0.2743    0.3615
   0   32.2409 -999.9900   35.5267   35.5267   23.3744    2.2839   22.5967    0.2223    0.2582
    
2023030900
   0   38.9315 -999.9900   34.7969   34.7969   16.9335    4.2365   21.9318    0.2520    0.3705
   0   34.8695 -999.9900   33.7894   33.7894   22.7491    1.5998   21.2175    0.2243    0.2597
   0   38.6713 -999.9900   34.7708   34.7708   16.5927    4.2389   21.8886    0.2531    0.3718
   0   34.8261 -999.9900   33.6761   33.6761   22.1584    2.1712   21.1004    0.2210    0.2683
    
2023031000
   0   33.9054 -999.9900   38.0171   38.0171   19.0834    2.1701   23.7679    0.2728    0.3246
   0   31.5879 -999.9900   36.7984   36.7984   24.6875    0.1054   23.0072    0.2309    0.2239
   0   33.9474 -999.9900   37.8267   37.8267   18.7566    1.7280   23.6462    0.2804    0.3195
   0   31.5599 -999.9900   36.6521   36.6521   24.0630    0.2512   22.8952    0.2344    0.2301
    
2023031100
   0   32.9173 -999.9900   37.4370   37.4370   18.9987   -0.7588   23.4992    0.2659    0.2888
   0   30.8561 -999.9900   36.2898   36.2898   24.8163   -3.0213   22.7726    0.2160    0.1962
   0   32.9531 -999.9900   37.4144   37.4144   18.6952   -0.7978   23.4923    0.2679    0.2890
   0   30.7986 -999.9900   36.2593   36.2593   24.1274   -2.5684   22.6785    0.2178    0.2030
    
2023031200
   0   36.5459 -999.9900   39.8535   39.8535   19.6957    1.5488   25.1827    0.2644    0.3252
   0   32.8238 -999.9900   38.3499   38.3499   25.4733   -0.2364   24.0541    0.2188    0.2291
   0   36.3396 -999.9900   39.8234   39.8234   19.5730    1.3540   25.1495    0.2654    0.3224
   0   32.7873 -999.9900   38.3577   38.3577   25.0063   -0.0216   24.0389    0.2194    0.2351
    
2023031300
   0   36.3640 -999.9900   42.9511   42.9511   21.3054    2.9830   27.0543    0.2655    0.3355
   0   35.0517 -999.9900   41.8363   41.8363   28.3526    1.3219   26.3967    0.2237    0.2300
   0   36.2143 -999.9900   42.8461   42.8461   21.3155    2.9210   27.0009    0.2622    0.3313
   0   34.6774 -999.9900   41.7508   41.7508   27.7104    1.6753   26.2639    0.2212    0.2354
    
2023031400
   0   31.5043 -999.9900   37.7921   37.7921   18.7066   -0.2521   23.8012    0.2842    0.3008
   0   29.2055 -999.9900   36.3655   36.3655   24.3050   -1.9238   22.7508    0.2204    0.2042
   0   31.5352 -999.9900   37.6518   37.6518   18.5917   -0.3048   23.7531    0.2813    0.3005
   0   29.1881 -999.9900   36.3060   36.3060   23.7633   -1.5890   22.7100    0.2218    0.2114
    
2023031500
   0   28.9116 -999.9900   35.9869   35.9869   18.1923    3.2468   22.6075    0.2488    0.3108
   0   26.0612 -999.9900   34.9515   34.9515   23.2541    0.7002   21.8202    0.2044    0.2035
   0   28.8543 -999.9900   36.0625   36.0625   17.9769    3.3120   22.6264    0.2455    0.3146
   0   26.1402 -999.9900   35.0223   35.0223   22.7009    1.3038   21.8174    0.2016    0.2148
    
2023031600
   0   33.8966 -999.9900   40.6892   40.6892   18.9547    1.3703   25.1584    0.2809    0.3203
   0   32.0439 -999.9900   40.1525   40.1525   24.2498   -1.1422   24.9507    0.2474    0.2279
   0   33.8884 -999.9900   40.6233   40.6233   18.7023    1.1760   25.1250    0.2846    0.3183
   0   31.9575 -999.9900   40.0564   40.0564   23.6345   -0.7583   24.8111    0.2487    0.2342
    
2023031700
   0   34.9417 -999.9900   40.6745   40.6745   18.6830    1.0963   24.3069    0.2900    0.2944
   0   33.4172 -999.9900   40.3188   40.3188   25.0415   -0.5698   24.1584    0.2394    0.2178
   0   34.8963 -999.9900   40.7221   40.7221   18.9533    0.9165   24.3353    0.2920    0.2858
   0   33.2216 -999.9900   40.3359   40.3359   24.5720   -0.3030   24.0769    0.2425    0.2172
    
2023031800
   0   36.4357 -999.9900   39.0980   39.0980   19.1856    3.5579   24.1793    0.2858    0.3223
   0   33.9279 -999.9900   38.6771   38.6771   25.9975    1.9633   24.0377    0.2428    0.2197
   0   36.1157 -999.9900   39.1011   39.1011   19.2928    3.7112   24.1971    0.2852    0.3188
   0   33.7249 -999.9900   38.6003   38.6003   25.3844    2.4332   23.9264    0.2441    0.2262
    
2023031900
   0   31.5330 -999.9900   42.0392   42.0392   22.0977    3.6817   26.7431    0.2658    0.3296
   0   28.0429 -999.9900   41.0501   41.0501   27.9325    2.0898   25.8252    0.2170    0.2303
   0   31.3977 -999.9900   42.0306   42.0306   22.3795    4.0992   26.7298    0.2548    0.3254
   0   28.1866 -999.9900   40.9391   40.9391   27.6252    2.7359   25.7583    0.2121    0.2371
    
2023032000
   0   36.0307 -999.9900   40.5563   40.5563   20.7354    2.3314   25.0774    0.2713    0.3052
   0   32.7655 -999.9900   39.0414   39.0414   27.6356    0.7415   24.0991    0.2131    0.2096
   0   36.0209 -999.9900   40.6509   40.6509   20.8324    2.5189   25.1497    0.2673    0.3032
   0   32.8655 -999.9900   39.2994   39.2994   27.1105    1.1928   24.1893    0.2141    0.2151
    
2023032100
   0   33.9257 -999.9900   42.2644   42.2644   21.0341    0.0712   26.8779    0.2879    0.2752
   0   31.3138 -999.9900   40.8239   40.8239   27.2888   -1.7627   26.0234    0.2481    0.1754
   0   33.8397 -999.9900   42.1973   42.1973   21.1546    0.3105   26.8396    0.2847    0.2764
   0   31.2910 -999.9900   40.8864   40.8864   26.7868   -1.1847   25.9795    0.2463    0.1827
    
2023032200
   0   29.3507 -999.9900   42.0934   42.0934   21.6965    2.1613   26.8237    0.2632    0.3116
   0   27.2770 -999.9900   41.3324   41.3324   27.8972   -0.2297   26.3194    0.2320    0.2033
   0   29.2566 -999.9900   42.2018   42.2018   21.8021    2.2890   26.9286    0.2609    0.3124
   0   27.2061 -999.9900   41.2729   41.2729   27.4882    0.3598   26.2587    0.2279    0.2127
    
2023032300
   0   27.7139 -999.9900   41.2584   41.2584   19.5900    3.7006   26.0176    0.2595    0.3538
   0   24.9789 -999.9900   40.1302   40.1302   26.7716    0.2698   25.1138    0.2258    0.2202
   0   27.5202 -999.9900   41.0770   41.0770   19.4663    3.4229   25.7963    0.2601    0.3459
   0   24.9783 -999.9900   39.9607   39.9607   26.1401    0.8466   24.9600    0.2234    0.2288
    
2023032400
   0   26.8033 -999.9900   38.1398   38.1398   17.7958    1.6249   23.4512    0.3004    0.3368
   0   24.6610 -999.9900   37.3166   37.3166   24.2515   -0.8444   23.1436    0.2674    0.2274
   0   26.9325 -999.9900   38.1974   38.1974   17.6352    1.5277   23.5518    0.3040    0.3343
   0   24.7402 -999.9900   37.3650   37.3650   23.6297   -0.4000   23.1379    0.2673    0.2361
    
2023032500
   0   34.5458 -999.9900   38.9887   38.9887   18.8564    2.9670   24.8092    0.2764    0.3699
   0   30.7058 -999.9900   38.1012   38.1012   24.9590    0.7867   24.1618    0.2440    0.2516
   0   34.4459 -999.9900   38.8702   38.8702   18.8090    2.9806   24.7118    0.2731    0.3666
   0   30.7605 -999.9900   37.9899   37.9899   24.3892    1.2270   24.0345    0.2400    0.2596
    
2023032600
   0   35.3244 -999.9900   40.6868   40.6868   21.8368    2.8064   26.2135    0.2731    0.3350
   0   31.8029 -999.9900   40.3240   40.3240   28.9758    0.1226   26.0111    0.2369    0.2296
   0   35.1545 -999.9900   40.3929   40.3929   21.3327    2.5137   25.9490    0.2735    0.3335
   0   31.7879 -999.9900   39.9655   39.9655   28.1323    0.5875   25.6691    0.2339    0.2383
    
2023032700
   0   38.0552 -999.9900   44.5468   44.5468   25.8559    1.4594   27.9383    0.2686    0.2992
   0   36.0613 -999.9900   45.1402   45.1402   31.8269   -0.2672   28.4647    0.2306    0.2156
   0   37.9553 -999.9900   44.4993   44.4993   25.4588    1.2536   27.8634    0.2703    0.2985
   0   35.8739 -999.9900   44.8058   44.8058   31.1236    0.0253   28.1138    0.2293    0.2226
    
2023032800
   0   43.4408 -999.9900   45.0966   45.0966   23.0652    4.3190   29.6551    0.2812    0.3331
   0   39.6870 -999.9900   43.9592   43.9592   30.2900    2.7249   28.8944    0.2211    0.2407
   0   43.3021 -999.9900   44.9771   44.9771   22.5195    4.0525   29.5331    0.2823    0.3332
   0   39.6458 -999.9900   43.8979   43.8979   29.3852    2.9891   28.7642    0.2236    0.2483
    
2023032900
   0   39.2803 -999.9900   42.2634   42.2634   22.0221    1.1799   27.5890    0.2509    0.3625
   0   35.8041 -999.9900   41.2051   41.2051   29.0527   -0.5097   26.7640    0.1952    0.2499
   0   39.0474 -999.9900   42.2773   42.2773   22.0287    1.2072   27.5788    0.2481    0.3602
   0   35.7423 -999.9900   41.1299   41.1299   28.4082   -0.0866   26.6675    0.1945    0.2572
    
2023033000
   0   32.9878 -999.9900   42.2099   42.2099   22.2736    0.2430   26.8276    0.2513    0.3057
   0   30.9011 -999.9900   41.5224   41.5224   28.7241   -2.3272   26.5640    0.2133    0.2032
   0   32.8581 -999.9900   42.1014   42.1014   21.8904   -0.0294   26.7640    0.2553    0.3040
   0   30.7202 -999.9900   41.2855   41.2855   28.0323   -1.9196   26.2976    0.2126    0.2099
    
2023033100
   0   22.7622 -999.9900   36.3296   36.3296   18.3384    1.4125   22.6220    0.2704    0.3274
   0   20.7793 -999.9900   35.2754   35.2754   24.5895   -0.6174   21.7143    0.2149    0.2007
   0   22.5014 -999.9900   36.0600   36.0600   18.1346    1.0360   22.3757    0.2721    0.3209
   0   20.6280 -999.9900   35.1125   35.1125   23.8545   -0.3878   21.5361    0.2181    0.2084
    
2023040100
    
