2023010700
   1 -999.9900 -999.9900 -999.9900 -999.9900 -999.9900 -999.9900 -999.9900 -999.9900 -999.9900
   1 -999.9900 -999.9900 -999.9900 -999.9900 -999.9900 -999.9900 -999.9900 -999.9900 -999.9900
   1 -999.9900 -999.9900 -999.9900 -999.9900 -999.9900 -999.9900 -999.9900 -999.9900 -999.9900
   1 -999.9900 -999.9900 -999.9900 -999.9900 -999.9900 -999.9900 -999.9900 -999.9900 -999.9900
    
2023010800
   0    1.0918 -999.9900    1.9195    1.9195    0.7307   -0.0961    1.3294    0.3053    0.2573
   0    0.8381 -999.9900    1.6183    1.6183    1.1957   -0.1817    1.1304    0.1943    0.1263
   0    1.0835 -999.9900    1.9055    1.9055    0.7215   -0.0735    1.3211    0.2979    0.2633
   0    0.8238 -999.9900    1.5936    1.5936    1.1662   -0.1193    1.1152    0.1854    0.1436
    
2023010900
   0    0.9814 -999.9900    1.7155    1.7155    0.7406    0.0973    1.2132    0.2438    0.3170
   0    0.7352 -999.9900    1.3992    1.3992    1.1608   -0.1496    0.9998    0.1678    0.1409
   0    0.9804 -999.9900    1.7129    1.7129    0.7320    0.1003    1.2117    0.2399    0.3169
   0    0.7306 -999.9900    1.3970    1.3970    1.1293   -0.0921    0.9966    0.1661    0.1478
    
2023011000
   0    0.9938 -999.9900    1.7545    1.7545    0.7696   -0.2857    1.2331    0.3369    0.2333
   0    0.7295 -999.9900    1.3778    1.3778    1.1779   -0.3406    0.9966    0.2164    0.0933
   0    0.9967 -999.9900    1.7601    1.7601    0.7584   -0.2745    1.2388    0.3320    0.2342
   0    0.7288 -999.9900    1.3895    1.3895    1.1918   -0.3050    0.9953    0.2120    0.0974
    
2023011100
   0    0.9671 -999.9900    1.7401    1.7401    0.7128   -0.0218    1.1986    0.2688    0.2803
   0    0.7317 -999.9900    1.4003    1.4003    1.1574   -0.0798    0.9996    0.1708    0.1431
   0    0.9588 -999.9900    1.7380    1.7380    0.7255   -0.0157    1.1925    0.2637    0.2784
   0    0.7419 -999.9900    1.4347    1.4347    1.1406   -0.0646    1.0149    0.1732    0.1515
    
2023011200
   0    1.1324 -999.9900    2.0259    2.0259    0.6707   -0.0928    1.3580    0.2779    0.3254
   0    0.7542 -999.9900    1.4544    1.4544    1.3521    0.0384    1.0363    0.1382    0.1795
   0    1.1277 -999.9900    2.0307    2.0307    0.6825   -0.1052    1.3548    0.2760    0.3202
   0    0.7539 -999.9900    1.4962    1.4962    1.2943   -0.0116    1.0506    0.1474    0.1726
    
2023011300
   0    1.2447 -999.9900    2.1178    2.1178    0.6951   -0.1604    1.4833    0.3388    0.2981
   0    0.8919 -999.9900    1.7330    1.7330    1.4421    0.0535    1.2064    0.1632    0.1752
   0    1.2510 -999.9900    2.1296    2.1296    0.6825   -0.1845    1.4889    0.3427    0.2939
   0    0.9106 -999.9900    1.7615    1.7615    1.4069   -0.0037    1.2378    0.1768    0.1779
    
2023011400
   0    1.0058 -999.9900    1.7475    1.7475    0.8090    0.0769    1.2478    0.2521    0.3015
   0    0.8239 -999.9900    1.5513    1.5513    1.1722    0.0067    1.1077    0.1673    0.1584
   0    0.9999 -999.9900    1.7444    1.7444    0.7944    0.0913    1.2391    0.2496    0.3050
   0    0.7926 -999.9900    1.4971    1.4971    1.1632    0.0166    1.0771    0.1638    0.1574
    
2023011500
   0    1.0786 -999.9900    1.8465    1.8465    0.7889    0.2397    1.3196    0.2403    0.3273
   0    0.7922 -999.9900    1.4513    1.4513    1.2874    0.0881    1.0715    0.1513    0.1688
   0    1.0806 -999.9900    1.8547    1.8547    0.8042    0.2240    1.3219    0.2381    0.3239
   0    0.8099 -999.9900    1.4952    1.4952    1.2718    0.1090    1.0967    0.1488    0.1810
    
2023011600
   0    0.9607 -999.9900    1.6761    1.6761    0.8465    0.0623    1.1995    0.2389    0.2860
   0    0.7889 -999.9900    1.4710    1.4710    1.2692   -0.0624    1.0665    0.1626    0.1458
   0    0.9504 -999.9900    1.6641    1.6641    0.8198    0.0675    1.1870    0.2411    0.2844
   0    0.7853 -999.9900    1.4672    1.4672    1.2354   -0.0343    1.0573    0.1629    0.1520
    
2023011700
   0    0.9716 -999.9900    1.7424    1.7424    0.6773   -0.2543    1.1837    0.3019    0.2465
   0    0.7948 -999.9900    1.5313    1.5313    1.1978   -0.1800    1.0782    0.1876    0.1441
   0    0.9754 -999.9900    1.7446    1.7446    0.6991   -0.2625    1.1946    0.2996    0.2393
   0    0.8006 -999.9900    1.5386    1.5386    1.1749   -0.1999    1.0791    0.1928    0.1449
    
2023011800
   0    0.9125 -999.9900    1.6138    1.6138    0.6935   -0.1303    1.1266    0.2951    0.2493
   0    0.6954 -999.9900    1.3483    1.3483    1.2407   -0.0152    0.9561    0.1366    0.1381
   0    0.9091 -999.9900    1.6094    1.6094    0.6882   -0.1387    1.1219    0.3009    0.2488
   0    0.6974 -999.9900    1.3514    1.3514    1.2112   -0.0432    0.9517    0.1472    0.1410
    
2023011900
   0    1.0847 -999.9900    1.9439    1.9439    0.6718   -0.2531    1.3035    0.3573    0.2687
   0    0.7751 -999.9900    1.5014    1.5014    1.3669    0.0144    1.0452    0.1540    0.1608
   0    1.0881 -999.9900    1.9452    1.9452    0.6802   -0.2514    1.3090    0.3572    0.2704
   0    0.7873 -999.9900    1.5370    1.5370    1.3396   -0.0382    1.0626    0.1655    0.1634
    
2023012000
   0    1.1480 -999.9900    2.0745    2.0745    0.6877   -0.3620    1.3727    0.3370    0.2658
   0    0.8347 -999.9900    1.6390    1.6390    1.2935   -0.1584    1.1255    0.1851    0.1575
   0    1.1501 -999.9900    2.0746    2.0746    0.6819   -0.3551    1.3762    0.3341    0.2686
   0    0.8529 -999.9900    1.6875    1.6875    1.2626   -0.1950    1.1453    0.1939    0.1611
    
2023012100
   1 -999.9900 -999.9900 -999.9900 -999.9900 -999.9900 -999.9900 -999.9900 -999.9900 -999.9900
   1 -999.9900 -999.9900 -999.9900 -999.9900 -999.9900 -999.9900 -999.9900 -999.9900 -999.9900
   1 -999.9900 -999.9900 -999.9900 -999.9900 -999.9900 -999.9900 -999.9900 -999.9900 -999.9900
   1 -999.9900 -999.9900 -999.9900 -999.9900 -999.9900 -999.9900 -999.9900 -999.9900 -999.9900
    
2023012200
   0    1.0702 -999.9900    1.8390    1.8390    0.6867   -0.1180    1.2951    0.2957    0.3164
   0    1.0702 -999.9900    1.8390    1.8390    0.6867   -0.1180    1.2951    0.2957    0.3164
   0    1.0731 -999.9900    1.8452    1.8452    0.6954   -0.0988    1.3020    0.2893    0.3196
   0    0.7958 -999.9900    1.5408    1.5408    1.1863   -0.1493    1.0817    0.1781    0.1613
    
2023012300
   0    0.9951 -999.9900    1.7740    1.7740    0.7171    0.0558    1.2202    0.2711    0.3203
   0    0.7368 -999.9900    1.3976    1.3976    1.1809   -0.0739    1.0005    0.1761    0.1665
   0    0.9939 -999.9900    1.7713    1.7713    0.7108    0.0546    1.2197    0.2695    0.3183
   0    0.7504 -999.9900    1.4361    1.4361    1.1581   -0.0487    1.0163    0.1789    0.1732
    
2023012400
   0    1.0049 -999.9900    1.7989    1.7989    0.7528   -0.1663    1.2460    0.2974    0.2782
   0    0.7805 -999.9900    1.4920    1.4920    1.2286   -0.1259    1.0686    0.1791    0.1458
   0    0.9997 -999.9900    1.7866    1.7866    0.7574   -0.1520    1.2378    0.2895    0.2736
   0    0.7886 -999.9900    1.5151    1.5151    1.1978   -0.1255    1.0757    0.1812    0.1528
    
2023012500
   0    1.1149 -999.9900    2.0129    2.0129    0.7663   -0.3441    1.3666    0.3212    0.2767
   0    0.7420 -999.9900    1.4204    1.4204    1.4346   -0.1736    1.0214    0.1454    0.1372
   0    1.1146 -999.9900    2.0145    2.0145    0.7703   -0.3642    1.3667    0.3264    0.2727
   0    0.7666 -999.9900    1.4929    1.4929    1.4038   -0.2197    1.0616    0.1560    0.1437
    
2023012600
   0    0.9270 -999.9900    1.6705    1.6705    0.7026   -0.2262    1.1393    0.3066    0.2670
   0    0.7138 -999.9900    1.3946    1.3946    1.2319   -0.1647    0.9699    0.1557    0.1414
   0    0.9340 -999.9900    1.6834    1.6834    0.6843   -0.2373    1.1463    0.3135    0.2706
   0    0.7221 -999.9900    1.4173    1.4173    1.1968   -0.1835    0.9752    0.1685    0.1458
    
2023012700
   1 -999.9900 -999.9900 -999.9900 -999.9900 -999.9900 -999.9900 -999.9900 -999.9900 -999.9900
   1 -999.9900 -999.9900 -999.9900 -999.9900 -999.9900 -999.9900 -999.9900 -999.9900 -999.9900
   1 -999.9900 -999.9900 -999.9900 -999.9900 -999.9900 -999.9900 -999.9900 -999.9900 -999.9900
   1 -999.9900 -999.9900 -999.9900 -999.9900 -999.9900 -999.9900 -999.9900 -999.9900 -999.9900
    
2023012800
   0    1.0681 -999.9900    1.8658    1.8658    0.7152   -0.1268    1.3007    0.2839    0.2865
   0    0.8167 -999.9900    1.5365    1.5365    1.2430   -0.0781    1.1052    0.1706    0.1608
   0    1.0758 -999.9900    1.8684    1.8684    0.7148   -0.1129    1.3062    0.2796    0.2861
   0    0.8225 -999.9900    1.5497    1.5497    1.1787   -0.0843    1.1091    0.1789    0.1638
    
2023012900
   0    1.0684 -999.9900    1.8746    1.8746    0.9023   -0.0237    1.3339    0.2632    0.3023
   0    0.8113 -999.9900    1.5368    1.5368    1.3444    0.1323    1.1044    0.1386    0.1859
   0    1.0805 -999.9900    1.8873    1.8873    0.8593   -0.0191    1.3401    0.2709    0.3055
   0    0.8311 -999.9900    1.5750    1.5750    1.3071    0.1038    1.1327    0.1499    0.1922
    
2023013000
   0    1.1752 -999.9900    2.1272    2.1272    1.0410    0.5773    1.4736    0.2075    0.4136
   0    0.9508 -999.9900    1.8975    1.8975    1.3551    0.5988    1.2864    0.1071    0.2787
   0    1.1995 -999.9900    2.1802    2.1802    0.9847    0.6420    1.4969    0.2010    0.4260
   0    0.9765 -999.9900    1.9503    1.9503    1.3202    0.6333    1.3157    0.1103    0.2919
    
2023013100
   1 -999.9900 -999.9900 -999.9900 -999.9900 -999.9900 -999.9900 -999.9900 -999.9900 -999.9900
   1 -999.9900 -999.9900 -999.9900 -999.9900 -999.9900 -999.9900 -999.9900 -999.9900 -999.9900
   1 -999.9900 -999.9900 -999.9900 -999.9900 -999.9900 -999.9900 -999.9900 -999.9900 -999.9900
   1 -999.9900 -999.9900 -999.9900 -999.9900 -999.9900 -999.9900 -999.9900 -999.9900 -999.9900
    
2023020100
   1 -999.9900 -999.9900 -999.9900 -999.9900 -999.9900 -999.9900 -999.9900 -999.9900 -999.9900
   1 -999.9900 -999.9900 -999.9900 -999.9900 -999.9900 -999.9900 -999.9900 -999.9900 -999.9900
   1 -999.9900 -999.9900 -999.9900 -999.9900 -999.9900 -999.9900 -999.9900 -999.9900 -999.9900
   0    0.8691 -999.9900    1.7209    1.7209    1.4226   -0.1169    1.1969    0.1623    0.1372
    
2023020200
   0    1.0255 -999.9900    1.7722    1.7722    0.7988    0.0379    1.2761    0.2712    0.3032
   0    0.8144 -999.9900    1.5535    1.5535    1.3475   -0.2652    1.1009    0.1907    0.1129
   0    1.0291 -999.9900    1.7743    1.7743    0.8017    0.0403    1.2792    0.2661    0.3013
   0    0.8182 -999.9900    1.5545    1.5545    1.3171   -0.2032    1.1047    0.1895    0.1227
    
2023020300
   0    0.9474 -999.9900    1.7025    1.7025    0.8334    0.0893    1.1784    0.2466    0.3077
   0    0.7879 -999.9900    1.5248    1.5248    1.2863   -0.0012    1.0852    0.1642    0.1545
   0    0.9458 -999.9900    1.6984    1.6984    0.8075    0.1124    1.1735    0.2433    0.3140
   0    0.7843 -999.9900    1.5184    1.5184    1.2518    0.0307    1.0757    0.1640    0.1635
    
2023020400
   0    0.9544 -999.9900    1.6797    1.6797    1.0066   -0.4023    1.2304    0.3013    0.1978
   0    0.8530 -999.9900    1.6086    1.6086    1.4650   -0.5187    1.1753    0.2002    0.0926
   0    0.9457 -999.9900    1.6852    1.6852    1.0388   -0.3791    1.2279    0.2825    0.2006
   0    0.8329 -999.9900    1.5731    1.5731    1.4610   -0.4817    1.1517    0.1884    0.0965
    
2023020500
   0    1.1496 -999.9900    1.9336    1.9336    0.9013   -0.2827    1.4047    0.3214    0.2626
   0    0.8522 -999.9900    1.6168    1.6168    1.3415   -0.3260    1.1425    0.1929    0.1051
   0    1.1486 -999.9900    1.9353    1.9353    0.8806   -0.2890    1.4048    0.3213    0.2670
   0    0.8721 -999.9900    1.6491    1.6491    1.3070   -0.3212    1.1709    0.1993    0.1160
    
2023020600
   0    1.0617 -999.9900    1.7379    1.7379    0.7158   -0.3295    1.2998    0.3937    0.2437
   0    0.8601 -999.9900    1.5551    1.5551    1.1963   -0.2944    1.1592    0.2518    0.1359
   0    1.0648 -999.9900    1.7464    1.7464    0.7097   -0.3366    1.3053    0.3919    0.2427
   0    0.8696 -999.9900    1.5654    1.5654    1.1636   -0.3058    1.1695    0.2627    0.1408
    
2023020700
   0    0.9820 -999.9900    1.6691    1.6691    0.6398   -0.1358    1.1877    0.3178    0.2880
   0    0.7978 -999.9900    1.4915    1.4915    1.1459   -0.0586    1.0765    0.1833    0.1583
   0    0.9790 -999.9900    1.6707    1.6707    0.6353   -0.1418    1.1857    0.3167    0.2854
   0    0.7868 -999.9900    1.4844    1.4844    1.1089    0.0031    1.0522    0.1677    0.1787
    
2023020800
   0    1.0130 -999.9900    1.7387    1.7387    0.8185   -0.1220    1.2526    0.3223    0.2808
   0    0.7525 -999.9900    1.4216    1.4216    1.3317    0.2004    1.0200    0.1254    0.1788
   0    1.0086 -999.9900    1.7344    1.7344    0.8430   -0.1233    1.2487    0.3192    0.2783
   0    0.7648 -999.9900    1.4454    1.4454    1.3054    0.1351    1.0394    0.1385    0.1820
    
2023020900
   1 -999.9900 -999.9900 -999.9900 -999.9900 -999.9900 -999.9900 -999.9900 -999.9900 -999.9900
   1 -999.9900 -999.9900 -999.9900 -999.9900 -999.9900 -999.9900 -999.9900 -999.9900 -999.9900
   1 -999.9900 -999.9900 -999.9900 -999.9900 -999.9900 -999.9900 -999.9900 -999.9900 -999.9900
   1 -999.9900 -999.9900 -999.9900 -999.9900 -999.9900 -999.9900 -999.9900 -999.9900 -999.9900
    
2023021000
   0    1.0242 -999.9900    1.7854    1.7854    0.6938   -0.2038    1.2351    0.2904    0.3024
   0    0.7873 -999.9900    1.4948    1.4948    1.1530   -0.1216    1.0733    0.1728    0.1741
   0    1.0191 -999.9900    1.7789    1.7789    0.6954   -0.1917    1.2324    0.2892    0.3009
   0    0.7976 -999.9900    1.5198    1.5198    1.1255   -0.1309    1.0830    0.1800    0.1790
    
2023021100
   1 -999.9900 -999.9900 -999.9900 -999.9900 -999.9900 -999.9900 -999.9900 -999.9900 -999.9900
   1 -999.9900 -999.9900 -999.9900 -999.9900 -999.9900 -999.9900 -999.9900 -999.9900 -999.9900
   1 -999.9900 -999.9900 -999.9900 -999.9900 -999.9900 -999.9900 -999.9900 -999.9900 -999.9900
   1 -999.9900 -999.9900 -999.9900 -999.9900 -999.9900 -999.9900 -999.9900 -999.9900 -999.9900
    
2023021200
   0    1.0155 -999.9900    1.7257    1.7257    0.7555   -0.4260    1.2598    0.3690    0.2167
   0    0.7539 -999.9900    1.3758    1.3758    1.1791   -0.3160    1.0326    0.2222    0.1061
   0    1.0027 -999.9900    1.7077    1.7077    0.7520   -0.3861    1.2450    0.3544    0.2237
   0    0.7684 -999.9900    1.4105    1.4105    1.1450   -0.3141    1.0507    0.2271    0.1164
    
2023021300
   0    1.0148 -999.9900    1.7180    1.7180    0.7289   -0.5300    1.2454    0.3812    0.2161
   0    0.7929 -999.9900    1.4277    1.4277    1.1286   -0.4414    1.0685    0.2439    0.1114
   0    1.0144 -999.9900    1.7084    1.7084    0.7143   -0.5291    1.2431    0.3859    0.2162
   0    0.8065 -999.9900    1.4559    1.4559    1.0950   -0.4587    1.0835    0.2554    0.1169
    
2023021400
   0    0.9526 -999.9900    1.6407    1.6407    0.8170   -0.0319    1.2048    0.2979    0.2368
   0    0.8323 -999.9900    1.5280    1.5280    1.1150    0.0379    1.1190    0.2023    0.1714
   0    0.9560 -999.9900    1.6478    1.6478    0.8326   -0.0701    1.2157    0.2921    0.2219
   0    0.8349 -999.9900    1.5293    1.5293    1.1091    0.0010    1.1195    0.2033    0.1625
    
2023021500
   0    1.0288 -999.9900    1.7485    1.7485    0.7628    0.2641    1.2643    0.2311    0.3346
   0    0.8799 -999.9900    1.6198    1.6198    1.1823    0.3266    1.1691    0.1420    0.2479
   0    1.0275 -999.9900    1.7478    1.7478    0.7732    0.2474    1.2654    0.2366    0.3308
   0    0.8805 -999.9900    1.6146    1.6146    1.1622    0.3042    1.1672    0.1474    0.2501
    
2023021600
   0    0.9106 -999.9900    1.6364    1.6364    0.9098    0.1887    1.1483    0.2505    0.3118
   0    0.7364 -999.9900    1.4496    1.4496    1.2748    0.2478    1.0117    0.1269    0.1814
   0    0.8942 -999.9900    1.6061    1.6061    0.9219    0.1335    1.1292    0.2519    0.2984
   0    0.7326 -999.9900    1.4304    1.4304    1.2631    0.2028    1.0024    0.1346    0.1805
    
2023021700
   0    1.0366 -999.9900    1.8253    1.8253    0.9386   -0.2333    1.2996    0.3018    0.2762
   0    0.7815 -999.9900    1.4738    1.4738    1.3103   -0.0886    1.0644    0.1498    0.1691
   0    1.0259 -999.9900    1.8040    1.8040    0.9068   -0.2375    1.2841    0.3054    0.2742
   0    0.7950 -999.9900    1.5034    1.5034    1.2714   -0.1200    1.0830    0.1617    0.1739
    
2023021800
   0    1.0177 -999.9900    1.7328    1.7328    0.9254   -0.0587    1.2668    0.2593    0.2928
   0    0.7663 -999.9900    1.4199    1.4199    1.3685   -0.0768    1.0484    0.1570    0.1478
   0    1.0205 -999.9900    1.7383    1.7383    0.9086   -0.0360    1.2667    0.2573    0.2961
   0    0.7759 -999.9900    1.4330    1.4330    1.3516   -0.0594    1.0630    0.1574    0.1592
    
2023021900
   0    0.9671 -999.9900    1.6309    1.6309    0.7735    0.0760    1.1976    0.2583    0.3122
   0    0.7347 -999.9900    1.3556    1.3556    1.1523   -0.0753    1.0033    0.1717    0.1487
   0    0.9559 -999.9900    1.6147    1.6147    0.7818    0.0403    1.1873    0.2589    0.2877
   0    0.7464 -999.9900    1.3749    1.3749    1.1285   -0.0666    1.0184    0.1792    0.1509
    
2023022000
   0    0.9088 -999.9900    1.5134    1.5134    0.7534   -0.1362    1.1262    0.3027    0.2734
   0    0.6987 -999.9900    1.2898    1.2898    1.1734   -0.1018    0.9529    0.1620    0.1378
   0    0.9114 -999.9900    1.5196    1.5196    0.7601   -0.1332    1.1326    0.3023    0.2750
   0    0.7108 -999.9900    1.3060    1.3060    1.1485   -0.1069    0.9681    0.1711    0.1470
    
2023022100
   0    0.9776 -999.9900    1.7124    1.7124    0.8810   -0.1557    1.2248    0.2955    0.2893
   0    0.7388 -999.9900    1.3922    1.3922    1.2689    0.0740    1.0156    0.1351    0.1903
   0    0.9901 -999.9900    1.7440    1.7440    0.8685   -0.1829    1.2430    0.3020    0.2855
   0    0.7569 -999.9900    1.4351    1.4351    1.2562    0.0117    1.0433    0.1462    0.1934
    
2023022200
   0    1.0095 -999.9900    1.7858    1.7858    0.8332    0.3813    1.2722    0.2069    0.3530
   0    0.8912 -999.9900    1.7537    1.7537    1.3662    0.5978    1.2331    0.0989    0.2508
   0    1.0089 -999.9900    1.7848    1.7848    0.8488    0.3546    1.2756    0.2115    0.3529
   0    0.8830 -999.9900    1.7197    1.7197    1.3382    0.5385    1.2162    0.1067    0.2502
    
2023022300
   0    1.2145 -999.9900    2.3210    2.3210    0.9783    0.3850    1.5233    0.2540    0.3471
   0    1.0576 -999.9900    2.3318    2.3318    1.4933    0.5737    1.4312    0.1341    0.2372
   0    1.2232 -999.9900    2.3258    2.3258    0.9721    0.3589    1.5286    0.2608    0.3397
   0    1.0587 -999.9900    2.3017    2.3017    1.4548    0.5202    1.4316    0.1490    0.2371
    
2023022400
   0    1.0164 -999.9900    1.8620    1.8620    1.1488    0.3775    1.3079    0.1960    0.3177
   0    0.8206 -999.9900    1.6638    1.6638    1.4994    0.3683    1.1204    0.0970    0.1689
   0    0.9904 -999.9900    1.8152    1.8152    1.1793    0.3020    1.2831    0.1962    0.3040
   0    0.8093 -999.9900    1.6255    1.6255    1.5079    0.3249    1.1084    0.1004    0.1664
    
2023022500
   0    1.0840 -999.9900    1.9281    1.9281    0.9940    0.2670    1.3887    0.2291    0.3309
   0    0.8644 -999.9900    1.6779    1.6779    1.4604    0.1222    1.1846    0.1240    0.1661
   0    1.0550 -999.9900    1.8796    1.8796    0.9915    0.2413    1.3597    0.2305    0.3236
   0    0.8552 -999.9900    1.6607    1.6607    1.4259    0.1359    1.1767    0.1274    0.1683
    
2023022600
   0    1.0930 -999.9900    1.8615    1.8615    0.8049   -0.1158    1.3567    0.3154    0.2626
   0    0.9067 -999.9900    1.7001    1.7001    1.2866   -0.2145    1.2340    0.1998    0.1450
   0    1.0856 -999.9900    1.8591    1.8591    0.8315   -0.0892    1.3528    0.3038    0.2634
   0    0.9077 -999.9900    1.6981    1.6981    1.2656   -0.1788    1.2322    0.1990    0.1527
    
2023022700
   0    1.1167 -999.9900    1.9071    1.9071    0.7663   -0.1188    1.3673    0.3130    0.2580
   0    0.8738 -999.9900    1.6310    1.6310    1.2054   -0.1424    1.1848    0.2157    0.1509
   0    1.1179 -999.9900    1.9075    1.9075    0.7596   -0.1070    1.3660    0.3100    0.2636
   0    0.8899 -999.9900    1.6588    1.6588    1.1765   -0.1307    1.1996    0.2210    0.1603
    
2023022800
   0    1.0089 -999.9900    1.7052    1.7052    0.7087   -0.1827    1.2447    0.3195    0.2750
   0    0.8307 -999.9900    1.5264    1.5264    1.0323   -0.1549    1.1185    0.2360    0.1746
   0    0.9967 -999.9900    1.6838    1.6838    0.7002   -0.1686    1.2326    0.3202    0.2736
   0    0.8355 -999.9900    1.5307    1.5307    1.0121   -0.1566    1.1236    0.2423    0.1781
    
2023030100
   0    0.8855 -999.9900    1.5354    1.5354    0.7076   -0.0557    1.0991    0.2620    0.2943
   0    0.7173 -999.9900    1.3402    1.3402    1.0024   -0.0608    0.9661    0.1869    0.1585
   0    0.8753 -999.9900    1.5149    1.5149    0.6948   -0.0349    1.0886    0.2572    0.2900
   0    0.7230 -999.9900    1.3478    1.3478    0.9755   -0.0473    0.9726    0.1879    0.1662
    
2023030200
   0    0.9793 -999.9900    1.7505    1.7505    0.8317   -0.1718    1.2286    0.3102    0.2384
   0    0.7755 -999.9900    1.4827    1.4827    1.1741    0.0104    1.0598    0.1876    0.1539
   0    0.9699 -999.9900    1.7375    1.7375    0.8403   -0.1597    1.2199    0.3038    0.2352
   1 -999.9900 -999.9900 -999.9900 -999.9900 -999.9900 -999.9900 -999.9900 -999.9900 -999.9900
    
2023030300
   1 -999.9900 -999.9900 -999.9900 -999.9900 -999.9900 -999.9900 -999.9900 -999.9900 -999.9900
   1 -999.9900 -999.9900 -999.9900 -999.9900 -999.9900 -999.9900 -999.9900 -999.9900 -999.9900
   1 -999.9900 -999.9900 -999.9900 -999.9900 -999.9900 -999.9900 -999.9900 -999.9900 -999.9900
   1 -999.9900 -999.9900 -999.9900 -999.9900 -999.9900 -999.9900 -999.9900 -999.9900 -999.9900
    
2023030400
   0    0.9399 -999.9900    1.6441    1.6441    0.7842   -0.1531    1.1781    0.2889    0.2676
   0    0.7436 -999.9900    1.4128    1.4128    1.1407   -0.1277    1.0192    0.1764    0.1563
   0    0.9471 -999.9900    1.6554    1.6554    0.7677   -0.1380    1.1825    0.2913    0.2707
   0    0.7533 -999.9900    1.4313    1.4313    1.1245   -0.1237    1.0311    0.1819    0.1644
    
2023030500
   0    0.9609 -999.9900    1.6210    1.6210    0.7365   -0.1675    1.1915    0.2901    0.2838
   0    0.8201 -999.9900    1.4833    1.4833    1.0731   -0.1600    1.1034    0.2157    0.1741
   0    0.9505 -999.9900    1.6062    1.6062    0.7246   -0.1428    1.1798    0.2835    0.2830
   0    0.8170 -999.9900    1.4769    1.4769    1.0486   -0.1466    1.0953    0.2155    0.1792
    
2023030600
   0    0.9068 -999.9900    1.5357    1.5357    0.7592   -0.2224    1.1483    0.3291    0.2253
   0    0.7503 -999.9900    1.3582    1.3582    1.0999   -0.0870    1.0185    0.2132    0.1407
   0    0.9008 -999.9900    1.5304    1.5304    0.7631   -0.2031    1.1445    0.3218    0.2321
   0    0.7537 -999.9900    1.3629    1.3629    1.0823   -0.1025    1.0222    0.2171    0.1443
    
2023030700
   0    0.9017 -999.9900    1.5965    1.5965    0.8198    0.1110    1.1439    0.2629    0.2770
   0    0.8113 -999.9900    1.5782    1.5782    1.1426    0.2830    1.0964    0.1494    0.1895
   0    0.8961 -999.9900    1.5840    1.5840    0.8272    0.1016    1.1358    0.2607    0.2750
   0    0.8004 -999.9900    1.5453    1.5453    1.1316    0.2429    1.0807    0.1544    0.1862
    
2023030800
   0    0.9899 -999.9900    1.9177    1.9177    0.9001    0.4195    1.2489    0.2130    0.3270
   0    0.8000 -999.9900    1.6913    1.6913    1.1810    0.3667    1.0848    0.1328    0.1893
   0    0.9863 -999.9900    1.9038    1.9038    0.8933    0.4233    1.2444    0.2085    0.3252
   0    0.8097 -999.9900    1.7040    1.7040    1.1676    0.3796    1.0969    0.1351    0.1989
    
2023030900
   0    0.9652 -999.9900    1.7527    1.7527    0.9433    0.2819    1.2279    0.2002    0.2930
   0    0.7733 -999.9900    1.5455    1.5455    1.2079    0.2694    1.0554    0.1218    0.1791
   0    0.9815 -999.9900    1.7798    1.7798    0.9243    0.3156    1.2466    0.1964    0.3010
   0    0.7959 -999.9900    1.5818    1.5818    1.1870    0.2922    1.0860    0.1227    0.1926
    
2023031000
   0    0.8405 -999.9900    1.5005    1.5005    0.8665   -0.0641    1.0817    0.2301    0.2365
   0    0.7007 -999.9900    1.3202    1.3202    1.1082   -0.0639    0.9677    0.1687    0.1429
   0    0.8369 -999.9900    1.4988    1.4988    0.8421   -0.0011    1.0759    0.2240    0.2495
   0    0.7038 -999.9900    1.3315    1.3315    1.0871   -0.0264    0.9714    0.1649    0.1555
    
2023031100
   0    0.8636 -999.9900    1.5264    1.5264    0.8996    0.2055    1.1019    0.1872    0.2965
   0    0.7226 -999.9900    1.3514    1.3514    1.2069    0.1681    0.9795    0.1188    0.1931
   0    0.8589 -999.9900    1.5179    1.5179    0.9088    0.1874    1.0984    0.1875    0.2891
   0    0.7269 -999.9900    1.3566    1.3566    1.1888    0.1647    0.9833    0.1208    0.1985
    
2023031200
   0    0.8625 -999.9900    1.5180    1.5180    0.8944   -0.0233    1.0988    0.2490    0.2473
   0    0.7026 -999.9900    1.3140    1.3140    1.1623   -0.0190    0.9547    0.1581    0.1464
   0    0.8549 -999.9900    1.5088    1.5088    0.8757   -0.0362    1.0910    0.2518    0.2438
   0    0.7075 -999.9900    1.3213    1.3213    1.1428   -0.0276    0.9589    0.1627    0.1545
    
2023031300
   0    0.8556 -999.9900    1.4720    1.4720    0.8525    0.1807    1.0656    0.2085    0.3219
   0    0.6864 -999.9900    1.2747    1.2747    1.1317    0.0833    0.9269    0.1299    0.1707
   0    0.8520 -999.9900    1.4719    1.4719    0.9017    0.1055    1.0691    0.2089    0.3037
   0    0.6980 -999.9900    1.2962    1.2962    1.1308    0.0575    0.9449    0.1344    0.1736
    
2023031400
   0    0.9516 -999.9900    1.6100    1.6100    0.8718    0.1509    1.1944    0.2289    0.3331
   0    0.7613 -999.9900    1.3936    1.3936    1.1681   -0.0256    1.0448    0.1656    0.1738
   0    0.9432 -999.9900    1.6035    1.6035    0.8976    0.1649    1.1908    0.2231    0.3283
   0    0.7668 -999.9900    1.4045    1.4045    1.1673    0.0182    1.0521    0.1636    0.1827
    
2023031500
   0    0.9467 -999.9900    1.6161    1.6161    0.9866   -0.1729    1.2077    0.2221    0.2590
   0    0.7991 -999.9900    1.4572    1.4572    1.1909   -0.1636    1.0838    0.1658    0.1586
   0    0.9416 -999.9900    1.6146    1.6146    0.9630   -0.1777    1.1990    0.2271    0.2573
   0    0.8038 -999.9900    1.4649    1.4649    1.1742   -0.1684    1.0874    0.1682    0.1634
    
2023031600
   0    0.9185 -999.9900    1.5683    1.5683    0.8993   -0.2009    1.1669    0.2957    0.2217
   0    0.7521 -999.9900    1.3975    1.3975    1.2200   -0.1106    1.0350    0.1881    0.1209
   0    0.9100 -999.9900    1.5559    1.5559    0.8798   -0.1606    1.1547    0.2902    0.2298
   0    0.7553 -999.9900    1.3972    1.3972    1.1897   -0.1045    1.0362    0.1934    0.1291
    
2023031700
   0    0.9409 -999.9900    1.5864    1.5864    0.8618    0.1126    1.1770    0.2592    0.2944
   0    0.7783 -999.9900    1.4823    1.4823    1.2046    0.2235    1.0679    0.1442    0.1896
   0    0.9401 -999.9900    1.5863    1.5863    0.8727    0.1036    1.1775    0.2606    0.2919
   0    0.7817 -999.9900    1.4721    1.4721    1.1912    0.1960    1.0712    0.1556    0.1896
    
2023031800
   0    0.8464 -999.9900    1.4634    1.4634    0.9411    0.2879    1.0835    0.2042    0.3044
   0    0.7472 -999.9900    1.3675    1.3675    1.3062    0.1825    1.0199    0.1231    0.1797
   0    0.8421 -999.9900    1.4587    1.4587    0.9570    0.2768    1.0800    0.2012    0.3021
   0    0.7402 -999.9900    1.3506    1.3506    1.2866    0.1969    1.0054    0.1232    0.1852
    
2023031900
   0    0.8805 -999.9900    1.5139    1.5139    0.9334   -0.0142    1.1190    0.2529    0.2427
   0    0.6997 -999.9900    1.2638    1.2638    1.3259   -0.1755    0.9431    0.1586    0.1076
   0    0.8719 -999.9900    1.5117    1.5117    0.9828   -0.0507    1.1149    0.2508    0.2256
   0    0.7031 -999.9900    1.2729    1.2729    1.3240   -0.1652    0.9486    0.1564    0.1107
    
2023032000
   0    0.8667 -999.9900    1.4930    1.4930    0.9522    0.0780    1.1232    0.2071    0.2674
   0    0.7122 -999.9900    1.3100    1.3100    1.2210    0.0059    0.9763    0.1374    0.1381
   0    0.8681 -999.9900    1.4996    1.4996    1.0025    0.0271    1.1270    0.2083    0.2505
   0    0.7221 -999.9900    1.3238    1.3238    1.2307   -0.0102    0.9899    0.1366    0.1407
    
2023032100
   0    0.9297 -999.9900    1.6027    1.6027    0.8733   -0.0990    1.1897    0.2643    0.2354
   0    0.7464 -999.9900    1.3632    1.3632    1.1710   -0.0025    1.0267    0.1751    0.1404
   0    0.9327 -999.9900    1.6098    1.6098    0.8554   -0.1087    1.1922    0.2687    0.2287
   0    0.7613 -999.9900    1.3928    1.3928    1.1446   -0.0277    1.0456    0.1814    0.1461
    
2023032200
   0    0.9663 -999.9900    1.6879    1.6879    0.8649   -0.0245    1.2346    0.2661    0.2503
   0    0.7719 -999.9900    1.4688    1.4688    1.2168    0.0790    1.0573    0.1544    0.1535
   0    0.9723 -999.9900    1.6987    1.6987    0.8607   -0.0427    1.2434    0.2695    0.2477
   0    0.7853 -999.9900    1.4861    1.4861    1.2013    0.0473    1.0740    0.1621    0.1570
    
2023032300
   0    0.9445 -999.9900    1.6987    1.6987    0.8344    0.2552    1.1972    0.2478    0.2979
   0    0.7934 -999.9900    1.5873    1.5873    1.2061    0.2645    1.0803    0.1569    0.1808
   0    0.9483 -999.9900    1.7068    1.7068    0.8152    0.2939    1.1994    0.2416    0.3076
   0    0.7982 -999.9900    1.5816    1.5816    1.1817    0.2859    1.0865    0.1591    0.1901
    
2023032400
   0    0.9386 -999.9900    1.6513    1.6513    0.7944    0.2961    1.1736    0.2372    0.3239
   0    0.7905 -999.9900    1.5095    1.5095    1.1098    0.2242    1.0676    0.1676    0.2056
   0    0.9449 -999.9900    1.6564    1.6564    0.7772    0.2770    1.1805    0.2405    0.3237
   0    0.7965 -999.9900    1.5159    1.5159    1.0866    0.2271    1.0732    0.1700    0.2154
    
2023032500
   0    0.9529 -999.9900    1.6912    1.6912    0.8191    0.0691    1.1960    0.2466    0.2878
   0    0.7907 -999.9900    1.5138    1.5138    1.1412   -0.0608    1.0605    0.1837    0.1671
   0    0.9613 -999.9900    1.7082    1.7082    0.8252    0.0713    1.2060    0.2438    0.2914
   0    0.7995 -999.9900    1.5324    1.5324    1.1310   -0.0334    1.0725    0.1827    0.1729
    
2023032600
   0    0.9899 -999.9900    1.6917    1.6917    0.8483    0.0382    1.2278    0.2400    0.3191
   0    0.8014 -999.9900    1.5120    1.5120    1.1207   -0.0797    1.0694    0.1776    0.1816
   0    0.9792 -999.9900    1.6765    1.6765    0.8337    0.0779    1.2195    0.2324    0.3258
   0    0.8049 -999.9900    1.5136    1.5136    1.1039   -0.0324    1.0772    0.1758    0.1928
    
2023032700
   0    0.8372 -999.9900    1.4655    1.4655    0.9012    0.0175    1.0549    0.2392    0.2788
   0    0.6797 -999.9900    1.2950    1.2950    1.1445   -0.0326    0.9141    0.1630    0.1452
   0    0.8380 -999.9900    1.4719    1.4719    0.8827    0.0574    1.0593    0.2349    0.2851
   0    0.6892 -999.9900    1.3115    1.3115    1.1212    0.0014    0.9278    0.1649    0.1553
    
2023032800
   0    0.8518 -999.9900    1.4955    1.4955    0.9132   -0.1121    1.0810    0.2647    0.2566
   0    0.6597 -999.9900    1.2493    1.2493    1.2283   -0.1251    0.9070    0.1544    0.1212
   0    0.8517 -999.9900    1.4988    1.4988    0.8709   -0.1051    1.0803    0.2722    0.2570
   0    0.6695 -999.9900    1.2721    1.2721    1.1904   -0.1184    0.9192    0.1667    0.1277
    
2023032900
   0    0.8175 -999.9900    1.4333    1.4333    0.8199   -0.1230    1.0454    0.2724    0.2605
   0    0.6632 -999.9900    1.2545    1.2545    1.1722   -0.1884    0.9079    0.1606    0.1327
   0    0.8152 -999.9900    1.4266    1.4266    0.8354   -0.1153    1.0427    0.2722    0.2630
   0    0.6676 -999.9900    1.2570    1.2570    1.1542   -0.1707    0.9128    0.1666    0.1426
    
2023033000
   0    0.7926 -999.9900    1.3920    1.3920    0.8622   -0.0279    1.0232    0.2495    0.2331
   0    0.6433 -999.9900    1.1959    1.1959    1.1532   -0.1058    0.8775    0.1594    0.1096
   0    0.7906 -999.9900    1.3902    1.3902    0.8440   -0.0126    1.0192    0.2449    0.2390
   0    0.6481 -999.9900    1.2075    1.2075    1.1267   -0.0810    0.8831    0.1629    0.1195
    
2023033100
   0    0.8989 -999.9900    1.5752    1.5752    0.8811   -0.0620    1.1496    0.2724    0.2353
   0    0.6964 -999.9900    1.3039    1.3039    1.2073   -0.0633    0.9567    0.1699    0.1252
   0    0.8874 -999.9900    1.5560    1.5560    0.8824   -0.0396    1.1383    0.2661    0.2339
   0    0.7041 -999.9900    1.3178    1.3178    1.1877   -0.0496    0.9675    0.1697    0.1313
    
2023040100
    
