2023010700
   1 -999.9900 -999.9900 -999.9900 -999.9900 -999.9900 -999.9900 -999.9900 -999.9900 -999.9900
   1 -999.9900 -999.9900 -999.9900 -999.9900 -999.9900 -999.9900 -999.9900 -999.9900 -999.9900
   1 -999.9900 -999.9900 -999.9900 -999.9900 -999.9900 -999.9900 -999.9900 -999.9900 -999.9900
   1 -999.9900 -999.9900 -999.9900 -999.9900 -999.9900 -999.9900 -999.9900 -999.9900 -999.9900
    
2023010800
   0    1.4956 -999.9900    2.5049    2.5049    1.0744   -0.7962    1.8445    0.3776    0.1631
   0    1.4978 -999.9900    2.5057    2.5057    1.0744   -0.8475    1.8477    0.3862    0.1562
   0    1.4888 -999.9900    2.5057    2.5057    1.0779   -0.7779    1.8399    0.3718    0.1579
   0    1.4885 -999.9900    2.5044    2.5044    1.0779   -0.8121    1.8403    0.3768    0.1539
    
2023010900
   0    1.3800 -999.9900    2.3798    2.3798    1.1363   -0.6480    1.7209    0.3395    0.1660
   0    1.3790 -999.9900    2.3818    2.3818    1.1363   -0.7000    1.7197    0.3461    0.1576
   0    1.3733 -999.9900    2.3750    2.3750    1.1451   -0.6331    1.7201    0.3344    0.1643
   0    1.3686 -999.9900    2.3709    2.3709    1.1451   -0.6696    1.7148    0.3386    0.1574
    
2023011000
   0    1.3334 -999.9900    2.2847    2.2847    1.0630   -0.6490    1.6633    0.3595    0.1628
   0    1.3273 -999.9900    2.2767    2.2767    1.0630   -0.7085    1.6572    0.3669    0.1553
   0    1.3181 -999.9900    2.2704    2.2704    1.0925   -0.6437    1.6531    0.3454    0.1588
   0    1.3108 -999.9900    2.2595    2.2595    1.0925   -0.6869    1.6455    0.3499    0.1537
    
2023011100
   0    1.5725 -999.9900    2.6630    2.6630    0.9687   -0.6994    1.8987    0.3669    0.2128
   0    1.5695 -999.9900    2.6574    2.6574    0.9687   -0.7373    1.8962    0.3732    0.2080
   0    1.5633 -999.9900    2.6539    2.6539    0.9826   -0.7238    1.8937    0.3686    0.2074
   0    1.5609 -999.9900    2.6496    2.6496    0.9826   -0.7482    1.8916    0.3724    0.2045
    
2023011200
   0    1.3213 -999.9900    2.2753    2.2753    0.8875   -0.6847    1.6253    0.3835    0.1918
   0    1.3269 -999.9900    2.2796    2.2796    0.8875   -0.7423    1.6316    0.3927    0.1843
   0    1.3201 -999.9900    2.2738    2.2738    0.8868   -0.6880    1.6258    0.3841    0.1890
   0    1.3201 -999.9900    2.2724    2.2724    0.8868   -0.7243    1.6261    0.3899    0.1840
    
2023011300
   0    1.2216 -999.9900    2.1212    2.1212    0.8538   -0.1620    1.4870    0.3148    0.2216
   0    1.2097 -999.9900    2.0786    2.0786    0.8538   -0.2693    1.4759    0.3299    0.2091
   0    1.2289 -999.9900    2.1342    2.1342    0.8453   -0.1605    1.4970    0.3188    0.2216
   0    1.2185 -999.9900    2.1002    2.1002    0.8453   -0.2319    1.4873    0.3291    0.2130
    
2023011400
   0    1.4782 -999.9900    2.7019    2.7019    0.7463   -0.3489    1.7245    0.3389    0.2286
   0    1.4459 -999.9900    2.6033    2.6033    0.7463   -0.5315    1.6927    0.3650    0.2092
   0    1.4744 -999.9900    2.6973    2.6973    0.7431   -0.3567    1.7232    0.3386    0.2305
   0    1.4479 -999.9900    2.6271    2.6271    0.7431   -0.4722    1.6973    0.3547    0.2201
    
2023011500
   0    1.2647 -999.9900    2.1892    2.1892    0.7941   -0.1572    1.5258    0.2859    0.2986
   0    1.2244 -999.9900    2.1015    2.1015    0.7941   -0.3418    1.4863    0.3099    0.2719
   0    1.2616 -999.9900    2.1862    2.1862    0.7977   -0.1690    1.5253    0.2889    0.2945
   0    1.2235 -999.9900    2.1077    2.1077    0.7977   -0.3042    1.4867    0.3057    0.2740
    
2023011600
   0    1.2298 -999.9900    2.0915    2.0915    0.9067   -0.5202    1.5117    0.3447    0.1749
   0    1.2165 -999.9900    2.0638    2.0638    0.9067   -0.6114    1.4966    0.3563    0.1616
   0    1.2197 -999.9900    2.0850    2.0850    0.9346   -0.5244    1.5054    0.3361    0.1698
   0    1.2081 -999.9900    2.0613    2.0613    0.9346   -0.5891    1.4927    0.3442    0.1608
    
2023011700
   0    1.2796 -999.9900    2.1411    2.1411    0.9493   -0.5077    1.5812    0.3303    0.2100
   0    1.2686 -999.9900    2.1241    2.1241    0.9493   -0.5816    1.5688    0.3384    0.1977
   0    1.2762 -999.9900    2.1420    2.1420    0.9246   -0.5062    1.5748    0.3311    0.2093
   0    1.2670 -999.9900    2.1276    2.1276    0.9246   -0.5569    1.5643    0.3365    0.2009
    
2023011800
   0    1.4266 -999.9900    2.4040    2.4040    0.8776   -0.4419    1.7265    0.3613    0.2445
   0    1.4032 -999.9900    2.3677    2.3677    0.8776   -0.5197    1.7023    0.3714    0.2301
   0    1.4276 -999.9900    2.4135    2.4135    0.8767   -0.4718    1.7271    0.3607    0.2372
   0    1.4107 -999.9900    2.3874    2.3874    0.8767   -0.5232    1.7097    0.3674    0.2275
    
2023011900
   0    1.4236 -999.9900    2.4393    2.4393    0.8644   -0.3968    1.7188    0.3131    0.2673
   0    1.4016 -999.9900    2.4072    2.4072    0.8644   -0.4803    1.6963    0.3254    0.2522
   0    1.4219 -999.9900    2.4454    2.4454    0.8877   -0.4073    1.7213    0.3062    0.2627
   0    1.4040 -999.9900    2.4193    2.4193    0.8877   -0.4643    1.7027    0.3137    0.2517
    
2023012000
   0    1.4173 -999.9900    2.3770    2.3770    1.0199   -0.5153    1.7360    0.3465    0.2426
   0    1.4075 -999.9900    2.3681    2.3681    1.0199   -0.5822    1.7259    0.3535    0.2330
   0    1.3987 -999.9900    2.3537    2.3537    1.0078   -0.4681    1.7123    0.3404    0.2453
   0    1.3909 -999.9900    2.3461    2.3461    1.0078   -0.5134    1.7040    0.3447    0.2390
    
2023012100
   1 -999.9900 -999.9900 -999.9900 -999.9900 -999.9900 -999.9900 -999.9900 -999.9900 -999.9900
   1 -999.9900 -999.9900 -999.9900 -999.9900 -999.9900 -999.9900 -999.9900 -999.9900 -999.9900
   1 -999.9900 -999.9900 -999.9900 -999.9900 -999.9900 -999.9900 -999.9900 -999.9900 -999.9900
   1 -999.9900 -999.9900 -999.9900 -999.9900 -999.9900 -999.9900 -999.9900 -999.9900 -999.9900
    
2023012200
   0    1.3326 -999.9900    2.2095    2.2095    0.9867   -0.1083    1.6487    0.2799    0.2927
   0    1.3326 -999.9900    2.2095    2.2095    0.9867   -0.1083    1.6487    0.2799    0.2927
   0    1.3405 -999.9900    2.2163    2.2163    0.9983   -0.1529    1.6631    0.2871    0.2870
   0    1.3244 -999.9900    2.1869    2.1869    0.9983   -0.2451    1.6482    0.2962    0.2778
    
2023012300
   0    1.2604 -999.9900    2.1659    2.1659    0.9316   -0.0975    1.5436    0.2691    0.2895
   0    1.2789 -999.9900    2.2059    2.2059    0.9316   -0.2458    1.5645    0.2878    0.2767
   0    1.2502 -999.9900    2.1479    2.1479    0.9308   -0.1180    1.5336    0.2722    0.2809
   0    1.2561 -999.9900    2.1625    2.1625    0.9308   -0.2192    1.5413    0.2846    0.2724
    
2023012400
   0    1.1656 -999.9900    1.9560    1.9560    0.8152   -0.1088    1.4248    0.3080    0.3027
   0    1.1634 -999.9900    1.9502    1.9502    0.8152   -0.2436    1.4224    0.3280    0.2807
   0    1.1564 -999.9900    1.9552    1.9552    0.8388   -0.1051    1.4194    0.3037    0.2915
   0    1.1486 -999.9900    1.9404    1.9404    0.8388   -0.1963    1.4114    0.3172    0.2762
    
2023012500
   0    1.2081 -999.9900    2.0761    2.0761    0.8687   -0.2869    1.4743    0.3359    0.2783
   0    1.1702 -999.9900    1.9855    1.9855    0.8687   -0.4940    1.4339    0.3605    0.2525
   0    1.2170 -999.9900    2.0862    2.0862    0.8652   -0.2953    1.4849    0.3410    0.2787
   0    1.1780 -999.9900    1.9955    1.9955    0.8652   -0.4455    1.4438    0.3577    0.2602
    
2023012600
   0    1.1616 -999.9900    2.0234    2.0234    0.8531    0.0258    1.4257    0.2837    0.3023
   0    1.1376 -999.9900    1.9363    1.9363    0.8531   -0.2662    1.3982    0.3147    0.2681
   0    1.1597 -999.9900    2.0300    2.0300    0.8642   -0.0096    1.4291    0.2852    0.2895
   0    1.1319 -999.9900    1.9355    1.9355    0.8642   -0.2173    1.3987    0.3067    0.2667
    
2023012700
   1 -999.9900 -999.9900 -999.9900 -999.9900 -999.9900 -999.9900 -999.9900 -999.9900 -999.9900
   1 -999.9900 -999.9900 -999.9900 -999.9900 -999.9900 -999.9900 -999.9900 -999.9900 -999.9900
   1 -999.9900 -999.9900 -999.9900 -999.9900 -999.9900 -999.9900 -999.9900 -999.9900 -999.9900
   1 -999.9900 -999.9900 -999.9900 -999.9900 -999.9900 -999.9900 -999.9900 -999.9900 -999.9900
    
2023012800
   0    1.2724 -999.9900    2.2931    2.2931    1.0457   -0.2832    1.5849    0.3042    0.2760
   0    1.2617 -999.9900    2.2889    2.2889    1.0457   -0.4307    1.5735    0.3248    0.2488
   0    1.2824 -999.9900    2.3277    2.3277    1.0174   -0.2896    1.5945    0.3040    0.2739
   0    1.2734 -999.9900    2.3174    2.3174    1.0174   -0.3704    1.5850    0.3160    0.2579
    
2023012900
   0    1.5586 -999.9900    2.7299    2.7299    0.9053    0.1234    1.8597    0.2633    0.3447
   0    1.5518 -999.9900    2.7118    2.7118    0.9053   -0.0673    1.8490    0.2787    0.3220
   0    1.5484 -999.9900    2.7193    2.7193    0.9128    0.1286    1.8482    0.2553    0.3402
   0    1.5404 -999.9900    2.6992    2.6992    0.9128   -0.0011    1.8374    0.2654    0.3251
    
2023013000
   0    1.3911 -999.9900    2.4565    2.4565    1.0108   -0.3676    1.6885    0.3004    0.2275
   0    1.4129 -999.9900    2.5076    2.5076    1.0108   -0.5672    1.7102    0.3167    0.2139
   0    1.3873 -999.9900    2.4623    2.4623    1.0101   -0.3483    1.6901    0.3009    0.2281
   0    1.3990 -999.9900    2.4867    2.4867    1.0101   -0.4895    1.7000    0.3118    0.2191
    
2023013100
   1 -999.9900 -999.9900 -999.9900 -999.9900 -999.9900 -999.9900 -999.9900 -999.9900 -999.9900
   1 -999.9900 -999.9900 -999.9900 -999.9900 -999.9900 -999.9900 -999.9900 -999.9900 -999.9900
   1 -999.9900 -999.9900 -999.9900 -999.9900 -999.9900 -999.9900 -999.9900 -999.9900 -999.9900
   1 -999.9900 -999.9900 -999.9900 -999.9900 -999.9900 -999.9900 -999.9900 -999.9900 -999.9900
    
2023020100
   1 -999.9900 -999.9900 -999.9900 -999.9900 -999.9900 -999.9900 -999.9900 -999.9900 -999.9900
   1 -999.9900 -999.9900 -999.9900 -999.9900 -999.9900 -999.9900 -999.9900 -999.9900 -999.9900
   0    1.1509 -999.9900    2.0267    2.0267    0.9415   -0.1170    1.4423    0.2881    0.2453
   0    1.1088 -999.9900    1.9456    1.9456    0.9415   -0.2036    1.3989    0.2973    0.2342
    
2023020200
   0    1.1512 -999.9900    1.9138    1.9138    0.8449   -0.1987    1.4172    0.3225    0.2367
   0    1.1441 -999.9900    1.8952    1.8952    0.8449   -0.2645    1.4095    0.3346    0.2254
   0    1.1434 -999.9900    1.9097    1.9097    0.8623   -0.1982    1.4100    0.3145    0.2298
   0    1.1346 -999.9900    1.8913    1.8913    0.8623   -0.2422    1.4011    0.3226    0.2218
    
2023020300
   0    1.2318 -999.9900    2.0609    2.0609    0.8273   -0.1724    1.5049    0.3472    0.2420
   0    1.1875 -999.9900    1.9818    1.9818    0.8273   -0.2797    1.4576    0.3592    0.2227
   0    1.2266 -999.9900    2.0610    2.0610    0.8295   -0.1716    1.5022    0.3423    0.2403
   0    1.1945 -999.9900    2.0027    2.0027    0.8295   -0.2433    1.4685    0.3504    0.2278
    
2023020400
   0    1.2175 -999.9900    1.9968    1.9968    0.8329   -0.0365    1.4818    0.2945    0.2847
   0    1.1892 -999.9900    1.9346    1.9346    0.8329   -0.1642    1.4537    0.3114    0.2689
   0    1.2117 -999.9900    1.9905    1.9905    0.8389   -0.0165    1.4790    0.2900    0.2839
   0    1.1855 -999.9900    1.9325    1.9325    0.8389   -0.1112    1.4529    0.3020    0.2725
    
2023020500
   0    1.2371 -999.9900    2.0657    2.0657    0.8281   -0.4949    1.5043    0.3607    0.2282
   0    1.2434 -999.9900    2.0763    2.0763    0.8281   -0.5780    1.5095    0.3739    0.2156
   0    1.2385 -999.9900    2.0701    2.0701    0.8362   -0.4901    1.5078    0.3561    0.2242
   0    1.2382 -999.9900    2.0710    2.0710    0.8362   -0.5507    1.5061    0.3651    0.2140
    
2023020600
   0    1.1802 -999.9900    1.9144    1.9144    0.8219   -0.1144    1.4462    0.3105    0.2878
   0    1.1582 -999.9900    1.8778    1.8778    0.8219   -0.1640    1.4233    0.3157    0.2794
   0    1.1728 -999.9900    1.9106    1.9106    0.8352   -0.0722    1.4393    0.3012    0.2902
   0    1.1548 -999.9900    1.8804    1.8804    0.8352   -0.1069    1.4204    0.3041    0.2847
    
2023020700
   0    1.2226 -999.9900    2.0107    2.0107    0.9726   -0.4552    1.5279    0.3574    0.2062
   0    1.2068 -999.9900    1.9895    1.9895    0.9726   -0.5174    1.5112    0.3665    0.1930
   0    1.2165 -999.9900    2.0032    2.0032    0.9562   -0.4202    1.5201    0.3522    0.2125
   0    1.2030 -999.9900    1.9850    1.9850    0.9562   -0.4628    1.5057    0.3576    0.2031
    
2023020800
   0    1.2011 -999.9900    1.9975    1.9975    1.0720   -0.1033    1.5162    0.2797    0.2344
   0    1.1763 -999.9900    1.9588    1.9588    1.0720   -0.1804    1.4899    0.2881    0.2212
   0    1.1964 -999.9900    1.9953    1.9953    1.0908   -0.1353    1.5198    0.2774    0.2261
   0    1.1782 -999.9900    1.9656    1.9656    1.0908   -0.1869    1.5006    0.2827    0.2176
    
2023020900
   1 -999.9900 -999.9900 -999.9900 -999.9900 -999.9900 -999.9900 -999.9900 -999.9900 -999.9900
   1 -999.9900 -999.9900 -999.9900 -999.9900 -999.9900 -999.9900 -999.9900 -999.9900 -999.9900
   1 -999.9900 -999.9900 -999.9900 -999.9900 -999.9900 -999.9900 -999.9900 -999.9900 -999.9900
   1 -999.9900 -999.9900 -999.9900 -999.9900 -999.9900 -999.9900 -999.9900 -999.9900 -999.9900
    
2023021000
   0    1.3215 -999.9900    2.2127    2.2127    0.9696   -0.2633    1.6034    0.3061    0.2377
   0    1.3033 -999.9900    2.1851    2.1851    0.9696   -0.3695    1.5845    0.3198    0.2245
   0    1.3177 -999.9900    2.2031    2.2031    0.9604   -0.2790    1.6027    0.3079    0.2371
   0    1.3005 -999.9900    2.1774    2.1774    0.9604   -0.3524    1.5845    0.3163    0.2289
    
2023021100
   1 -999.9900 -999.9900 -999.9900 -999.9900 -999.9900 -999.9900 -999.9900 -999.9900 -999.9900
   1 -999.9900 -999.9900 -999.9900 -999.9900 -999.9900 -999.9900 -999.9900 -999.9900 -999.9900
   1 -999.9900 -999.9900 -999.9900 -999.9900 -999.9900 -999.9900 -999.9900 -999.9900 -999.9900
   1 -999.9900 -999.9900 -999.9900 -999.9900 -999.9900 -999.9900 -999.9900 -999.9900 -999.9900
    
2023021200
   0    1.2159 -999.9900    2.0446    2.0446    0.9365    0.1666    1.5040    0.2641    0.3231
   0    1.1633 -999.9900    1.9203    1.9203    0.9365   -0.0057    1.4509    0.2841    0.3008
   0    1.2031 -999.9900    2.0261    2.0261    0.9239    0.1736    1.4852    0.2586    0.3268
   0    1.1612 -999.9900    1.9269    1.9269    0.9239    0.0570    1.4428    0.2717    0.3120
    
2023021300
   0    1.1162 -999.9900    1.8629    1.8629    1.0216   -0.2118    1.4210    0.2955    0.2173
   0    1.0915 -999.9900    1.8240    1.8240    1.0216   -0.3395    1.3974    0.3136    0.1995
   0    1.1170 -999.9900    1.8650    1.8650    1.0140   -0.2077    1.4229    0.2925    0.2226
   0    1.0926 -999.9900    1.8263    1.8263    1.0140   -0.2990    1.3989    0.3044    0.2097
    
2023021400
   0    1.2000 -999.9900    2.0092    2.0092    1.0045   -0.2175    1.5132    0.2806    0.2568
   0    1.1917 -999.9900    1.9972    1.9972    1.0045   -0.3136    1.5055    0.2977    0.2391
   0    1.1853 -999.9900    1.9902    1.9902    0.9768   -0.2117    1.4939    0.2815    0.2576
   0    1.1766 -999.9900    1.9776    1.9776    0.9768   -0.2767    1.4850    0.2926    0.2450
    
2023021500
   0    1.1109 -999.9900    1.8336    1.8336    0.8370   -0.0833    1.3730    0.2872    0.2826
   0    1.0950 -999.9900    1.8178    1.8178    0.8370   -0.1469    1.3563    0.2975    0.2670
   0    1.1080 -999.9900    1.8266    1.8266    0.8084   -0.1008    1.3696    0.2963    0.2798
   0    1.0940 -999.9900    1.8113    1.8113    0.8084   -0.1438    1.3549    0.3026    0.2688
    
2023021600
   0    1.0509 -999.9900    1.6937    1.6937    0.7050   -0.0380    1.2798    0.2947    0.3125
   0    1.0449 -999.9900    1.6766    1.6766    0.7050   -0.1222    1.2705    0.3081    0.2993
   0    1.0460 -999.9900    1.6896    1.6896    0.7045   -0.0630    1.2781    0.2974    0.3017
   0    1.0405 -999.9900    1.6748    1.6748    0.7045   -0.1125    1.2705    0.3055    0.2949
    
2023021700
   0    1.1255 -999.9900    1.8481    1.8481    0.8915    0.1669    1.3835    0.2208    0.3624
   0    1.0874 -999.9900    1.7537    1.7537    0.8915    0.0538    1.3425    0.2336    0.3478
   0    1.1219 -999.9900    1.8453    1.8453    0.8869    0.1470    1.3749    0.2261    0.3564
   0    1.0924 -999.9900    1.7667    1.7667    0.8869    0.0723    1.3442    0.2345    0.3496
    
2023021800
   0    1.0100 -999.9900    1.7216    1.7216    0.9529   -0.1720    1.2725    0.2801    0.2555
   0    0.9955 -999.9900    1.6932    1.6932    0.9529   -0.2507    1.2575    0.2942    0.2400
   0    1.0072 -999.9900    1.7162    1.7162    0.9473   -0.1591    1.2688    0.2784    0.2571
   0    0.9928 -999.9900    1.6889    1.6889    0.9473   -0.2119    1.2542    0.2875    0.2461
    
2023021900
   0    0.9621 -999.9900    1.6474    1.6474    0.9644   -0.2237    1.2269    0.2773    0.2394
   0    0.9369 -999.9900    1.5932    1.5932    0.9644   -0.3046    1.2001    0.2895    0.2232
   0    0.9579 -999.9900    1.6386    1.6386    0.9590   -0.2226    1.2205    0.2773    0.2412
   0    0.9391 -999.9900    1.5971    1.5971    0.9590   -0.2737    1.2004    0.2848    0.2309
    
2023022000
   0    1.0747 -999.9900    1.7952    1.7952    0.9270    0.0402    1.3458    0.2627    0.3020
   0    1.0640 -999.9900    1.7697    1.7697    0.9270   -0.0660    1.3348    0.2796    0.2865
   0    1.0708 -999.9900    1.7949    1.7949    0.9385    0.0352    1.3418    0.2599    0.2974
   0    1.0612 -999.9900    1.7718    1.7718    0.9385   -0.0355    1.3320    0.2705    0.2875
    
2023022100
   0    1.1316 -999.9900    1.9606    1.9606    0.8715   -0.1264    1.3959    0.2828    0.2763
   0    1.1448 -999.9900    1.9803    1.9803    0.8715   -0.1936    1.4118    0.2956    0.2686
   0    1.1239 -999.9900    1.9585    1.9585    0.8868   -0.1240    1.3884    0.2779    0.2701
   0    1.1316 -999.9900    1.9687    1.9687    0.8868   -0.1673    1.3985    0.2870    0.2649
    
2023022200
   0    1.3991 -999.9900    2.2875    2.2875    0.8527   -0.1172    1.6817    0.3029    0.3678
   0    1.4042 -999.9900    2.3082    2.3082    0.8527   -0.1837    1.6849    0.3101    0.3530
   0    1.3881 -999.9900    2.2628    2.2628    0.8519   -0.1192    1.6699    0.3020    0.3555
   0    1.3916 -999.9900    2.2758    2.2758    0.8519   -0.1613    1.6721    0.3067    0.3479
    
2023022300
   0    1.3068 -999.9900    2.2598    2.2598    0.8604   -0.4458    1.5829    0.3040    0.3141
   0    1.2995 -999.9900    2.2649    2.2649    0.8604   -0.4844    1.5750    0.3080    0.3068
   0    1.2939 -999.9900    2.2419    2.2419    0.8462   -0.4603    1.5701    0.3096    0.3093
   0    1.2889 -999.9900    2.2441    2.2441    0.8462   -0.4841    1.5646    0.3117    0.3054
    
2023022400
   0    1.4334 -999.9900    2.5371    2.5371    1.0391   -0.6821    1.7480    0.3333    0.2591
   0    1.4260 -999.9900    2.5332    2.5332    1.0391   -0.7089    1.7401    0.3359    0.2481
   0    1.4327 -999.9900    2.5197    2.5197    1.0129   -0.6812    1.7446    0.3385    0.2588
   0    1.4270 -999.9900    2.5166    2.5166    1.0129   -0.6977    1.7383    0.3398    0.2516
    
2023022500
   0    1.2527 -999.9900    2.1030    2.1030    0.9182   -0.3089    1.5377    0.3250    0.2458
   0    1.2492 -999.9900    2.0827    2.0827    0.9182   -0.3458    1.5342    0.3299    0.2420
   0    1.2522 -999.9900    2.1079    2.1079    0.9341   -0.3181    1.5444    0.3246    0.2417
   0    1.2481 -999.9900    2.0900    2.0900    0.9341   -0.3404    1.5404    0.3276    0.2402
    
2023022600
   0    1.2762 -999.9900    2.0987    2.0987    1.0024   -0.0817    1.5803    0.2802    0.2922
   0    1.2786 -999.9900    2.0987    2.0987    1.0024   -0.1426    1.5816    0.2923    0.2805
   0    1.2671 -999.9900    2.0889    2.0889    0.9815   -0.0500    1.5667    0.2748    0.2974
   0    1.2650 -999.9900    2.0836    2.0836    0.9815   -0.0870    1.5639    0.2822    0.2900
    
2023022700
   0    1.3155 -999.9900    2.1589    2.1589    0.9441   -0.0990    1.6147    0.2880    0.3552
   0    1.3088 -999.9900    2.1521    2.1521    0.9441   -0.1339    1.6077    0.2920    0.3486
   0    1.3121 -999.9900    2.1521    2.1521    0.9332   -0.0955    1.6095    0.2874    0.3541
   0    1.3072 -999.9900    2.1472    2.1472    0.9332   -0.1172    1.6043    0.2899    0.3496
    
2023022800
   0    1.2017 -999.9900    1.9388    1.9388    0.7921    0.0325    1.4582    0.2575    0.3793
   0    1.2030 -999.9900    1.9380    1.9380    0.7921    0.0092    1.4602    0.2626    0.3772
   0    1.1904 -999.9900    1.9251    1.9251    0.8015    0.0570    1.4512    0.2526    0.3789
   0    1.1912 -999.9900    1.9246    1.9246    0.8015    0.0410    1.4530    0.2566    0.3774
    
2023030100
   0    1.1224 -999.9900    1.8515    1.8515    0.8708    0.0721    1.3861    0.2640    0.3432
   0    1.1240 -999.9900    1.8398    1.8398    0.8708    0.0496    1.3880    0.2693    0.3410
   0    1.1112 -999.9900    1.8446    1.8446    0.8751    0.0890    1.3776    0.2573    0.3430
   0    1.1156 -999.9900    1.8393    1.8393    0.8751    0.0772    1.3830    0.2614    0.3435
    
2023030200
   0    1.1278 -999.9900    1.8529    1.8529    0.9398    0.1043    1.4197    0.2569    0.2974
   0    1.1102 -999.9900    1.8142    1.8142    0.9398    0.0595    1.4022    0.2623    0.2923
   0    1.1222 -999.9900    1.8404    1.8404    0.9075    0.1081    1.4108    0.2603    0.3018
   0    1.1093 -999.9900    1.8122    1.8122    0.9075    0.0809    1.3978    0.2629    0.2990
    
2023030300
   1 -999.9900 -999.9900 -999.9900 -999.9900 -999.9900 -999.9900 -999.9900 -999.9900 -999.9900
   1 -999.9900 -999.9900 -999.9900 -999.9900 -999.9900 -999.9900 -999.9900 -999.9900 -999.9900
   1 -999.9900 -999.9900 -999.9900 -999.9900 -999.9900 -999.9900 -999.9900 -999.9900 -999.9900
   1 -999.9900 -999.9900 -999.9900 -999.9900 -999.9900 -999.9900 -999.9900 -999.9900 -999.9900
    
2023030400
   0    1.1143 -999.9900    1.7937    1.7937    0.8132    0.1880    1.3634    0.2584    0.3622
   0    1.0990 -999.9900    1.7662    1.7662    0.8132    0.1358    1.3471    0.2646    0.3513
   0    1.1081 -999.9900    1.7933    1.7933    0.8312    0.1688    1.3621    0.2587    0.3571
   0    1.0980 -999.9900    1.7748    1.7748    0.8312    0.1354    1.3512    0.2624    0.3502
    
2023030500
   0    1.2255 -999.9900    2.0460    2.0460    0.8453   -0.0383    1.4914    0.2731    0.3498
   0    1.2231 -999.9900    2.0438    2.0438    0.8453   -0.0921    1.4906    0.2828    0.3390
   0    1.2180 -999.9900    2.0318    2.0318    0.8280   -0.0141    1.4813    0.2689    0.3547
   0    1.2147 -999.9900    2.0278    2.0278    0.8280   -0.0512    1.4786    0.2751    0.3467
    
2023030600
   0    1.1922 -999.9900    1.9846    1.9846    0.8927   -0.1898    1.4509    0.3086    0.2922
   0    1.1944 -999.9900    1.9951    1.9951    0.8927   -0.2536    1.4548    0.3173    0.2831
   0    1.1928 -999.9900    1.9880    1.9880    0.9069   -0.1880    1.4545    0.3059    0.2901
   0    1.1914 -999.9900    1.9894    1.9894    0.9069   -0.2313    1.4541    0.3115    0.2838
    
2023030700
   0    1.2467 -999.9900    2.0416    2.0416    0.8403   -0.2739    1.5088    0.3519    0.2914
   0    1.2399 -999.9900    2.0205    2.0205    0.8403   -0.3173    1.4999    0.3568    0.2858
   0    1.2515 -999.9900    2.0516    2.0516    0.8388   -0.2846    1.5155    0.3525    0.2866
   0    1.2466 -999.9900    2.0342    2.0342    0.8388   -0.3105    1.5094    0.3550    0.2837
    
2023030800
   0    1.1026 -999.9900    1.8782    1.8782    0.8952   -0.0240    1.3525    0.2924    0.2883
   0    1.0931 -999.9900    1.8641    1.8641    0.8952   -0.0653    1.3411    0.2983    0.2782
   0    1.0939 -999.9900    1.8677    1.8677    0.9144   -0.0191    1.3479    0.2899    0.2856
   0    1.0880 -999.9900    1.8591    1.8591    0.9144   -0.0440    1.3400    0.2933    0.2797
    
2023030900
   0    1.0997 -999.9900    1.8410    1.8410    0.8667   -0.3591    1.3537    0.3441    0.2446
   0    1.0919 -999.9900    1.8353    1.8353    0.8667   -0.3983    1.3432    0.3489    0.2334
   0    1.0961 -999.9900    1.8542    1.8542    0.9079   -0.3333    1.3586    0.3300    0.2442
   0    1.0906 -999.9900    1.8495    1.8495    0.9079   -0.3569    1.3513    0.3324    0.2369
    
2023031000
   0    1.1929 -999.9900    2.0638    2.0638    0.7088   -0.2159    1.4353    0.3544    0.2681
   0    1.1860 -999.9900    2.0553    2.0553    0.7088   -0.2471    1.4273    0.3591    0.2558
   0    1.1894 -999.9900    2.0691    2.0691    0.7160   -0.2199    1.4354    0.3520    0.2641
   0    1.1825 -999.9900    2.0608    2.0608    0.7160   -0.2378    1.4278    0.3544    0.2556
    
2023031100
   0    1.1347 -999.9900    1.8550    1.8550    0.7438   -0.2450    1.3645    0.3675    0.2540
   0    1.1316 -999.9900    1.8511    1.8511    0.7438   -0.2708    1.3596    0.3703    0.2463
   0    1.1437 -999.9900    1.8662    1.8662    0.7266   -0.2480    1.3738    0.3691    0.2563
   0    1.1400 -999.9900    1.8610    1.8610    0.7266   -0.2652    1.3690    0.3708    0.2504
    
2023031200
   0    1.1260 -999.9900    1.9134    1.9134    0.7364   -0.1595    1.3549    0.3164    0.2533
   0    1.1230 -999.9900    1.9088    1.9088    0.7364   -0.1706    1.3526    0.3178    0.2522
   0    1.1279 -999.9900    1.9165    1.9165    0.7534   -0.1798    1.3589    0.3174    0.2474
   0    1.1259 -999.9900    1.9134    1.9134    0.7534   -0.1853    1.3573    0.3181    0.2467
    
2023031300
   0    1.1933 -999.9900    2.0401    2.0401    0.6624   -0.3150    1.4097    0.3050    0.2935
   0    1.1964 -999.9900    2.0445    2.0445    0.6624   -0.3375    1.4136    0.3104    0.2885
   0    1.1828 -999.9900    2.0287    2.0287    0.6693   -0.3157    1.4007    0.3016    0.2919
   0    1.1842 -999.9900    2.0311    2.0311    0.6693   -0.3294    1.4024    0.3044    0.2890
    
2023031400
   0    1.0609 -999.9900    1.7669    1.7669    0.7480   -0.1378    1.2924    0.3038    0.2716
   0    1.0617 -999.9900    1.7661    1.7661    0.7480   -0.1473    1.2931    0.3056    0.2698
   0    1.0610 -999.9900    1.7695    1.7695    0.7625   -0.1457    1.2944    0.3011    0.2680
   0    1.0621 -999.9900    1.7694    1.7694    0.7625   -0.1499    1.2954    0.3020    0.2673
    
2023031500
   0    1.0718 -999.9900    1.7169    1.7169    0.7113   -0.1414    1.3051    0.3564    0.2659
   0    1.0702 -999.9900    1.7127    1.7127    0.7113   -0.1591    1.3035    0.3591    0.2633
   0    1.0729 -999.9900    1.7168    1.7168    0.7041   -0.1406    1.3046    0.3576    0.2677
   0    1.0716 -999.9900    1.7132    1.7132    0.7041   -0.1526    1.3033    0.3596    0.2661
    
2023031600
   0    1.1738 -999.9900    1.8670    1.8670    0.8061   -0.1426    1.4350    0.3198    0.3053
   0    1.1687 -999.9900    1.8599    1.8599    0.8061   -0.1771    1.4297    0.3252    0.2983
   0    1.1769 -999.9900    1.8680    1.8680    0.7915   -0.1362    1.4359    0.3223    0.3078
   0    1.1723 -999.9900    1.8614    1.8614    0.7915   -0.1547    1.4314    0.3255    0.3041
    
2023031700
   0    1.2883 -999.9900    2.0505    2.0505    0.8017   -0.0960    1.5370    0.3292    0.3281
   0    1.2704 -999.9900    2.0303    2.0303    0.8017   -0.1532    1.5169    0.3371    0.3131
   0    1.2889 -999.9900    2.0523    2.0523    0.7867   -0.0976    1.5372    0.3307    0.3294
   0    1.2763 -999.9900    2.0386    2.0386    0.7867   -0.1320    1.5224    0.3355    0.3190
    
2023031800
   0    1.3073 -999.9900    2.0959    2.0959    0.8498   -0.3709    1.5574    0.3744    0.2593
   0    1.2990 -999.9900    2.0846    2.0846    0.8498   -0.4209    1.5496    0.3839    0.2501
   0    1.3034 -999.9900    2.0873    2.0873    0.8328   -0.3695    1.5517    0.3764    0.2571
   0    1.2969 -999.9900    2.0781    2.0781    0.8328   -0.3985    1.5447    0.3808    0.2519
    
2023031900
   0    1.0695 -999.9900    1.7809    1.7809    0.8093   -0.2073    1.3076    0.3244    0.2516
   0    1.0760 -999.9900    1.7829    1.7829    0.8093   -0.2312    1.3148    0.3324    0.2490
   0    1.0701 -999.9900    1.7824    1.7824    0.8044   -0.2096    1.3104    0.3256    0.2492
   0    1.0738 -999.9900    1.7829    1.7829    0.8044   -0.2216    1.3145    0.3302    0.2482
    
2023032000
   0    1.1638 -999.9900    1.8576    1.8576    0.8919   -0.0549    1.4309    0.2856    0.3129
   0    1.1626 -999.9900    1.8555    1.8555    0.8919   -0.0565    1.4305    0.2862    0.3130
   0    1.1595 -999.9900    1.8567    1.8567    0.8943   -0.0830    1.4322    0.2888    0.3057
   0    1.1587 -999.9900    1.8552    1.8552    0.8943   -0.0803    1.4319    0.2884    0.3064
    
2023032100
   0    1.1833 -999.9900    1.8787    1.8787    0.8290   -0.0195    1.4447    0.2814    0.3502
   0    1.1861 -999.9900    1.8808    1.8808    0.8290   -0.0242    1.4473    0.2823    0.3478
   0    1.1677 -999.9900    1.8680    1.8680    0.8643   -0.0559    1.4350    0.2811    0.3310
   0    1.1703 -999.9900    1.8702    1.8702    0.8643   -0.0569    1.4376    0.2816    0.3304
    
2023032200
   0    1.1295 -999.9900    1.8187    1.8187    0.7995   -0.0406    1.3767    0.2847    0.3047
   0    1.1311 -999.9900    1.8196    1.8196    0.7995   -0.0392    1.3785    0.2849    0.3050
   0    1.1210 -999.9900    1.8109    1.8109    0.8119   -0.0347    1.3684    0.2796    0.3002
   0    1.1225 -999.9900    1.8119    1.8119    0.8119   -0.0331    1.3701    0.2796    0.3005
    
2023032300
   0    0.9949 -999.9900    1.6577    1.6577    0.8067   -0.1193    1.2430    0.3024    0.2745
   0    0.9953 -999.9900    1.6589    1.6589    0.8067   -0.1266    1.2436    0.3035    0.2736
   0    0.9891 -999.9900    1.6538    1.6538    0.8039   -0.1120    1.2408    0.2980    0.2762
   0    0.9891 -999.9900    1.6540    1.6540    0.8039   -0.1151    1.2410    0.2984    0.2759
    
2023032400
   0    1.0983 -999.9900    1.7973    1.7973    0.8447   -0.2507    1.3463    0.3222    0.2631
   0    1.0958 -999.9900    1.7960    1.7960    0.8447   -0.2571    1.3434    0.3228    0.2605
   0    1.0952 -999.9900    1.7955    1.7955    0.8425   -0.2709    1.3443    0.3248    0.2545
   0    1.0936 -999.9900    1.7947    1.7947    0.8425   -0.2739    1.3424    0.3250    0.2533
    
2023032500
   0    1.0277 -999.9900    1.7941    1.7941    0.7308   -0.2180    1.2600    0.3155    0.2981
   0    1.0243 -999.9900    1.7888    1.7888    0.7308   -0.2343    1.2559    0.3171    0.2952
   0    1.0223 -999.9900    1.7825    1.7825    0.7490   -0.2214    1.2576    0.3157    0.2953
   0    1.0186 -999.9900    1.7769    1.7769    0.7490   -0.2321    1.2533    0.3166    0.2930
    
2023032600
   0    1.0345 -999.9900    1.7942    1.7942    0.7698   -0.3139    1.2807    0.3265    0.2804
   0    1.0287 -999.9900    1.7946    1.7946    0.7698   -0.3347    1.2748    0.3294    0.2747
   0    1.0256 -999.9900    1.7858    1.7858    0.7624   -0.2922    1.2699    0.3196    0.2843
   0    1.0212 -999.9900    1.7852    1.7852    0.7624   -0.3039    1.2654    0.3211    0.2816
    
2023032700
   0    1.0476 -999.9900    1.7556    1.7556    0.7661   -0.3073    1.2941    0.3426    0.2382
   0    1.0472 -999.9900    1.7580    1.7580    0.7661   -0.3173    1.2938    0.3436    0.2362
   0    1.0462 -999.9900    1.7544    1.7544    0.7441   -0.2965    1.2903    0.3442    0.2389
   0    1.0459 -999.9900    1.7556    1.7556    0.7441   -0.3024    1.2902    0.3450    0.2376
    
2023032800
   0    0.9686 -999.9900    1.6245    1.6245    0.6931   -0.0799    1.1861    0.2763    0.2965
   0    0.9676 -999.9900    1.6232    1.6232    0.6931   -0.0888    1.1847    0.2778    0.2936
   0    0.9618 -999.9900    1.6212    1.6212    0.6998   -0.0668    1.1821    0.2696    0.2949
   0    0.9608 -999.9900    1.6201    1.6201    0.6998   -0.0717    1.1806    0.2703    0.2922
    
2023032900
   0    1.0270 -999.9900    1.7502    1.7502    0.6630   -0.0496    1.2495    0.3130    0.3050
   0    1.0205 -999.9900    1.7355    1.7355    0.6630   -0.0755    1.2399    0.3161    0.3055
   0    1.0233 -999.9900    1.7483    1.7483    0.6619   -0.0600    1.2458    0.3134    0.2994
   0    1.0184 -999.9900    1.7382    1.7382    0.6619   -0.0745    1.2384    0.3144    0.3004
    
2023033000
   0    0.9918 -999.9900    1.6488    1.6488    0.5802   -0.3587    1.1924    0.4065    0.2592
   0    0.9934 -999.9900    1.6522    1.6522    0.5802   -0.3601    1.1943    0.4063    0.2636
   0    0.9928 -999.9900    1.6539    1.6539    0.5744   -0.3713    1.1941    0.4073    0.2545
   0    0.9935 -999.9900    1.6555    1.6555    0.5744   -0.3708    1.1950    0.4068    0.2587
    
2023033100
   0    0.9022 -999.9900    1.4562    1.4562    0.5465   -0.2948    1.0908    0.3909    0.2434
   0    0.9005 -999.9900    1.4552    1.4552    0.5465   -0.3000    1.0881    0.3917    0.2406
   0    0.8957 -999.9900    1.4454    1.4454    0.5410   -0.2753    1.0836    0.3859    0.2460
   0    0.8942 -999.9900    1.4444    1.4444    0.5410   -0.2776    1.0814    0.3863    0.2445
    
2023040100
    
