2023010700
   1 -999.9900 -999.9900 -999.9900 -999.9900 -999.9900 -999.9900 -999.9900 -999.9900 -999.9900
   1 -999.9900 -999.9900 -999.9900 -999.9900 -999.9900 -999.9900 -999.9900 -999.9900 -999.9900
   1 -999.9900 -999.9900 -999.9900 -999.9900 -999.9900 -999.9900 -999.9900 -999.9900 -999.9900
   1 -999.9900 -999.9900 -999.9900 -999.9900 -999.9900 -999.9900 -999.9900 -999.9900 -999.9900
    
2023010800
   1 -999.9900 -999.9900 -999.9900 -999.9900 -999.9900 -999.9900 -999.9900 -999.9900 -999.9900
   1 -999.9900 -999.9900 -999.9900 -999.9900 -999.9900 -999.9900 -999.9900 -999.9900 -999.9900
   1 -999.9900 -999.9900 -999.9900 -999.9900 -999.9900 -999.9900 -999.9900 -999.9900 -999.9900
   1 -999.9900 -999.9900 -999.9900 -999.9900 -999.9900 -999.9900 -999.9900 -999.9900 -999.9900
    
2023010900
   1 -999.9900 -999.9900 -999.9900 -999.9900 -999.9900 -999.9900 -999.9900 -999.9900 -999.9900
   1 -999.9900 -999.9900 -999.9900 -999.9900 -999.9900 -999.9900 -999.9900 -999.9900 -999.9900
   1 -999.9900 -999.9900 -999.9900 -999.9900 -999.9900 -999.9900 -999.9900 -999.9900 -999.9900
   1 -999.9900 -999.9900 -999.9900 -999.9900 -999.9900 -999.9900 -999.9900 -999.9900 -999.9900
    
2023011000
   1 -999.9900 -999.9900 -999.9900 -999.9900 -999.9900 -999.9900 -999.9900 -999.9900 -999.9900
   1 -999.9900 -999.9900 -999.9900 -999.9900 -999.9900 -999.9900 -999.9900 -999.9900 -999.9900
   1 -999.9900 -999.9900 -999.9900 -999.9900 -999.9900 -999.9900 -999.9900 -999.9900 -999.9900
   1 -999.9900 -999.9900 -999.9900 -999.9900 -999.9900 -999.9900 -999.9900 -999.9900 -999.9900
    
2023011100
   1 -999.9900 -999.9900 -999.9900 -999.9900 -999.9900 -999.9900 -999.9900 -999.9900 -999.9900
   1 -999.9900 -999.9900 -999.9900 -999.9900 -999.9900 -999.9900 -999.9900 -999.9900 -999.9900
   1 -999.9900 -999.9900 -999.9900 -999.9900 -999.9900 -999.9900 -999.9900 -999.9900 -999.9900
   1 -999.9900 -999.9900 -999.9900 -999.9900 -999.9900 -999.9900 -999.9900 -999.9900 -999.9900
    
2023011200
   1 -999.9900 -999.9900 -999.9900 -999.9900 -999.9900 -999.9900 -999.9900 -999.9900 -999.9900
   1 -999.9900 -999.9900 -999.9900 -999.9900 -999.9900 -999.9900 -999.9900 -999.9900 -999.9900
   1 -999.9900 -999.9900 -999.9900 -999.9900 -999.9900 -999.9900 -999.9900 -999.9900 -999.9900
   1 -999.9900 -999.9900 -999.9900 -999.9900 -999.9900 -999.9900 -999.9900 -999.9900 -999.9900
    
2023011300
   1 -999.9900 -999.9900 -999.9900 -999.9900 -999.9900 -999.9900 -999.9900 -999.9900 -999.9900
   1 -999.9900 -999.9900 -999.9900 -999.9900 -999.9900 -999.9900 -999.9900 -999.9900 -999.9900
   1 -999.9900 -999.9900 -999.9900 -999.9900 -999.9900 -999.9900 -999.9900 -999.9900 -999.9900
   1 -999.9900 -999.9900 -999.9900 -999.9900 -999.9900 -999.9900 -999.9900 -999.9900 -999.9900
    
2023011400
   1 -999.9900 -999.9900 -999.9900 -999.9900 -999.9900 -999.9900 -999.9900 -999.9900 -999.9900
   1 -999.9900 -999.9900 -999.9900 -999.9900 -999.9900 -999.9900 -999.9900 -999.9900 -999.9900
   1 -999.9900 -999.9900 -999.9900 -999.9900 -999.9900 -999.9900 -999.9900 -999.9900 -999.9900
   1 -999.9900 -999.9900 -999.9900 -999.9900 -999.9900 -999.9900 -999.9900 -999.9900 -999.9900
    
2023011500
   1 -999.9900 -999.9900 -999.9900 -999.9900 -999.9900 -999.9900 -999.9900 -999.9900 -999.9900
   1 -999.9900 -999.9900 -999.9900 -999.9900 -999.9900 -999.9900 -999.9900 -999.9900 -999.9900
   1 -999.9900 -999.9900 -999.9900 -999.9900 -999.9900 -999.9900 -999.9900 -999.9900 -999.9900
   1 -999.9900 -999.9900 -999.9900 -999.9900 -999.9900 -999.9900 -999.9900 -999.9900 -999.9900
    
2023011600
   1 -999.9900 -999.9900 -999.9900 -999.9900 -999.9900 -999.9900 -999.9900 -999.9900 -999.9900
   1 -999.9900 -999.9900 -999.9900 -999.9900 -999.9900 -999.9900 -999.9900 -999.9900 -999.9900
   1 -999.9900 -999.9900 -999.9900 -999.9900 -999.9900 -999.9900 -999.9900 -999.9900 -999.9900
   1 -999.9900 -999.9900 -999.9900 -999.9900 -999.9900 -999.9900 -999.9900 -999.9900 -999.9900
    
2023011700
   1 -999.9900 -999.9900 -999.9900 -999.9900 -999.9900 -999.9900 -999.9900 -999.9900 -999.9900
   1 -999.9900 -999.9900 -999.9900 -999.9900 -999.9900 -999.9900 -999.9900 -999.9900 -999.9900
   1 -999.9900 -999.9900 -999.9900 -999.9900 -999.9900 -999.9900 -999.9900 -999.9900 -999.9900
   1 -999.9900 -999.9900 -999.9900 -999.9900 -999.9900 -999.9900 -999.9900 -999.9900 -999.9900
    
2023011800
   1 -999.9900 -999.9900 -999.9900 -999.9900 -999.9900 -999.9900 -999.9900 -999.9900 -999.9900
   1 -999.9900 -999.9900 -999.9900 -999.9900 -999.9900 -999.9900 -999.9900 -999.9900 -999.9900
   1 -999.9900 -999.9900 -999.9900 -999.9900 -999.9900 -999.9900 -999.9900 -999.9900 -999.9900
   1 -999.9900 -999.9900 -999.9900 -999.9900 -999.9900 -999.9900 -999.9900 -999.9900 -999.9900
    
2023011900
   1 -999.9900 -999.9900 -999.9900 -999.9900 -999.9900 -999.9900 -999.9900 -999.9900 -999.9900
   1 -999.9900 -999.9900 -999.9900 -999.9900 -999.9900 -999.9900 -999.9900 -999.9900 -999.9900
   1 -999.9900 -999.9900 -999.9900 -999.9900 -999.9900 -999.9900 -999.9900 -999.9900 -999.9900
   1 -999.9900 -999.9900 -999.9900 -999.9900 -999.9900 -999.9900 -999.9900 -999.9900 -999.9900
    
2023012000
   1 -999.9900 -999.9900 -999.9900 -999.9900 -999.9900 -999.9900 -999.9900 -999.9900 -999.9900
   1 -999.9900 -999.9900 -999.9900 -999.9900 -999.9900 -999.9900 -999.9900 -999.9900 -999.9900
   1 -999.9900 -999.9900 -999.9900 -999.9900 -999.9900 -999.9900 -999.9900 -999.9900 -999.9900
   1 -999.9900 -999.9900 -999.9900 -999.9900 -999.9900 -999.9900 -999.9900 -999.9900 -999.9900
    
2023012100
   1 -999.9900 -999.9900 -999.9900 -999.9900 -999.9900 -999.9900 -999.9900 -999.9900 -999.9900
   1 -999.9900 -999.9900 -999.9900 -999.9900 -999.9900 -999.9900 -999.9900 -999.9900 -999.9900
   1 -999.9900 -999.9900 -999.9900 -999.9900 -999.9900 -999.9900 -999.9900 -999.9900 -999.9900
   1 -999.9900 -999.9900 -999.9900 -999.9900 -999.9900 -999.9900 -999.9900 -999.9900 -999.9900
    
2023012200
   1 -999.9900 -999.9900 -999.9900 -999.9900 -999.9900 -999.9900 -999.9900 -999.9900 -999.9900
   1 -999.9900 -999.9900 -999.9900 -999.9900 -999.9900 -999.9900 -999.9900 -999.9900 -999.9900
   1 -999.9900 -999.9900 -999.9900 -999.9900 -999.9900 -999.9900 -999.9900 -999.9900 -999.9900
   1 -999.9900 -999.9900 -999.9900 -999.9900 -999.9900 -999.9900 -999.9900 -999.9900 -999.9900
    
2023012300
   1 -999.9900 -999.9900 -999.9900 -999.9900 -999.9900 -999.9900 -999.9900 -999.9900 -999.9900
   1 -999.9900 -999.9900 -999.9900 -999.9900 -999.9900 -999.9900 -999.9900 -999.9900 -999.9900
   1 -999.9900 -999.9900 -999.9900 -999.9900 -999.9900 -999.9900 -999.9900 -999.9900 -999.9900
   1 -999.9900 -999.9900 -999.9900 -999.9900 -999.9900 -999.9900 -999.9900 -999.9900 -999.9900
    
2023012400
   1 -999.9900 -999.9900 -999.9900 -999.9900 -999.9900 -999.9900 -999.9900 -999.9900 -999.9900
   1 -999.9900 -999.9900 -999.9900 -999.9900 -999.9900 -999.9900 -999.9900 -999.9900 -999.9900
   1 -999.9900 -999.9900 -999.9900 -999.9900 -999.9900 -999.9900 -999.9900 -999.9900 -999.9900
   1 -999.9900 -999.9900 -999.9900 -999.9900 -999.9900 -999.9900 -999.9900 -999.9900 -999.9900
    
2023012500
   1 -999.9900 -999.9900 -999.9900 -999.9900 -999.9900 -999.9900 -999.9900 -999.9900 -999.9900
   1 -999.9900 -999.9900 -999.9900 -999.9900 -999.9900 -999.9900 -999.9900 -999.9900 -999.9900
   1 -999.9900 -999.9900 -999.9900 -999.9900 -999.9900 -999.9900 -999.9900 -999.9900 -999.9900
   1 -999.9900 -999.9900 -999.9900 -999.9900 -999.9900 -999.9900 -999.9900 -999.9900 -999.9900
    
2023012600
   1 -999.9900 -999.9900 -999.9900 -999.9900 -999.9900 -999.9900 -999.9900 -999.9900 -999.9900
   1 -999.9900 -999.9900 -999.9900 -999.9900 -999.9900 -999.9900 -999.9900 -999.9900 -999.9900
   1 -999.9900 -999.9900 -999.9900 -999.9900 -999.9900 -999.9900 -999.9900 -999.9900 -999.9900
   1 -999.9900 -999.9900 -999.9900 -999.9900 -999.9900 -999.9900 -999.9900 -999.9900 -999.9900
    
2023012700
   1 -999.9900 -999.9900 -999.9900 -999.9900 -999.9900 -999.9900 -999.9900 -999.9900 -999.9900
   1 -999.9900 -999.9900 -999.9900 -999.9900 -999.9900 -999.9900 -999.9900 -999.9900 -999.9900
   1 -999.9900 -999.9900 -999.9900 -999.9900 -999.9900 -999.9900 -999.9900 -999.9900 -999.9900
   1 -999.9900 -999.9900 -999.9900 -999.9900 -999.9900 -999.9900 -999.9900 -999.9900 -999.9900
    
2023012800
   1 -999.9900 -999.9900 -999.9900 -999.9900 -999.9900 -999.9900 -999.9900 -999.9900 -999.9900
   1 -999.9900 -999.9900 -999.9900 -999.9900 -999.9900 -999.9900 -999.9900 -999.9900 -999.9900
   1 -999.9900 -999.9900 -999.9900 -999.9900 -999.9900 -999.9900 -999.9900 -999.9900 -999.9900
   1 -999.9900 -999.9900 -999.9900 -999.9900 -999.9900 -999.9900 -999.9900 -999.9900 -999.9900
    
2023012900
   1 -999.9900 -999.9900 -999.9900 -999.9900 -999.9900 -999.9900 -999.9900 -999.9900 -999.9900
   1 -999.9900 -999.9900 -999.9900 -999.9900 -999.9900 -999.9900 -999.9900 -999.9900 -999.9900
   1 -999.9900 -999.9900 -999.9900 -999.9900 -999.9900 -999.9900 -999.9900 -999.9900 -999.9900
   1 -999.9900 -999.9900 -999.9900 -999.9900 -999.9900 -999.9900 -999.9900 -999.9900 -999.9900
    
2023013000
   1 -999.9900 -999.9900 -999.9900 -999.9900 -999.9900 -999.9900 -999.9900 -999.9900 -999.9900
   1 -999.9900 -999.9900 -999.9900 -999.9900 -999.9900 -999.9900 -999.9900 -999.9900 -999.9900
   1 -999.9900 -999.9900 -999.9900 -999.9900 -999.9900 -999.9900 -999.9900 -999.9900 -999.9900
   1 -999.9900 -999.9900 -999.9900 -999.9900 -999.9900 -999.9900 -999.9900 -999.9900 -999.9900
    
2023013100
   1 -999.9900 -999.9900 -999.9900 -999.9900 -999.9900 -999.9900 -999.9900 -999.9900 -999.9900
   1 -999.9900 -999.9900 -999.9900 -999.9900 -999.9900 -999.9900 -999.9900 -999.9900 -999.9900
   1 -999.9900 -999.9900 -999.9900 -999.9900 -999.9900 -999.9900 -999.9900 -999.9900 -999.9900
   1 -999.9900 -999.9900 -999.9900 -999.9900 -999.9900 -999.9900 -999.9900 -999.9900 -999.9900
    
2023020100
   1 -999.9900 -999.9900 -999.9900 -999.9900 -999.9900 -999.9900 -999.9900 -999.9900 -999.9900
   1 -999.9900 -999.9900 -999.9900 -999.9900 -999.9900 -999.9900 -999.9900 -999.9900 -999.9900
   1 -999.9900 -999.9900 -999.9900 -999.9900 -999.9900 -999.9900 -999.9900 -999.9900 -999.9900
   1 -999.9900 -999.9900 -999.9900 -999.9900 -999.9900 -999.9900 -999.9900 -999.9900 -999.9900
    
2023020200
   1 -999.9900 -999.9900 -999.9900 -999.9900 -999.9900 -999.9900 -999.9900 -999.9900 -999.9900
   1 -999.9900 -999.9900 -999.9900 -999.9900 -999.9900 -999.9900 -999.9900 -999.9900 -999.9900
   1 -999.9900 -999.9900 -999.9900 -999.9900 -999.9900 -999.9900 -999.9900 -999.9900 -999.9900
   1 -999.9900 -999.9900 -999.9900 -999.9900 -999.9900 -999.9900 -999.9900 -999.9900 -999.9900
    
2023020300
   1 -999.9900 -999.9900 -999.9900 -999.9900 -999.9900 -999.9900 -999.9900 -999.9900 -999.9900
   1 -999.9900 -999.9900 -999.9900 -999.9900 -999.9900 -999.9900 -999.9900 -999.9900 -999.9900
   1 -999.9900 -999.9900 -999.9900 -999.9900 -999.9900 -999.9900 -999.9900 -999.9900 -999.9900
   1 -999.9900 -999.9900 -999.9900 -999.9900 -999.9900 -999.9900 -999.9900 -999.9900 -999.9900
    
2023020400
   1 -999.9900 -999.9900 -999.9900 -999.9900 -999.9900 -999.9900 -999.9900 -999.9900 -999.9900
   1 -999.9900 -999.9900 -999.9900 -999.9900 -999.9900 -999.9900 -999.9900 -999.9900 -999.9900
   1 -999.9900 -999.9900 -999.9900 -999.9900 -999.9900 -999.9900 -999.9900 -999.9900 -999.9900
   1 -999.9900 -999.9900 -999.9900 -999.9900 -999.9900 -999.9900 -999.9900 -999.9900 -999.9900
    
2023020500
   1 -999.9900 -999.9900 -999.9900 -999.9900 -999.9900 -999.9900 -999.9900 -999.9900 -999.9900
   1 -999.9900 -999.9900 -999.9900 -999.9900 -999.9900 -999.9900 -999.9900 -999.9900 -999.9900
   1 -999.9900 -999.9900 -999.9900 -999.9900 -999.9900 -999.9900 -999.9900 -999.9900 -999.9900
   1 -999.9900 -999.9900 -999.9900 -999.9900 -999.9900 -999.9900 -999.9900 -999.9900 -999.9900
    
2023020600
   1 -999.9900 -999.9900 -999.9900 -999.9900 -999.9900 -999.9900 -999.9900 -999.9900 -999.9900
   1 -999.9900 -999.9900 -999.9900 -999.9900 -999.9900 -999.9900 -999.9900 -999.9900 -999.9900
   1 -999.9900 -999.9900 -999.9900 -999.9900 -999.9900 -999.9900 -999.9900 -999.9900 -999.9900
   1 -999.9900 -999.9900 -999.9900 -999.9900 -999.9900 -999.9900 -999.9900 -999.9900 -999.9900
    
2023020700
   1 -999.9900 -999.9900 -999.9900 -999.9900 -999.9900 -999.9900 -999.9900 -999.9900 -999.9900
   1 -999.9900 -999.9900 -999.9900 -999.9900 -999.9900 -999.9900 -999.9900 -999.9900 -999.9900
   1 -999.9900 -999.9900 -999.9900 -999.9900 -999.9900 -999.9900 -999.9900 -999.9900 -999.9900
   1 -999.9900 -999.9900 -999.9900 -999.9900 -999.9900 -999.9900 -999.9900 -999.9900 -999.9900
    
2023020800
   1 -999.9900 -999.9900 -999.9900 -999.9900 -999.9900 -999.9900 -999.9900 -999.9900 -999.9900
   1 -999.9900 -999.9900 -999.9900 -999.9900 -999.9900 -999.9900 -999.9900 -999.9900 -999.9900
   1 -999.9900 -999.9900 -999.9900 -999.9900 -999.9900 -999.9900 -999.9900 -999.9900 -999.9900
   1 -999.9900 -999.9900 -999.9900 -999.9900 -999.9900 -999.9900 -999.9900 -999.9900 -999.9900
    
2023020900
   1 -999.9900 -999.9900 -999.9900 -999.9900 -999.9900 -999.9900 -999.9900 -999.9900 -999.9900
   1 -999.9900 -999.9900 -999.9900 -999.9900 -999.9900 -999.9900 -999.9900 -999.9900 -999.9900
   1 -999.9900 -999.9900 -999.9900 -999.9900 -999.9900 -999.9900 -999.9900 -999.9900 -999.9900
   1 -999.9900 -999.9900 -999.9900 -999.9900 -999.9900 -999.9900 -999.9900 -999.9900 -999.9900
    
2023021000
   1 -999.9900 -999.9900 -999.9900 -999.9900 -999.9900 -999.9900 -999.9900 -999.9900 -999.9900
   1 -999.9900 -999.9900 -999.9900 -999.9900 -999.9900 -999.9900 -999.9900 -999.9900 -999.9900
   1 -999.9900 -999.9900 -999.9900 -999.9900 -999.9900 -999.9900 -999.9900 -999.9900 -999.9900
   1 -999.9900 -999.9900 -999.9900 -999.9900 -999.9900 -999.9900 -999.9900 -999.9900 -999.9900
    
2023021100
   1 -999.9900 -999.9900 -999.9900 -999.9900 -999.9900 -999.9900 -999.9900 -999.9900 -999.9900
   1 -999.9900 -999.9900 -999.9900 -999.9900 -999.9900 -999.9900 -999.9900 -999.9900 -999.9900
   1 -999.9900 -999.9900 -999.9900 -999.9900 -999.9900 -999.9900 -999.9900 -999.9900 -999.9900
   1 -999.9900 -999.9900 -999.9900 -999.9900 -999.9900 -999.9900 -999.9900 -999.9900 -999.9900
    
2023021200
   1 -999.9900 -999.9900 -999.9900 -999.9900 -999.9900 -999.9900 -999.9900 -999.9900 -999.9900
   1 -999.9900 -999.9900 -999.9900 -999.9900 -999.9900 -999.9900 -999.9900 -999.9900 -999.9900
   1 -999.9900 -999.9900 -999.9900 -999.9900 -999.9900 -999.9900 -999.9900 -999.9900 -999.9900
   1 -999.9900 -999.9900 -999.9900 -999.9900 -999.9900 -999.9900 -999.9900 -999.9900 -999.9900
    
2023021300
   1 -999.9900 -999.9900 -999.9900 -999.9900 -999.9900 -999.9900 -999.9900 -999.9900 -999.9900
   1 -999.9900 -999.9900 -999.9900 -999.9900 -999.9900 -999.9900 -999.9900 -999.9900 -999.9900
   1 -999.9900 -999.9900 -999.9900 -999.9900 -999.9900 -999.9900 -999.9900 -999.9900 -999.9900
   1 -999.9900 -999.9900 -999.9900 -999.9900 -999.9900 -999.9900 -999.9900 -999.9900 -999.9900
    
2023021400
   1 -999.9900 -999.9900 -999.9900 -999.9900 -999.9900 -999.9900 -999.9900 -999.9900 -999.9900
   1 -999.9900 -999.9900 -999.9900 -999.9900 -999.9900 -999.9900 -999.9900 -999.9900 -999.9900
   1 -999.9900 -999.9900 -999.9900 -999.9900 -999.9900 -999.9900 -999.9900 -999.9900 -999.9900
   1 -999.9900 -999.9900 -999.9900 -999.9900 -999.9900 -999.9900 -999.9900 -999.9900 -999.9900
    
2023021500
   1 -999.9900 -999.9900 -999.9900 -999.9900 -999.9900 -999.9900 -999.9900 -999.9900 -999.9900
   1 -999.9900 -999.9900 -999.9900 -999.9900 -999.9900 -999.9900 -999.9900 -999.9900 -999.9900
   1 -999.9900 -999.9900 -999.9900 -999.9900 -999.9900 -999.9900 -999.9900 -999.9900 -999.9900
   1 -999.9900 -999.9900 -999.9900 -999.9900 -999.9900 -999.9900 -999.9900 -999.9900 -999.9900
    
2023021600
   1 -999.9900 -999.9900 -999.9900 -999.9900 -999.9900 -999.9900 -999.9900 -999.9900 -999.9900
   1 -999.9900 -999.9900 -999.9900 -999.9900 -999.9900 -999.9900 -999.9900 -999.9900 -999.9900
   1 -999.9900 -999.9900 -999.9900 -999.9900 -999.9900 -999.9900 -999.9900 -999.9900 -999.9900
   1 -999.9900 -999.9900 -999.9900 -999.9900 -999.9900 -999.9900 -999.9900 -999.9900 -999.9900
    
2023021700
   1 -999.9900 -999.9900 -999.9900 -999.9900 -999.9900 -999.9900 -999.9900 -999.9900 -999.9900
   1 -999.9900 -999.9900 -999.9900 -999.9900 -999.9900 -999.9900 -999.9900 -999.9900 -999.9900
   1 -999.9900 -999.9900 -999.9900 -999.9900 -999.9900 -999.9900 -999.9900 -999.9900 -999.9900
   1 -999.9900 -999.9900 -999.9900 -999.9900 -999.9900 -999.9900 -999.9900 -999.9900 -999.9900
    
2023021800
   1 -999.9900 -999.9900 -999.9900 -999.9900 -999.9900 -999.9900 -999.9900 -999.9900 -999.9900
   1 -999.9900 -999.9900 -999.9900 -999.9900 -999.9900 -999.9900 -999.9900 -999.9900 -999.9900
   1 -999.9900 -999.9900 -999.9900 -999.9900 -999.9900 -999.9900 -999.9900 -999.9900 -999.9900
   1 -999.9900 -999.9900 -999.9900 -999.9900 -999.9900 -999.9900 -999.9900 -999.9900 -999.9900
    
2023021900
   1 -999.9900 -999.9900 -999.9900 -999.9900 -999.9900 -999.9900 -999.9900 -999.9900 -999.9900
   1 -999.9900 -999.9900 -999.9900 -999.9900 -999.9900 -999.9900 -999.9900 -999.9900 -999.9900
   1 -999.9900 -999.9900 -999.9900 -999.9900 -999.9900 -999.9900 -999.9900 -999.9900 -999.9900
   1 -999.9900 -999.9900 -999.9900 -999.9900 -999.9900 -999.9900 -999.9900 -999.9900 -999.9900
    
2023022000
    
2023022100
    
2023022200
    
2023022300
    
2023022400
    
2023022500
    
2023022600
    
2023022700
    
2023022800
    
2023030100
    
2023030200
    
2023030300
    
2023030400
    
2023030500
    
2023030600
    
2023030700
    
2023030800
    
2023030900
    
2023031000
    
2023031100
    
2023031200
    
2023031300
    
2023031400
    
2023031500
    
2023031600
    
2023031700
    
2023031800
    
2023031900
    
2023032000
    
2023032100
    
2023032200
    
2023032300
    
2023032400
    
2023032500
    
2023032600
    
2023032700
    
2023032800
    
2023032900
    
2023033000
    
2023033100
    
2023040100
    
