2023010700
   0    1.1074 -999.9900    1.9057    1.9057    0.6904    0.6478    1.3415    0.1990    0.4475
   0    0.8541 -999.9900    1.5939    1.5939    1.2157    0.4306    1.1519    0.1187    0.2777
   0    1.0277 -999.9900    1.8126    1.8126    0.6841    0.6486    1.2581    0.1811    0.4467
   0    0.9117 -999.9900    1.7156    1.7156    1.1668    0.6347    1.2100    0.0806    0.3405
    
2023010800
   0    1.1012 -999.9900    1.8144    1.8144    0.6632    0.6899    1.3268    0.1790    0.4710
   0    0.8447 -999.9900    1.5213    1.5213    1.1202    0.3788    1.1388    0.1270    0.2839
   0    0.9949 -999.9900    1.6565    1.6565    0.6505    0.6296    1.2125    0.1695    0.4620
   0    0.8775 -999.9900    1.5730    1.5730    1.0642    0.5134    1.1611    0.0981    0.3483
    
2023010900
   0    1.1245 -999.9900    1.9088    1.9088    0.6338    0.4735    1.3389    0.2268    0.4267
   0    0.8480 -999.9900    1.5784    1.5784    1.0759    0.2660    1.1204    0.1563    0.2465
   0    1.0254 -999.9900    1.7358    1.7358    0.6335    0.4552    1.2394    0.2086    0.4251
   0    0.8708 -999.9900    1.6021    1.6021    1.0561    0.4182    1.1294    0.1216    0.3071
    
2023011000
   0    0.9794 -999.9900    1.6905    1.6905    0.6427    0.2789    1.1977    0.2621    0.3528
   0    0.7811 -999.9900    1.4275    1.4275    1.1315    0.1386    1.0428    0.1843    0.2078
   0    0.9709 -999.9900    1.6806    1.6806    0.6489    0.2791    1.1932    0.2591    0.3525
   0    0.7045 -999.9900    1.3016    1.3016    1.0884    0.1594    0.9517    0.1665    0.1904
    
2023011100
   0    1.0363 -999.9900    1.7395    1.7395    0.6444    0.2974    1.2612    0.2651    0.3854
   0    0.7892 -999.9900    1.4440    1.4440    1.2218    0.2918    1.0722    0.1514    0.2319
   0    0.8813 -999.9900    1.5005    1.5005    0.6511    0.2642    1.1012    0.2475    0.3656
   0    0.6857 -999.9900    1.2642    1.2642    1.1340    0.2596    0.9383    0.1391    0.1987
    
2023011200
   0    1.1865 -999.9900    1.9702    1.9702    0.5996    0.4024    1.3986    0.2898    0.4062
   0    0.9828 -999.9900    1.8422    1.8422    1.2092    0.5384    1.2901    0.1449    0.2792
   0    1.1866 -999.9900    1.9700    1.9700    0.6001    0.3926    1.4001    0.2910    0.4009
   0    0.9361 -999.9900    1.7688    1.7688    1.1113    0.5875    1.2265    0.1326    0.2905
    
2023011300
   0    1.2798 -999.9900    2.1059    2.1059    0.6589    0.6986    1.5126    0.2243    0.4978
   0    1.0865 -999.9900    1.9603    1.9603    1.1345    0.6890    1.4139    0.1341    0.3511
   0    1.2255 -999.9900    2.0597    2.0597    0.6532    0.7362    1.4550    0.2129    0.4979
   0    1.0128 -999.9900    1.8575    1.8575    1.1446    0.7268    1.3322    0.1202    0.3489
    
2023011400
   0    1.2488 -999.9900    2.1263    2.1263    0.6730    0.9275    1.4785    0.1510    0.5180
   0    0.9618 -999.9900    1.7891    1.7891    1.2297    0.6793    1.2559    0.0837    0.3226
   0    1.1452 -999.9900    1.9925    1.9925    0.6773    0.8411    1.3729    0.1469    0.4983
   0    0.8819 -999.9900    1.6665    1.6665    1.2094    0.6373    1.1703    0.0782    0.3050
    
2023011500
   0    0.9262 -999.9900    1.5741    1.5741    0.7238    0.3962    1.1469    0.2109    0.3675
   0    0.8131 -999.9900    1.5111    1.5111    1.2844    0.2361    1.1038    0.1340    0.1941
   0    0.9166 -999.9900    1.5553    1.5553    0.7084    0.3985    1.1400    0.2128    0.3692
   0    0.7911 -999.9900    1.4606    1.4606    1.2504    0.2698    1.0728    0.1315    0.1970
    
2023011600
   0    1.0001 -999.9900    1.6602    1.6602    0.6138    0.2444    1.2087    0.2657    0.3665
   0    0.8801 -999.9900    1.5744    1.5744    1.2397    0.2680    1.1886    0.1705    0.2403
   0    0.9958 -999.9900    1.6609    1.6609    0.6410    0.2422    1.2105    0.2615    0.3580
   0    0.8645 -999.9900    1.5467    1.5467    1.2075    0.2646    1.1651    0.1718    0.2366
    
2023011700
   0    0.8795 -999.9900    1.4809    1.4809    0.6016    0.2613    1.0795    0.2528    0.3618
   0    0.8123 -999.9900    1.5143    1.5143    1.1081    0.3570    1.1026    0.1465    0.2523
   0    0.8749 -999.9900    1.4722    1.4722    0.5937    0.2495    1.0738    0.2582    0.3633
   0    0.7929 -999.9900    1.4618    1.4618    1.0741    0.3302    1.0678    0.1498    0.2542
    
2023011800
   0    0.9750 -999.9900    1.7058    1.7058    0.5892    0.2834    1.1680    0.2926    0.3586
   0    0.8306 -999.9900    1.5968    1.5968    1.0578    0.4213    1.1082    0.1501    0.2542
   0    0.9756 -999.9900    1.7103    1.7103    0.5955    0.2913    1.1713    0.2910    0.3567
   0    0.8239 -999.9900    1.5819    1.5819    1.0295    0.3886    1.0918    0.1593    0.2544
    
2023011900
   0    0.9743 -999.9900    1.6846    1.6846    0.6415    0.3404    1.1695    0.2498    0.3860
   0    0.8067 -999.9900    1.4916    1.4916    1.1021    0.3716    1.0813    0.1447    0.2730
   0    0.9679 -999.9900    1.6737    1.6737    0.6329    0.3443    1.1649    0.2477    0.3867
   0    0.8031 -999.9900    1.4881    1.4881    1.0756    0.3607    1.0715    0.1485    0.2772
    
2023012000
   1 -999.9900 -999.9900 -999.9900 -999.9900 -999.9900 -999.9900 -999.9900 -999.9900 -999.9900
   1 -999.9900 -999.9900 -999.9900 -999.9900 -999.9900 -999.9900 -999.9900 -999.9900 -999.9900
   1 -999.9900 -999.9900 -999.9900 -999.9900 -999.9900 -999.9900 -999.9900 -999.9900 -999.9900
   1 -999.9900 -999.9900 -999.9900 -999.9900 -999.9900 -999.9900 -999.9900 -999.9900 -999.9900
    
2023012100
   0    1.0275 -999.9900    1.6678    1.6678    0.6196    0.5686    1.2280    0.2083    0.4692
   0    1.0275 -999.9900    1.6678    1.6678    0.6196    0.5686    1.2280    0.2083    0.4692
   0    1.0339 -999.9900    1.6791    1.6791    0.6382    0.5879    1.2382    0.2040    0.4722
   0    0.8096 -999.9900    1.4575    1.4575    1.0647    0.3596    1.0811    0.1428    0.2880
    
2023012200
   0    1.0933 -999.9900    1.7717    1.7717    0.6167    0.6069    1.3009    0.2491    0.4596
   0    0.8804 -999.9900    1.5544    1.5544    1.0579    0.3788    1.1576    0.1824    0.2905
   0    1.0939 -999.9900    1.7697    1.7697    0.6120    0.6164    1.3025    0.2463    0.4605
   0    0.8845 -999.9900    1.5589    1.5589    1.0376    0.4262    1.1571    0.1812    0.3024
    
2023012300
   0    1.2079 -999.9900    2.2195    2.2195    0.5886    0.7511    1.4107    0.2134    0.4846
   0    0.9754 -999.9900    1.9338    1.9338    1.0663    0.6009    1.2689    0.1335    0.3134
   0    1.2101 -999.9900    2.2202    2.2202    0.5897    0.7576    1.4123    0.2095    0.4801
   0    0.9874 -999.9900    1.9703    1.9703    1.0408    0.6374    1.2778    0.1334    0.3227
    
2023012400
   0    0.9984 -999.9900    1.7752    1.7752    0.6044    0.6374    1.2000    0.2043    0.4318
   0    0.8864 -999.9900    1.7289    1.7289    1.0811    0.5791    1.1658    0.1209    0.2923
   0    0.9896 -999.9900    1.7649    1.7649    0.6172    0.6209    1.1922    0.2080    0.4249
   0    0.8758 -999.9900    1.7084    1.7084    1.0552    0.5852    1.1471    0.1228    0.2934
    
2023012500
   0    1.0260 -999.9900    1.7124    1.7124    0.6474    0.6199    1.2337    0.2038    0.4542
   0    0.9531 -999.9900    1.7414    1.7414    1.1520    0.6100    1.2450    0.1035    0.3403
   0    1.0240 -999.9900    1.7081    1.7081    0.6366    0.6102    1.2324    0.2078    0.4548
   0    0.9360 -999.9900    1.7033    1.7033    1.1122    0.6028    1.2102    0.1098    0.3407
    
2023012600
   1 -999.9900 -999.9900 -999.9900 -999.9900 -999.9900 -999.9900 -999.9900 -999.9900 -999.9900
   1 -999.9900 -999.9900 -999.9900 -999.9900 -999.9900 -999.9900 -999.9900 -999.9900 -999.9900
   1 -999.9900 -999.9900 -999.9900 -999.9900 -999.9900 -999.9900 -999.9900 -999.9900 -999.9900
   1 -999.9900 -999.9900 -999.9900 -999.9900 -999.9900 -999.9900 -999.9900 -999.9900 -999.9900
    
2023012700
   0    1.5261 -999.9900    2.6877    2.6877    0.6351    1.0701    1.7536    0.2037    0.5078
   0    1.2579 -999.9900    2.4309    2.4309    1.1537    0.9642    1.5761    0.1300    0.3763
   0    1.4191 -999.9900    2.5120    2.5120    0.6297    0.9957    1.6412    0.1937    0.5080
   0    1.1852 -999.9900    2.2808    2.2808    1.0483    0.9063    1.4858    0.1269    0.3847
    
2023012800
   0    1.4743 -999.9900    2.7020    2.7020    0.6159    1.1406    1.6927    0.1641    0.5214
   0    1.3107 -999.9900    2.6334    2.6334    1.0921    1.2378    1.6431    0.0894    0.4047
   0    1.4775 -999.9900    2.7119    2.7119    0.6082    1.1405    1.6964    0.1647    0.5242
   0    1.3111 -999.9900    2.6314    2.6314    1.0644    1.2168    1.6395    0.0948    0.4104
    
2023012900
   0    1.3313 -999.9900    2.4389    2.4389    0.7888    1.0647    1.5808    0.1712    0.4989
   0    1.2097 -999.9900    2.4299    2.4299    1.2171    1.0440    1.5695    0.1145    0.3785
   0    1.3473 -999.9900    2.4652    2.4652    0.7782    1.1136    1.5997    0.1657    0.5108
   0    1.2087 -999.9900    2.4215    2.4215    1.1960    1.0776    1.5594    0.1104    0.3884
    
2023013000
   1 -999.9900 -999.9900 -999.9900 -999.9900 -999.9900 -999.9900 -999.9900 -999.9900 -999.9900
   1 -999.9900 -999.9900 -999.9900 -999.9900 -999.9900 -999.9900 -999.9900 -999.9900 -999.9900
   1 -999.9900 -999.9900 -999.9900 -999.9900 -999.9900 -999.9900 -999.9900 -999.9900 -999.9900
   1 -999.9900 -999.9900 -999.9900 -999.9900 -999.9900 -999.9900 -999.9900 -999.9900 -999.9900
    
2023013100
   1 -999.9900 -999.9900 -999.9900 -999.9900 -999.9900 -999.9900 -999.9900 -999.9900 -999.9900
   1 -999.9900 -999.9900 -999.9900 -999.9900 -999.9900 -999.9900 -999.9900 -999.9900 -999.9900
   1 -999.9900 -999.9900 -999.9900 -999.9900 -999.9900 -999.9900 -999.9900 -999.9900 -999.9900
   0    0.8805 -999.9900    1.6923    1.6923    1.2237    0.3912    1.1718    0.1389    0.2445
    
2023020100
   0    0.9572 -999.9900    1.6276    1.6276    0.6808    0.3452    1.1723    0.2326    0.3784
   0    0.8331 -999.9900    1.5408    1.5408    1.2368    0.0266    1.1260    0.1868    0.1780
   0    0.9608 -999.9900    1.6348    1.6348    0.6720    0.3535    1.1768    0.2317    0.3771
   0    0.8204 -999.9900    1.5120    1.5120    1.1961    0.0902    1.0995    0.1798    0.1913
    
2023020200
   0    1.2765 -999.9900    2.2751    2.2751    0.6860    0.8363    1.5036    0.2111    0.4490
   0    1.0341 -999.9900    2.0265    2.0265    1.2226    0.6370    1.3754    0.1427    0.2827
   0    1.2839 -999.9900    2.2852    2.2852    0.6731    0.8595    1.5108    0.2077    0.4595
   0    1.0496 -999.9900    2.0570    2.0570    1.1824    0.6932    1.3855    0.1396    0.3024
    
2023020300
   0    1.3255 -999.9900    2.4992    2.4992    0.7902    0.6303    1.5674    0.2544    0.3950
   0    1.2097 -999.9900    2.5232    2.5232    1.3386    0.5305    1.5454    0.1739    0.2590
   0    1.3069 -999.9900    2.4828    2.4828    0.8021    0.6541    1.5515    0.2395    0.3972
   0    1.1835 -999.9900    2.4777    2.4777    1.3266    0.5719    1.5098    0.1594    0.2693
    
2023020400
   0    1.3132 -999.9900    2.3153    2.3153    0.8539    0.4576    1.5828    0.2698    0.3656
   0    1.0943 -999.9900    2.0873    2.0873    1.3544    0.4034    1.4609    0.1609    0.2373
   0    1.3033 -999.9900    2.2965    2.2965    0.8182    0.4649    1.5675    0.2687    0.3720
   0    1.0975 -999.9900    2.0930    2.0930    1.3124    0.4267    1.4544    0.1615    0.2495
    
2023020500
   0    1.0313 -999.9900    1.6885    1.6885    0.6531    0.1080    1.2560    0.3238    0.3451
   0    0.8891 -999.9900    1.6150    1.6150    1.2226    0.1499    1.1966    0.2019    0.2231
   0    1.0232 -999.9900    1.6777    1.6777    0.6497    0.0952    1.2486    0.3224    0.3459
   0    0.8817 -999.9900    1.5868    1.5868    1.1864    0.1379    1.1836    0.2057    0.2276
    
2023020600
   0    1.0045 -999.9900    1.7136    1.7136    0.5889    0.3659    1.2051    0.2625    0.4124
   0    0.9232 -999.9900    1.7315    1.7315    1.2059    0.4892    1.2442    0.1425    0.2802
   0    1.0094 -999.9900    1.7256    1.7256    0.5821    0.3677    1.2099    0.2624    0.4137
   0    0.9015 -999.9900    1.6853    1.6853    1.1697    0.5022    1.2074    0.1358    0.2920
    
2023020700
   0    1.1352 -999.9900    2.0945    2.0945    0.6516    0.3785    1.3448    0.2967    0.3689
   0    1.0714 -999.9900    2.1387    2.1387    1.2731    0.7773    1.4038    0.1302    0.2879
   0    1.1304 -999.9900    2.0900    2.0900    0.6646    0.3790    1.3431    0.2943    0.3660
   0    1.0447 -999.9900    2.0846    2.0846    1.2302    0.6941    1.3588    0.1393    0.2810
    
2023020800
   1 -999.9900 -999.9900 -999.9900 -999.9900 -999.9900 -999.9900 -999.9900 -999.9900 -999.9900
   1 -999.9900 -999.9900 -999.9900 -999.9900 -999.9900 -999.9900 -999.9900 -999.9900 -999.9900
   1 -999.9900 -999.9900 -999.9900 -999.9900 -999.9900 -999.9900 -999.9900 -999.9900 -999.9900
   1 -999.9900 -999.9900 -999.9900 -999.9900 -999.9900 -999.9900 -999.9900 -999.9900 -999.9900
    
2023020900
   0    0.9326 -999.9900    1.6468    1.6468    0.6060    0.2497    1.1243    0.2451    0.3618
   0    0.8784 -999.9900    1.6747    1.6747    1.0906    0.3503    1.1659    0.1468    0.2478
   0    0.9275 -999.9900    1.6446    1.6446    0.6050    0.2658    1.1203    0.2416    0.3619
   0    0.8558 -999.9900    1.6327    1.6327    1.0517    0.3338    1.1300    0.1487    0.2485
    
2023021000
   1 -999.9900 -999.9900 -999.9900 -999.9900 -999.9900 -999.9900 -999.9900 -999.9900 -999.9900
   1 -999.9900 -999.9900 -999.9900 -999.9900 -999.9900 -999.9900 -999.9900 -999.9900 -999.9900
   1 -999.9900 -999.9900 -999.9900 -999.9900 -999.9900 -999.9900 -999.9900 -999.9900 -999.9900
   1 -999.9900 -999.9900 -999.9900 -999.9900 -999.9900 -999.9900 -999.9900 -999.9900 -999.9900
    
2023021100
   0    1.0511 -999.9900    1.7810    1.7810    0.6416    0.2626    1.2619    0.2722    0.3745
   0    0.8860 -999.9900    1.6152    1.6152    1.1120    0.3738    1.1715    0.1653    0.2567
   0    1.0452 -999.9900    1.7785    1.7785    0.6466    0.2859    1.2543    0.2601    0.3777
   0    0.8817 -999.9900    1.6091    1.6091    1.0870    0.3611    1.1590    0.1637    0.2629
    
2023021200
   0    1.0823 -999.9900    1.8033    1.8033    0.6589   -0.0435    1.2932    0.3535    0.3103
   0    0.9193 -999.9900    1.6508    1.6508    1.0968    0.0570    1.2147    0.2360    0.2021
   0    1.0824 -999.9900    1.7975    1.7975    0.6478   -0.0492    1.2917    0.3567    0.3095
   0    0.9213 -999.9900    1.6515    1.6515    1.0643    0.0309    1.2081    0.2415    0.2055
    
2023021300
   0    1.0047 -999.9900    1.6434    1.6434    0.6722    0.1335    1.2219    0.2942    0.3449
   0    0.9162 -999.9900    1.6322    1.6322    1.0843    0.2092    1.2138    0.1961    0.2683
   0    1.0146 -999.9900    1.6680    1.6680    0.7025    0.0941    1.2414    0.2949    0.3330
   0    0.9156 -999.9900    1.6239    1.6239    1.0760    0.1748    1.2082    0.2002    0.2634
    
2023021400
   0    1.1215 -999.9900    1.9499    1.9499    0.6245    0.3979    1.3405    0.2640    0.3649
   0    1.0860 -999.9900    2.0472    2.0472    1.0980    0.6123    1.4224    0.1744    0.3128
   0    1.1190 -999.9900    1.9479    1.9479    0.6206    0.3953    1.3376    0.2673    0.3641
   0    1.0642 -999.9900    1.9994    1.9994    1.0749    0.5711    1.3878    0.1816    0.3053
    
2023021500
   0    1.1710 -999.9900    2.1779    2.1779    0.7320    0.6471    1.3960    0.2190    0.4228
   0    1.1506 -999.9900    2.2868    2.2868    1.2101    0.9284    1.4914    0.1169    0.3332
   0    1.1622 -999.9900    2.1625    2.1625    0.7220    0.6286    1.3845    0.2210    0.4171
   0    1.1198 -999.9900    2.2310    2.2310    1.1884    0.8639    1.4464    0.1238    0.3243
    
2023021600
   0    1.1877 -999.9900    2.2554    2.2554    0.7750    0.6083    1.4101    0.2542    0.3932
   0    1.1404 -999.9900    2.3211    2.3211    1.1579    0.7970    1.4647    0.1469    0.3145
   0    1.1827 -999.9900    2.2477    2.2477    0.7548    0.5937    1.4010    0.2584    0.3917
   0    1.1134 -999.9900    2.2740    2.2740    1.1142    0.7342    1.4193    0.1548    0.3110
    
2023021700
   0    1.2149 -999.9900    2.1823    2.1823    0.6970    0.7571    1.4230    0.1951    0.4384
   0    1.0223 -999.9900    2.1130    2.1130    1.2019    0.6850    1.3177    0.1116    0.2941
   0    1.2197 -999.9900    2.1983    2.1983    0.6929    0.7735    1.4300    0.1930    0.4383
   0    1.0224 -999.9900    2.0988    2.0988    1.1702    0.6937    1.3122    0.1131    0.2999
    
2023021800
   0    1.2260 -999.9900    2.0640    2.0640    0.6325    0.7400    1.4490    0.2019    0.4723
   0    0.9816 -999.9900    1.8298    1.8298    1.1087    0.5160    1.2746    0.1359    0.2961
   0    1.2111 -999.9900    2.0537    2.0537    0.6634    0.7141    1.4306    0.2021    0.4485
   0    0.9898 -999.9900    1.8468    1.8468    1.0911    0.5459    1.2824    0.1366    0.3027
    
2023021900
   1 -999.9900 -999.9900 -999.9900 -999.9900 -999.9900 -999.9900 -999.9900 -999.9900 -999.9900
   1 -999.9900 -999.9900 -999.9900 -999.9900 -999.9900 -999.9900 -999.9900 -999.9900 -999.9900
   1 -999.9900 -999.9900 -999.9900 -999.9900 -999.9900 -999.9900 -999.9900 -999.9900 -999.9900
   1 -999.9900 -999.9900 -999.9900 -999.9900 -999.9900 -999.9900 -999.9900 -999.9900 -999.9900
    
