2023010700
   1 -999.9900 -999.9900 -999.9900 -999.9900 -999.9900 -999.9900 -999.9900 -999.9900 -999.9900
   1 -999.9900 -999.9900 -999.9900 -999.9900 -999.9900 -999.9900 -999.9900 -999.9900 -999.9900
   1 -999.9900 -999.9900 -999.9900 -999.9900 -999.9900 -999.9900 -999.9900 -999.9900 -999.9900
   1 -999.9900 -999.9900 -999.9900 -999.9900 -999.9900 -999.9900 -999.9900 -999.9900 -999.9900
    
2023010800
   0    0.9388 -999.9900    1.5755    1.5755    0.7374   -0.1226    1.1669    0.3173    0.2546
   0    0.8460 -999.9900    1.4827    1.4827    0.9313   -0.1348    1.0905    0.2534    0.1868
   0    0.9324 -999.9900    1.5732    1.5732    0.7408   -0.1411    1.1622    0.3178    0.2470
   0    0.8205 -999.9900    1.4892    1.4892    0.9195   -0.1541    1.0606    0.2369    0.1876
    
2023010900
   0    0.9273 -999.9900    1.6056    1.6056    0.8053   -0.0524    1.1678    0.2877    0.2563
   0    0.8533 -999.9900    1.5426    1.5426    0.9631   -0.1974    1.1122    0.2576    0.1758
   0    0.9176 -999.9900    1.5961    1.5961    0.8234   -0.0609    1.1593    0.2855    0.2520
   0    0.8275 -999.9900    1.5351    1.5351    0.9633   -0.1782    1.0771    0.2322    0.1767
    
2023011000
   0    1.0204 -999.9900    1.8925    1.8925    1.2578   -0.1480    1.2959    0.2795    0.2511
   0    0.9148 -999.9900    1.6956    1.6956    1.3780   -0.1740    1.2103    0.2412    0.1870
   0    1.0184 -999.9900    1.8973    1.8973    1.2793   -0.1386    1.2966    0.2785    0.2495
   0    0.9186 -999.9900    1.7178    1.7178    1.3944   -0.1631    1.2158    0.2400    0.1903
    
2023011100
   0    0.9073 -999.9900    1.6007    1.6007    0.9659    0.0666    1.1565    0.2471    0.2926
   0    0.8070 -999.9900    1.4575    1.4575    1.0837   -0.0455    1.0648    0.2164    0.1989
   0    0.9010 -999.9900    1.5968    1.5968    0.9927    0.0725    1.1554    0.2424    0.2844
   0    0.8096 -999.9900    1.4659    1.4659    1.1013   -0.0196    1.0701    0.2115    0.2020
    
2023011200
   0    0.9630 -999.9900    1.6511    1.6511    0.8136    0.1417    1.2032    0.2493    0.3141
   0    0.8555 -999.9900    1.5270    1.5270    1.0333    0.0959    1.1185    0.1984    0.2229
   0    0.9582 -999.9900    1.6413    1.6413    0.8279    0.1488    1.1975    0.2474    0.3133
   0    0.8595 -999.9900    1.5322    1.5322    1.0214    0.1093    1.1218    0.2001    0.2298
    
2023011300
   0    1.1736 -999.9900    1.9977    1.9977    0.9626   -0.1042    1.4494    0.3297    0.2788
   0    1.0304 -999.9900    1.8164    1.8164    1.1630   -0.1485    1.3408    0.2596    0.2017
   0    1.1758 -999.9900    2.0027    2.0027    0.9684   -0.1041    1.4514    0.3274    0.2782
   0    1.0406 -999.9900    1.8386    1.8386    1.1589   -0.1396    1.3507    0.2614    0.2076
    
2023011400
   0    1.1027 -999.9900    1.9738    1.9738    1.1668   -0.1474    1.3937    0.3110    0.2395
   0    1.0064 -999.9900    1.8573    1.8573    1.3010   -0.1183    1.3206    0.2543    0.1820
   0    1.0956 -999.9900    1.9573    1.9573    1.1426   -0.1817    1.3810    0.3158    0.2372
   0    1.0050 -999.9900    1.8507    1.8507    1.2917   -0.1447    1.3152    0.2597    0.1840
    
2023011500
   0    1.1369 -999.9900    2.0045    2.0045    1.2060   -0.1368    1.4313    0.3050    0.2630
   0    1.0019 -999.9900    1.8231    1.8231    1.3723   -0.2197    1.3091    0.2581    0.1872
   0    1.1247 -999.9900    1.9774    1.9774    1.2054   -0.1113    1.4180    0.2933    0.2671
   0    1.0057 -999.9900    1.8279    1.8279    1.3612   -0.1878    1.3152    0.2535    0.1964
    
2023011600
   0    1.0936 -999.9900    1.9036    1.9036    1.0698    0.0272    1.3858    0.2714    0.3026
   0    0.9356 -999.9900    1.6661    1.6661    1.2679   -0.0027    1.2333    0.2163    0.2190
   0    1.0839 -999.9900    1.8965    1.8965    1.0328    0.0232    1.3731    0.2715    0.3014
   0    0.9423 -999.9900    1.6881    1.6881    1.2443    0.0009    1.2430    0.2181    0.2254
    
2023011700
   0    1.0250 -999.9900    1.7465    1.7465    0.9693   -0.0151    1.2836    0.3013    0.2699
   0    0.9141 -999.9900    1.6205    1.6205    1.1088   -0.1279    1.1943    0.2576    0.1850
   0    1.0167 -999.9900    1.7449    1.7449    0.9919   -0.0148    1.2812    0.2941    0.2637
   0    0.9172 -999.9900    1.6298    1.6298    1.1176   -0.1051    1.2001    0.2551    0.1887
    
2023011800
   0    1.0064 -999.9900    1.7510    1.7510    0.7860    0.0319    1.2432    0.2929    0.3049
   0    0.9175 -999.9900    1.6746    1.6746    0.9672   -0.0350    1.1866    0.2459    0.2192
   0    1.0055 -999.9900    1.7510    1.7510    0.7802    0.0398    1.2419    0.2913    0.3056
   0    0.9206 -999.9900    1.6778    1.6778    0.9527   -0.0169    1.1884    0.2464    0.2274
    
2023011900
   0    0.9995 -999.9900    1.7176    1.7176    0.8012   -0.1122    1.2440    0.3083    0.2813
   0    0.8812 -999.9900    1.6009    1.6009    1.0677   -0.1431    1.1598    0.2267    0.1830
   0    0.9927 -999.9900    1.7170    1.7170    0.8133   -0.0941    1.2398    0.2977    0.2789
   0    0.8812 -999.9900    1.6046    1.6046    1.0562   -0.1261    1.1589    0.2261    0.1901
    
2023012000
   0    0.9632 -999.9900    1.6016    1.6016    0.7387   -0.0882    1.1905    0.3142    0.2703
   0    0.8465 -999.9900    1.4997    1.4997    0.9697   -0.1032    1.1101    0.2372    0.1911
   0    0.9549 -999.9900    1.5907    1.5907    0.7339   -0.0816    1.1817    0.3113    0.2696
   0    0.8496 -999.9900    1.5003    1.5003    0.9471   -0.0962    1.1111    0.2408    0.1975
    
2023012100
   1 -999.9900 -999.9900 -999.9900 -999.9900 -999.9900 -999.9900 -999.9900 -999.9900 -999.9900
   1 -999.9900 -999.9900 -999.9900 -999.9900 -999.9900 -999.9900 -999.9900 -999.9900 -999.9900
   1 -999.9900 -999.9900 -999.9900 -999.9900 -999.9900 -999.9900 -999.9900 -999.9900 -999.9900
   1 -999.9900 -999.9900 -999.9900 -999.9900 -999.9900 -999.9900 -999.9900 -999.9900 -999.9900
    
2023012200
   0    0.9133 -999.9900    1.5452    1.5452    0.7571    0.0819    1.1316    0.2712    0.3075
   0    0.9133 -999.9900    1.5452    1.5452    0.7571    0.0819    1.1316    0.2712    0.3075
   0    0.9057 -999.9900    1.5389    1.5389    0.7703    0.0706    1.1255    0.2692    0.3029
   0    0.8254 -999.9900    1.4795    1.4795    0.9434    0.0637    1.0720    0.2054    0.2242
    
2023012300
   0    1.0155 -999.9900    1.7219    1.7219    0.7983   -0.0629    1.2702    0.3289    0.2603
   0    0.9069 -999.9900    1.6621    1.6621    1.0695    0.0393    1.1909    0.2281    0.2023
   0    1.0131 -999.9900    1.7245    1.7245    0.8164   -0.0840    1.2711    0.3300    0.2521
   0    0.9084 -999.9900    1.6562    1.6562    1.0605    0.0062    1.1930    0.2369    0.2002
    
2023012400
   0    1.0754 -999.9900    1.9206    1.9206    0.9841    0.0114    1.3467    0.2827    0.2924
   0    0.9642 -999.9900    1.7714    1.7714    1.2680    0.0541    1.2654    0.2032    0.2237
   0    1.0718 -999.9900    1.9110    1.9110    0.9860    0.0223    1.3434    0.2799    0.2927
   0    0.9646 -999.9900    1.7738    1.7738    1.2494    0.0521    1.2631    0.2051    0.2286
    
2023012500
   0    1.0451 -999.9900    1.8243    1.8243    0.8250    0.0774    1.3008    0.2764    0.3050
   0    0.9179 -999.9900    1.7060    1.7060    1.1068    0.1476    1.2057    0.1942    0.2308
   0    1.0497 -999.9900    1.8302    1.8302    0.8175    0.0835    1.3066    0.2766    0.3097
   0    0.9280 -999.9900    1.7159    1.7159    1.0819    0.1372    1.2160    0.2014    0.2380
    
2023012600
   0    0.9611 -999.9900    1.6597    1.6597    0.7839    0.0818    1.2031    0.2733    0.2932
   0    0.8528 -999.9900    1.5578    1.5578    1.0497    0.1718    1.1203    0.1665    0.2278
   0    0.9617 -999.9900    1.6606    1.6606    0.7724    0.0848    1.2033    0.2735    0.2963
   0    0.8550 -999.9900    1.5605    1.5605    1.0255    0.1555    1.1213    0.1739    0.2304
    
2023012700
   1 -999.9900 -999.9900 -999.9900 -999.9900 -999.9900 -999.9900 -999.9900 -999.9900 -999.9900
   1 -999.9900 -999.9900 -999.9900 -999.9900 -999.9900 -999.9900 -999.9900 -999.9900 -999.9900
   1 -999.9900 -999.9900 -999.9900 -999.9900 -999.9900 -999.9900 -999.9900 -999.9900 -999.9900
   1 -999.9900 -999.9900 -999.9900 -999.9900 -999.9900 -999.9900 -999.9900 -999.9900 -999.9900
    
2023012800
   0    1.0388 -999.9900    1.7193    1.7193    0.8406    0.0152    1.2960    0.2877    0.2950
   0    0.9349 -999.9900    1.6265    1.6265    1.0415   -0.0149    1.2143    0.2226    0.2207
   0    1.0316 -999.9900    1.7070    1.7070    0.8161    0.0312    1.2848    0.2851    0.2976
   0    0.9354 -999.9900    1.6235    1.6235    1.0154    0.0007    1.2119    0.2256    0.2273
    
2023012900
   0    1.0095 -999.9900    1.6958    1.6958    0.8203   -0.0897    1.2614    0.3111    0.2702
   0    0.8925 -999.9900    1.5861    1.5861    1.0266   -0.1081    1.1744    0.2351    0.1876
   0    1.0168 -999.9900    1.7048    1.7048    0.8030   -0.0854    1.2686    0.3133    0.2753
   0    0.9032 -999.9900    1.5982    1.5982    1.0062   -0.1018    1.1851    0.2418    0.1976
    
2023013000
   0    0.9734 -999.9900    1.6252    1.6252    0.7839   -0.0428    1.2092    0.3056    0.2813
   0    0.8565 -999.9900    1.5226    1.5226    1.0397   -0.0872    1.1267    0.2218    0.1874
   0    0.9689 -999.9900    1.6209    1.6209    0.7673   -0.0489    1.2060    0.3057    0.2797
   0    0.8610 -999.9900    1.5257    1.5257    1.0091   -0.0820    1.1302    0.2279    0.1960
    
2023013100
   1 -999.9900 -999.9900 -999.9900 -999.9900 -999.9900 -999.9900 -999.9900 -999.9900 -999.9900
   1 -999.9900 -999.9900 -999.9900 -999.9900 -999.9900 -999.9900 -999.9900 -999.9900 -999.9900
   1 -999.9900 -999.9900 -999.9900 -999.9900 -999.9900 -999.9900 -999.9900 -999.9900 -999.9900
   1 -999.9900 -999.9900 -999.9900 -999.9900 -999.9900 -999.9900 -999.9900 -999.9900 -999.9900
    
2023020100
   1 -999.9900 -999.9900 -999.9900 -999.9900 -999.9900 -999.9900 -999.9900 -999.9900 -999.9900
   1 -999.9900 -999.9900 -999.9900 -999.9900 -999.9900 -999.9900 -999.9900 -999.9900 -999.9900
   1 -999.9900 -999.9900 -999.9900 -999.9900 -999.9900 -999.9900 -999.9900 -999.9900 -999.9900
   0    0.8431 -999.9900    1.5307    1.5307    1.0494   -0.0932    1.1039    0.2223    0.1909
    
2023020200
   0    0.9354 -999.9900    1.5987    1.5987    0.7485   -0.1693    1.1654    0.3311    0.2413
   0    0.8107 -999.9900    1.4513    1.4513    1.0194   -0.1211    1.0609    0.2302    0.1758
   0    0.9298 -999.9900    1.5923    1.5923    0.7559   -0.1724    1.1609    0.3287    0.2397
   0    0.8156 -999.9900    1.4602    1.4602    1.0005   -0.1326    1.0659    0.2365    0.1792
    
2023020300
   0    1.0882 -999.9900    1.8618    1.8618    0.8925   -0.2644    1.3421    0.3458    0.2519
   0    0.9916 -999.9900    1.7841    1.7841    1.1621   -0.2237    1.2919    0.2575    0.1878
   0    1.0794 -999.9900    1.8549    1.8549    0.8881   -0.2545    1.3325    0.3431    0.2476
   0    0.9887 -999.9900    1.7790    1.7790    1.1373   -0.2259    1.2847    0.2628    0.1890
    
2023020400
   0    1.1348 -999.9900    1.9623    1.9623    0.9795   -0.3248    1.4100    0.3419    0.2673
   0    1.0405 -999.9900    1.8515    1.8515    1.2172   -0.3702    1.3639    0.2757    0.1914
   0    1.1268 -999.9900    1.9581    1.9581    0.9957   -0.3130    1.4044    0.3342    0.2648
   0    1.0384 -999.9900    1.8546    1.8546    1.2076   -0.3541    1.3588    0.2758    0.1957
    
2023020500
   0    1.1355 -999.9900    1.9294    1.9294    1.0112    0.4005    1.4021    0.2323    0.3700
   0    0.9759 -999.9900    1.7349    1.7349    1.1934    0.2214    1.2775    0.1917    0.2627
   0    1.1309 -999.9900    1.9247    1.9247    1.0008    0.3971    1.3967    0.2327    0.3707
   0    0.9858 -999.9900    1.7535    1.7535    1.1824    0.2552    1.2855    0.1929    0.2732
    
2023020600
   0    1.0244 -999.9900    1.8160    1.8160    0.9048    0.0615    1.2819    0.2727    0.2849
   0    0.9064 -999.9900    1.7083    1.7083    1.1197   -0.0063    1.1823    0.2034    0.1980
   0    1.0188 -999.9900    1.8186    1.8186    0.9008    0.0606    1.2762    0.2697    0.2810
   0    0.9101 -999.9900    1.7165    1.7165    1.1023    0.0067    1.1868    0.2057    0.2026
    
2023020700
   0    1.1806 -999.9900    2.0169    2.0169    1.0157    0.1215    1.4556    0.2713    0.3221
   0    1.0549 -999.9900    1.8878    1.8878    1.3610    0.1829    1.3787    0.1981    0.2368
   0    1.1845 -999.9900    2.0226    2.0226    1.0249    0.1087    1.4628    0.2739    0.3173
   0    1.0693 -999.9900    1.9116    1.9116    1.3298    0.1539    1.3934    0.2040    0.2424
    
2023020800
   0    1.0054 -999.9900    1.6977    1.6977    0.8937    0.0031    1.2690    0.2656    0.2766
   0    0.9142 -999.9900    1.6270    1.6270    1.1037   -0.0264    1.2084    0.2083    0.1988
   0    1.0022 -999.9900    1.6986    1.6986    0.9042   -0.0029    1.2685    0.2624    0.2722
   0    0.9149 -999.9900    1.6254    1.6254    1.0950   -0.0241    1.2087    0.2084    0.2020
    
2023020900
   1 -999.9900 -999.9900 -999.9900 -999.9900 -999.9900 -999.9900 -999.9900 -999.9900 -999.9900
   1 -999.9900 -999.9900 -999.9900 -999.9900 -999.9900 -999.9900 -999.9900 -999.9900 -999.9900
   1 -999.9900 -999.9900 -999.9900 -999.9900 -999.9900 -999.9900 -999.9900 -999.9900 -999.9900
   1 -999.9900 -999.9900 -999.9900 -999.9900 -999.9900 -999.9900 -999.9900 -999.9900 -999.9900
    
2023021000
   0    1.0815 -999.9900    1.8334    1.8334    0.9584   -0.1108    1.3407    0.3113    0.2611
   0    0.9778 -999.9900    1.7357    1.7357    1.1399   -0.1107    1.2728    0.2454    0.1911
   0    1.0827 -999.9900    1.8409    1.8409    0.9499   -0.1208    1.3435    0.3147    0.2587
   0    0.9814 -999.9900    1.7421    1.7421    1.1302   -0.1168    1.2743    0.2512    0.1937
    
2023021100
   1 -999.9900 -999.9900 -999.9900 -999.9900 -999.9900 -999.9900 -999.9900 -999.9900 -999.9900
   1 -999.9900 -999.9900 -999.9900 -999.9900 -999.9900 -999.9900 -999.9900 -999.9900 -999.9900
   1 -999.9900 -999.9900 -999.9900 -999.9900 -999.9900 -999.9900 -999.9900 -999.9900 -999.9900
   1 -999.9900 -999.9900 -999.9900 -999.9900 -999.9900 -999.9900 -999.9900 -999.9900 -999.9900
    
2023021200
   0    0.9716 -999.9900    1.6569    1.6569    0.8958   -0.0539    1.2314    0.2925    0.2555
   0    0.8773 -999.9900    1.5776    1.5776    1.0953   -0.1036    1.1561    0.2285    0.1823
   0    0.9638 -999.9900    1.6446    1.6446    0.8705   -0.0468    1.2204    0.2940    0.2570
   0    0.8754 -999.9900    1.5707    1.5707    1.0686   -0.0894    1.1514    0.2312    0.1880
    
2023021300
   0    0.9648 -999.9900    1.6943    1.6943    0.9657   -0.0565    1.2239    0.2870    0.2575
   0    0.8613 -999.9900    1.5888    1.5888    1.1651   -0.0880    1.1402    0.2215    0.1824
   0    0.9661 -999.9900    1.6902    1.6902    0.9645   -0.0530    1.2262    0.2872    0.2573
   0    0.8639 -999.9900    1.5865    1.5865    1.1573   -0.0796    1.1429    0.2248    0.1861
    
2023021400
   0    1.0786 -999.9900    1.8887    1.8887    0.9910    0.0405    1.3624    0.2570    0.2987
   0    0.9729 -999.9900    1.7562    1.7562    1.2197    0.0718    1.2813    0.1911    0.2377
   0    1.0816 -999.9900    1.8951    1.8951    1.0241    0.0508    1.3712    0.2499    0.2982
   0    0.9784 -999.9900    1.7667    1.7667    1.2246    0.0718    1.2887    0.1904    0.2415
    
2023021500
   0    1.2761 -999.9900    2.2309    2.2309    0.9868    0.1660    1.5785    0.2842    0.3172
   0    1.0961 -999.9900    2.0167    2.0167    1.3178    0.1958    1.4371    0.2021    0.2346
   0    1.2752 -999.9900    2.2284    2.2284    0.9934    0.1656    1.5793    0.2826    0.3164
   0    1.1072 -999.9900    2.0335    2.0335    1.3032    0.1896    1.4481    0.2075    0.2409
    
2023021600
   0    1.1109 -999.9900    1.9234    1.9234    0.8669   -0.0568    1.3663    0.3054    0.2864
   0    0.9981 -999.9900    1.8014    1.8014    1.1628   -0.0179    1.3032    0.2268    0.2080
   0    1.1153 -999.9900    1.9344    1.9344    0.8879   -0.0849    1.3780    0.3086    0.2812
   0    1.0008 -999.9900    1.8073    1.8073    1.1612   -0.0425    1.3071    0.2325    0.2083
    
2023021700
   0    1.1067 -999.9900    1.8275    1.8275    0.8727   -0.1740    1.3691    0.3265    0.2807
   0    0.9674 -999.9900    1.6718    1.6718    1.1306   -0.1463    1.2590    0.2454    0.2074
   0    1.1045 -999.9900    1.8199    1.8199    0.8476   -0.1802    1.3624    0.3323    0.2835
   0    0.9728 -999.9900    1.6779    1.6779    1.1048   -0.1556    1.2637    0.2529    0.2140
    
2023021800
   0    1.0957 -999.9900    2.0482    2.0482    1.0666   -0.2443    1.3634    0.3296    0.2611
   0    0.9704 -999.9900    1.8052    1.8052    1.3922   -0.1716    1.2743    0.2612    0.1887
   0    1.1012 -999.9900    2.0684    2.0684    1.0538   -0.2438    1.3698    0.3300    0.2610
   0    0.9773 -999.9900    1.8298    1.8298    1.3819   -0.1859    1.2810    0.2655    0.1928
    
2023021900
   0    0.9734 -999.9900    1.6019    1.6019    0.7575    0.0968    1.2028    0.2722    0.3216
   0    0.8422 -999.9900    1.4745    1.4745    0.9935   -0.0099    1.1053    0.2165    0.2095
   0    0.9668 -999.9900    1.5979    1.5979    0.7655    0.1078    1.2000    0.2638    0.3203
   0    0.8481 -999.9900    1.4829    1.4829    0.9782    0.0180    1.1122    0.2140    0.2208
    
2023022000
   0    1.0750 -999.9900    1.7929    1.7929    0.9091    0.1164    1.3381    0.2634    0.3026
   0    0.9399 -999.9900    1.6556    1.6556    1.1697   -0.0146    1.2339    0.2030    0.1930
   0    1.0686 -999.9900    1.7875    1.7875    0.9042    0.1226    1.3337    0.2611    0.3010
   0    0.9447 -999.9900    1.6623    1.6623    1.1465    0.0153    1.2381    0.2041    0.2027
    
2023022100
   0    1.0962 -999.9900    1.8664    1.8664    0.9472   -0.1613    1.3794    0.3140    0.2394
   0    0.9932 -999.9900    1.7811    1.7811    1.1602   -0.1853    1.3120    0.2410    0.1788
   0    1.1004 -999.9900    1.8741    1.8741    0.9380   -0.1745    1.3877    0.3165    0.2402
   0    0.9991 -999.9900    1.7860    1.7860    1.1433   -0.1884    1.3193    0.2469    0.1825
    
2023022200
   0    1.1079 -999.9900    1.9736    1.9736    0.9920   -0.2507    1.3997    0.3273    0.2258
   0    0.9582 -999.9900    1.7907    1.7907    1.3249   -0.1634    1.2729    0.2133    0.1544
   0    1.1120 -999.9900    1.9766    1.9766    0.9768   -0.2586    1.4061    0.3312    0.2255
   0    0.9656 -999.9900    1.8037    1.8037    1.2962   -0.1856    1.2844    0.2231    0.1578
    
2023022300
   0    1.2341 -999.9900    2.1602    2.1602    1.0276   -0.0094    1.5404    0.2974    0.2888
   0    1.0492 -999.9900    1.9789    1.9789    1.3447    0.0366    1.3879    0.2074    0.1982
   0    1.2286 -999.9900    2.1539    2.1539    1.0228   -0.0012    1.5356    0.2971    0.2887
   0    1.0566 -999.9900    1.9853    1.9853    1.3265    0.0323    1.3980    0.2128    0.2025
    
2023022400
   0    1.0034 -999.9900    1.7409    1.7409    0.8977   -0.1569    1.2663    0.2976    0.2650
   0    0.8911 -999.9900    1.6365    1.6365    1.1662   -0.1223    1.1826    0.2045    0.1890
   0    1.0001 -999.9900    1.7459    1.7459    0.9137   -0.1666    1.2656    0.2940    0.2597
   0    0.8914 -999.9900    1.6384    1.6384    1.1578   -0.1351    1.1834    0.2078    0.1895
    
2023022500
   0    1.0964 -999.9900    1.8840    1.8840    0.8808   -0.3442    1.3453    0.3470    0.2537
   0    0.9926 -999.9900    1.7949    1.7949    1.1093   -0.2678    1.2862    0.2470    0.1999
   0    1.0904 -999.9900    1.8830    1.8830    0.8773   -0.3390    1.3435    0.3435    0.2522
   0    0.9912 -999.9900    1.7954    1.7954    1.0942   -0.2800    1.2848    0.2521    0.2001
    
2023022600
   0    1.0116 -999.9900    1.8294    1.8294    0.9623    0.0205    1.2686    0.2749    0.2898
   0    0.9270 -999.9900    1.7160    1.7160    1.2295   -0.0863    1.2186    0.2223    0.2017
   0    1.0024 -999.9900    1.8209    1.8209    0.9579    0.0272    1.2600    0.2692    0.2859
   0    0.9195 -999.9900    1.7096    1.7096    1.2136   -0.0609    1.2056    0.2191    0.2043
    
2023022700
   0    1.0528 -999.9900    1.8996    1.8996    0.8836    0.0248    1.3191    0.2757    0.2942
   0    0.9276 -999.9900    1.7404    1.7404    1.1353    0.0510    1.2302    0.1912    0.2227
   0    1.0550 -999.9900    1.9056    1.9056    0.8839    0.0242    1.3247    0.2739    0.2932
   0    0.9362 -999.9900    1.7597    1.7597    1.1175    0.0454    1.2394    0.1959    0.2271
    
2023022800
   0    1.0125 -999.9900    1.7501    1.7501    0.9714   -0.0183    1.2984    0.2623    0.2709
   0    0.8961 -999.9900    1.6008    1.6008    1.1873   -0.0979    1.1906    0.2046    0.1865
   0    1.0128 -999.9900    1.7488    1.7488    0.9794   -0.0302    1.2987    0.2668    0.2676
   0    0.8995 -999.9900    1.6081    1.6081    1.1862   -0.0910    1.1959    0.2077    0.1881
    
2023030100
   0    1.0181 -999.9900    1.7515    1.7515    0.8997   -0.1432    1.3053    0.2983    0.2501
   0    0.8786 -999.9900    1.5973    1.5973    1.1750   -0.1260    1.1840    0.2175    0.1707
   0    1.0085 -999.9900    1.7475    1.7475    0.9028   -0.1492    1.2975    0.2970    0.2455
   0    0.8843 -999.9900    1.6051    1.6051    1.1572   -0.1331    1.1902    0.2239    0.1750
    
2023030200
   0    1.0529 -999.9900    1.8664    1.8664    0.9458    0.1114    1.3246    0.2380    0.2932
   0    0.9429 -999.9900    1.7630    1.7630    1.2084    0.0584    1.2391    0.1772    0.1990
   0    1.0486 -999.9900    1.8609    1.8609    0.9330    0.1152    1.3227    0.2378    0.2961
   1 -999.9900 -999.9900 -999.9900 -999.9900 -999.9900 -999.9900 -999.9900 -999.9900 -999.9900
    
2023030300
   1 -999.9900 -999.9900 -999.9900 -999.9900 -999.9900 -999.9900 -999.9900 -999.9900 -999.9900
   1 -999.9900 -999.9900 -999.9900 -999.9900 -999.9900 -999.9900 -999.9900 -999.9900 -999.9900
   1 -999.9900 -999.9900 -999.9900 -999.9900 -999.9900 -999.9900 -999.9900 -999.9900 -999.9900
   1 -999.9900 -999.9900 -999.9900 -999.9900 -999.9900 -999.9900 -999.9900 -999.9900 -999.9900
    
2023030400
   0    1.0888 -999.9900    1.8984    1.8984    0.9968   -0.0529    1.3909    0.2880    0.2618
   0    0.9154 -999.9900    1.6625    1.6625    1.2061    0.0029    1.2253    0.1925    0.1991
   0    1.0830 -999.9900    1.8818    1.8818    0.9765   -0.0314    1.3825    0.2833    0.2674
   0    0.9283 -999.9900    1.6842    1.6842    1.1815    0.0046    1.2408    0.1989    0.2061
    
2023030500
   0    1.0973 -999.9900    1.8810    1.8810    0.9136   -0.3557    1.3752    0.3615    0.2285
   0    0.9879 -999.9900    1.7843    1.7843    1.2209   -0.2852    1.2993    0.2703    0.1710
   0    1.0889 -999.9900    1.8673    1.8673    0.9480   -0.3512    1.3699    0.3579    0.2245
   0    0.9852 -999.9900    1.7745    1.7745    1.2130   -0.2966    1.2958    0.2742    0.1707
    
2023030600
   0    1.0212 -999.9900    1.7678    1.7678    0.9310   -0.1302    1.2963    0.3069    0.2448
   0    0.9052 -999.9900    1.6480    1.6480    1.1903   -0.0823    1.2096    0.2124    0.1755
   0    1.0189 -999.9900    1.7615    1.7615    0.9135   -0.1274    1.2933    0.3079    0.2467
   0    0.9095 -999.9900    1.6510    1.6510    1.1598   -0.0902    1.2126    0.2205    0.1804
    
2023030700
   0    0.9627 -999.9900    1.6755    1.6755    0.9443   -0.0773    1.2351    0.2818    0.2537
   0    0.8710 -999.9900    1.5713    1.5713    1.1482   -0.1121    1.1666    0.2173    0.1719
   0    0.9583 -999.9900    1.6646    1.6646    0.9235   -0.0809    1.2256    0.2832    0.2531
   0    0.8716 -999.9900    1.5707    1.5707    1.1212   -0.1074    1.1631    0.2205    0.1778
    
2023030800
   0    1.0032 -999.9900    1.7463    1.7463    0.8619   -0.1115    1.2531    0.3191    0.2685
   0    0.8938 -999.9900    1.6294    1.6294    1.1414   -0.0491    1.1902    0.2253    0.1920
   0    1.0061 -999.9900    1.7566    1.7566    0.8673   -0.1258    1.2598    0.3215    0.2655
   0    0.8980 -999.9900    1.6372    1.6372    1.1273   -0.0702    1.1931    0.2327    0.1942
    
2023030900
   0    0.8993 -999.9900    1.5645    1.5645    0.7724   -0.0103    1.1334    0.2612    0.2692
   0    0.7795 -999.9900    1.4249    1.4249    1.0105    0.0058    1.0369    0.1810    0.1853
   0    0.8985 -999.9900    1.5602    1.5602    0.7529   -0.0022    1.1304    0.2616    0.2733
   0    0.7848 -999.9900    1.4333    1.4333    0.9846    0.0074    1.0407    0.1866    0.1927
    
2023031000
   0    0.9252 -999.9900    1.6380    1.6380    0.9025   -0.0233    1.1670    0.2614    0.2788
   0    0.8352 -999.9900    1.5312    1.5312    1.0942   -0.0646    1.1068    0.1977    0.1991
   0    0.9224 -999.9900    1.6311    1.6311    0.8819   -0.0116    1.1627    0.2601    0.2833
   0    0.8344 -999.9900    1.5302    1.5302    1.0751   -0.0493    1.1042    0.1991    0.2061
    
2023031100
   0    1.0606 -999.9900    1.9236    1.9236    0.9257   -0.0426    1.3410    0.2709    0.2639
   0    0.9465 -999.9900    1.7777    1.7777    1.1494   -0.0839    1.2472    0.2039    0.1900
   0    1.0585 -999.9900    1.9213    1.9213    0.9147   -0.0540    1.3403    0.2745    0.2623
   0    0.9507 -999.9900    1.7896    1.7896    1.1296   -0.0825    1.2520    0.2099    0.1924
    
2023031200
   0    1.0432 -999.9900    1.8202    1.8202    1.0246   -0.1314    1.3170    0.3033    0.2738
   0    0.9065 -999.9900    1.6472    1.6472    1.2619   -0.0445    1.2032    0.2092    0.2123
   0    1.0383 -999.9900    1.8116    1.8116    1.0073   -0.1326    1.3111    0.3023    0.2716
   0    0.9114 -999.9900    1.6534    1.6534    1.2422   -0.0625    1.2057    0.2163    0.2146
    
2023031300
   0    0.9766 -999.9900    1.6878    1.6878    0.8896   -0.0312    1.2256    0.2748    0.2944
   0    0.8493 -999.9900    1.5146    1.5146    1.1326   -0.0015    1.1174    0.1889    0.2063
   0    0.9727 -999.9900    1.6840    1.6840    0.8967   -0.0339    1.2238    0.2705    0.2907
   0    0.8554 -999.9900    1.5291    1.5291    1.1181   -0.0091    1.1255    0.1930    0.2105
    
2023031400
   0    1.0806 -999.9900    1.8624    1.8624    0.9988    0.0152    1.3556    0.2782    0.2962
   0    0.9510 -999.9900    1.7255    1.7255    1.2235   -0.0183    1.2588    0.1968    0.2013
   0    1.0723 -999.9900    1.8568    1.8568    0.9922   -0.0091    1.3477    0.2764    0.2897
   0    0.9524 -999.9900    1.7297    1.7297    1.2083   -0.0262    1.2585    0.2018    0.2045
    
2023031500
   0    1.1961 -999.9900    2.0489    2.0489    1.1729   -0.0679    1.5146    0.2835    0.2796
   0    1.0140 -999.9900    1.8505    1.8505    1.3999   -0.0528    1.3497    0.1943    0.1901
   0    1.1837 -999.9900    2.0367    2.0367    1.1668   -0.0406    1.5035    0.2800    0.2766
   0    1.0218 -999.9900    1.8607    1.8607    1.3859   -0.0394    1.3605    0.1986    0.1980
    
2023031600
   0    1.1550 -999.9900    1.9480    1.9480    0.9822    0.1490    1.4533    0.2519    0.3087
   0    1.0417 -999.9900    1.8357    1.8357    1.2171    0.2192    1.3707    0.1816    0.2533
   0    1.1486 -999.9900    1.9342    1.9342    0.9707    0.1549    1.4415    0.2515    0.3099
   0    1.0434 -999.9900    1.8337    1.8337    1.1934    0.2087    1.3687    0.1859    0.2573
    
2023031700
   0    1.0901 -999.9900    1.8303    1.8303    0.9577    0.2395    1.3538    0.2347    0.3378
   0    0.9677 -999.9900    1.7138    1.7138    1.1928    0.2296    1.2708    0.1761    0.2567
   0    1.0771 -999.9900    1.8177    1.8177    0.9907    0.2477    1.3445    0.2289    0.3339
   0    0.9675 -999.9900    1.7127    1.7127    1.1906    0.2365    1.2686    0.1749    0.2607
    
2023031800
   0    1.0747 -999.9900    1.8465    1.8465    0.9542    0.0131    1.3520    0.2898    0.2802
   0    0.9598 -999.9900    1.7101    1.7101    1.1956    0.0220    1.2693    0.2165    0.2048
   0    1.0847 -999.9900    1.8624    1.8624    0.9535   -0.0001    1.3699    0.2879    0.2793
   0    0.9686 -999.9900    1.7271    1.7271    1.1824    0.0123    1.2807    0.2194    0.2086
    
2023031900
   0    1.0699 -999.9900    1.8505    1.8505    1.0695   -0.1950    1.3582    0.3085    0.2327
   0    0.9456 -999.9900    1.6760    1.6760    1.3140   -0.2116    1.2622    0.2287    0.1605
   0    1.0733 -999.9900    1.8612    1.8612    1.0941   -0.2102    1.3691    0.3058    0.2237
   0    0.9525 -999.9900    1.6918    1.6918    1.3171   -0.2174    1.2709    0.2317    0.1601
    
2023032000
   0    1.0121 -999.9900    1.8027    1.8027    1.0501   -0.0955    1.2883    0.2914    0.2507
   0    0.9074 -999.9900    1.6577    1.6577    1.2926   -0.2146    1.2092    0.2294    0.1605
   0    1.0134 -999.9900    1.8203    1.8203    1.0488   -0.0928    1.2938    0.2877    0.2484
   0    0.9077 -999.9900    1.6699    1.6699    1.2858   -0.1891    1.2094    0.2285    0.1646
    
2023032100
   0    1.0277 -999.9900    1.7964    1.7964    1.0747    0.0452    1.3140    0.2583    0.2867
   0    0.9100 -999.9900    1.6288    1.6288    1.3053   -0.0181    1.2084    0.2076    0.1939
   0    1.0195 -999.9900    1.7833    1.7833    1.0732    0.0515    1.3048    0.2558    0.2860
   0    0.9124 -999.9900    1.6381    1.6381    1.2835   -0.0017    1.2117    0.2087    0.2009
    
2023032200
   0    1.0653 -999.9900    1.8321    1.8321    1.0032    0.2639    1.3550    0.2133    0.3443
   0    0.9343 -999.9900    1.6659    1.6659    1.2256    0.0939    1.2436    0.1818    0.2299
   0    1.0656 -999.9900    1.8370    1.8370    1.0092    0.2557    1.3580    0.2135    0.3408
   0    0.9422 -999.9900    1.6827    1.6827    1.2167    0.1230    1.2537    0.1807    0.2381
    
2023032300
   0    1.0023 -999.9900    1.7259    1.7259    0.9213    0.2026    1.2764    0.2327    0.3176
   0    0.8724 -999.9900    1.5793    1.5793    1.1563    0.0885    1.1660    0.1836    0.2083
   0    0.9864 -999.9900    1.7066    1.7066    0.9110    0.2052    1.2584    0.2269    0.3133
   0    0.8697 -999.9900    1.5749    1.5749    1.1397    0.1129    1.1620    0.1794    0.2154
    
2023032400
   0    1.0647 -999.9900    1.8608    1.8608    0.8895    0.0187    1.3370    0.2693    0.3045
   0    0.9429 -999.9900    1.7169    1.7169    1.1238    0.0371    1.2492    0.2025    0.2182
   0    1.0623 -999.9900    1.8633    1.8633    0.8863    0.0224    1.3340    0.2701    0.3021
   0    0.9474 -999.9900    1.7289    1.7289    1.1100    0.0356    1.2523    0.2071    0.2230
    
2023032500
   0    1.0896 -999.9900    1.8992    1.8992    0.9213   -0.1253    1.3717    0.2948    0.2613
   0    0.9504 -999.9900    1.7304    1.7304    1.2492    0.1022    1.2637    0.1853    0.2162
   0    1.0774 -999.9900    1.8852    1.8852    0.9198   -0.1203    1.3595    0.2885    0.2590
   0    0.9483 -999.9900    1.7298    1.7298    1.2283    0.0597    1.2596    0.1908    0.2141
    
2023032600
   0    0.9896 -999.9900    1.7436    1.7436    1.0255   -0.0091    1.2758    0.2508    0.2420
   0    0.8878 -999.9900    1.6158    1.6158    1.2335    0.0933    1.1927    0.1686    0.1944
   0    0.9791 -999.9900    1.7234    1.7234    0.9937   -0.0030    1.2614    0.2509    0.2429
   0    0.8835 -999.9900    1.6057    1.6057    1.2106    0.0765    1.1829    0.1747    0.1950
    
2023032700
   0    0.9550 -999.9900    1.7205    1.7205    1.0029   -0.0884    1.2371    0.2468    0.2376
   0    0.8758 -999.9900    1.6354    1.6354    1.2233    0.0565    1.1815    0.1601    0.1921
   0    0.9520 -999.9900    1.7204    1.7204    0.9909   -0.0784    1.2327    0.2457    0.2371
   0    0.8731 -999.9900    1.6314    1.6314    1.2057    0.0336    1.1759    0.1658    0.1923
    
2023032800
   0    1.0604 -999.9900    1.8451    1.8451    0.9894   -0.0215    1.3385    0.2738    0.2855
   0    0.9170 -999.9900    1.6924    1.6924    1.2327    0.0426    1.2281    0.1810    0.2030
   0    1.0587 -999.9900    1.8422    1.8422    0.9581   -0.0281    1.3364    0.2780    0.2856
   0    0.9234 -999.9900    1.7018    1.7018    1.2018    0.0258    1.2346    0.1906    0.2079
    
2023032900
   0    1.0639 -999.9900    1.8547    1.8547    0.9690   -0.0971    1.3363    0.2908    0.2665
   0    0.9266 -999.9900    1.7056    1.7056    1.2389   -0.1197    1.2267    0.2065    0.1812
   0    1.0586 -999.9900    1.8545    1.8545    0.9805   -0.1120    1.3354    0.2894    0.2626
   0    0.9302 -999.9900    1.7120    1.7120    1.2297   -0.1241    1.2322    0.2111    0.1852
    
2023033000
   0    0.9814 -999.9900    1.6977    1.6977    0.9461   -0.0506    1.2426    0.2747    0.2456
   0    0.8800 -999.9900    1.5756    1.5756    1.2448   -0.0640    1.1698    0.1971    0.1702
   0    0.9829 -999.9900    1.6953    1.6953    0.9176   -0.0373    1.2448    0.2748    0.2535
   0    0.8791 -999.9900    1.5724    1.5724    1.2130   -0.0534    1.1669    0.2002    0.1767
    
2023033100
   0    1.0245 -999.9900    1.7759    1.7759    0.9533    0.0606    1.3046    0.2559    0.2941
   0    0.9243 -999.9900    1.6680    1.6680    1.2105    0.1223    1.2373    0.1816    0.2159
   0    1.0208 -999.9900    1.7686    1.7686    0.9427    0.0573    1.3007    0.2570    0.2911
   0    0.9232 -999.9900    1.6647    1.6647    1.1879    0.1079    1.2336    0.1854    0.2195
    
2023040100
    
