2023010700
   1 -999.9900 -999.9900 -999.9900 -999.9900 -999.9900 -999.9900 -999.9900 -999.9900 -999.9900
   1 -999.9900 -999.9900 -999.9900 -999.9900 -999.9900 -999.9900 -999.9900 -999.9900 -999.9900
   1 -999.9900 -999.9900 -999.9900 -999.9900 -999.9900 -999.9900 -999.9900 -999.9900 -999.9900
   1 -999.9900 -999.9900 -999.9900 -999.9900 -999.9900 -999.9900 -999.9900 -999.9900 -999.9900
    
2023010800
   0    1.3061 -999.9900    2.4497    2.4497    2.0546    0.0055    1.7375    0.2579    0.2095
   0    1.2189 -999.9900    2.2900    2.2900    1.9908   -0.0216    1.6467    0.2061    0.1751
   0    1.3165 -999.9900    2.4755    2.4755    2.0599   -0.0197    1.7537    0.2628    0.2053
   0    1.2947 -999.9900    2.3703    2.3703    2.0375   -0.3022    1.7199    0.2549    0.1277
    
2023010900
   0    1.1977 -999.9900    2.1858    2.1858    1.8441   -0.2512    1.5737    0.2728    0.1901
   0    1.1074 -999.9900    2.0518    2.0518    1.7780   -0.2421    1.4849    0.2068    0.1525
   0    1.2050 -999.9900    2.2095    2.2095    1.8745   -0.2710    1.5966    0.2676    0.1874
   0    1.1905 -999.9900    2.1735    2.1735    1.8110   -0.4870    1.5795    0.2561    0.1220
    
2023011000
   0    1.2598 -999.9900    2.2625    2.2625    1.7997   -0.2388    1.6352    0.2736    0.2132
   0    1.2095 -999.9900    2.2110    2.2110    1.8133   -0.2357    1.6125    0.2245    0.1739
   0    1.2623 -999.9900    2.2616    2.2616    1.8353   -0.2817    1.6437    0.2686    0.2096
   0    1.2043 -999.9900    2.2066    2.2066    1.8490   -0.2620    1.6091    0.2213    0.1689
    
2023011100
   0    1.2172 -999.9900    2.0649    2.0649    1.3209   -0.2146    1.5357    0.3021    0.2371
   0    1.1341 -999.9900    1.9784    1.9784    1.4624   -0.0801    1.4992    0.2304    0.1950
   0    1.2126 -999.9900    2.0619    2.0619    1.3382   -0.2233    1.5352    0.2994    0.2323
   0    1.1277 -999.9900    1.9711    1.9711    1.4759   -0.1122    1.4887    0.2309    0.1898
    
2023011200
   0    1.2053 -999.9900    2.0607    2.0607    1.2585    0.0768    1.5312    0.2915    0.2730
   0    1.1127 -999.9900    1.9740    1.9740    1.4582    0.1772    1.4853    0.2131    0.2133
   0    1.1988 -999.9900    2.0548    2.0548    1.2971    0.0684    1.5267    0.2898    0.2678
   0    1.1059 -999.9900    1.9627    1.9627    1.4752    0.1521    1.4728    0.2164    0.2104
    
2023011300
   0    1.1231 -999.9900    1.9771    1.9771    1.4344    0.0146    1.4347    0.2805    0.2207
   0    1.0308 -999.9900    1.8462    1.8462    1.5615    0.0410    1.3698    0.2096    0.1607
   0    1.1268 -999.9900    1.9939    1.9939    1.4528    0.0214    1.4411    0.2770    0.2222
   0    1.0310 -999.9900    1.8546    1.8546    1.5822    0.0398    1.3690    0.2103    0.1624
    
2023011400
   0    1.1047 -999.9900    1.9121    1.9121    1.2696    0.0797    1.4285    0.2494    0.2652
   0    1.0344 -999.9900    1.8447    1.8447    1.4136    0.0865    1.3921    0.1924    0.1944
   0    1.1021 -999.9900    1.9066    1.9066    1.2383    0.0395    1.4262    0.2556    0.2612
   0    1.0287 -999.9900    1.8350    1.8350    1.3957    0.0610    1.3808    0.1961    0.1949
    
2023011500
   0    1.1338 -999.9900    1.9781    1.9781    1.4501   -0.0997    1.4478    0.2961    0.2147
   0    1.0353 -999.9900    1.9063    1.9063    1.6076    0.0532    1.3832    0.1854    0.1664
   0    1.1261 -999.9900    1.9730    1.9730    1.4434   -0.0825    1.4416    0.2867    0.2150
   0    1.0299 -999.9900    1.8980    1.8980    1.5973    0.0329    1.3714    0.1867    0.1682
    
2023011600
   0    1.2435 -999.9900    2.3082    2.3082    1.5433   -0.0252    1.6135    0.2979    0.2273
   0    1.0938 -999.9900    2.0661    2.0661    1.7585    0.0378    1.4873    0.1956    0.1596
   0    1.2330 -999.9900    2.2920    2.2920    1.5702   -0.0253    1.6050    0.2905    0.2225
   0    1.0954 -999.9900    2.0800    2.0800    1.7631    0.0251    1.4840    0.1968    0.1618
    
2023011700
   0    1.2252 -999.9900    2.1148    2.1148    1.2859   -0.5986    1.5434    0.3956    0.1634
   0    1.0783 -999.9900    1.9492    1.9492    1.5264   -0.4041    1.4235    0.2710    0.1129
   0    1.2097 -999.9900    2.0916    2.0916    1.2799   -0.5986    1.5263    0.3909    0.1629
   0    1.0740 -999.9900    1.9443    1.9443    1.5098   -0.4430    1.4134    0.2755    0.1132
    
2023011800
   0    1.3327 -999.9900    2.2790    2.2790    1.3867   -0.4275    1.6585    0.3501    0.2130
   0    1.1715 -999.9900    2.1098    2.1098    1.5965   -0.3332    1.5355    0.2443    0.1442
   0    1.3315 -999.9900    2.2825    2.2825    1.4015   -0.4290    1.6597    0.3521    0.2110
   0    1.1745 -999.9900    2.1172    2.1172    1.6047   -0.3530    1.5355    0.2498    0.1456
    
2023011900
   0    1.2238 -999.9900    2.0443    2.0443    1.1193   -0.5242    1.5362    0.3799    0.2019
   0    1.0932 -999.9900    1.9588    1.9588    1.4272   -0.3655    1.4338    0.2526    0.1412
   0    1.2230 -999.9900    2.0481    2.0481    1.1605   -0.4877    1.5397    0.3721    0.2004
   0    1.0960 -999.9900    1.9574    1.9574    1.4203   -0.3753    1.4355    0.2564    0.1446
    
2023012000
   0    1.3537 -999.9900    2.2980    2.2980    1.2222   -0.4125    1.6813    0.3467    0.2327
   0    1.2150 -999.9900    2.1644    2.1644    1.5421   -0.2186    1.5965    0.2312    0.1762
   0    1.3564 -999.9900    2.2960    2.2960    1.2087   -0.4527    1.6826    0.3544    0.2285
   0    1.2177 -999.9900    2.1679    2.1679    1.5095   -0.2815    1.5919    0.2430    0.1761
    
2023012100
   1 -999.9900 -999.9900 -999.9900 -999.9900 -999.9900 -999.9900 -999.9900 -999.9900 -999.9900
   1 -999.9900 -999.9900 -999.9900 -999.9900 -999.9900 -999.9900 -999.9900 -999.9900 -999.9900
   1 -999.9900 -999.9900 -999.9900 -999.9900 -999.9900 -999.9900 -999.9900 -999.9900 -999.9900
   1 -999.9900 -999.9900 -999.9900 -999.9900 -999.9900 -999.9900 -999.9900 -999.9900 -999.9900
    
2023012200
   0    1.2797 -999.9900    2.2064    2.2064    1.5076   -0.0238    1.6240    0.2647    0.2493
   0    1.2797 -999.9900    2.2064    2.2064    1.5076   -0.0238    1.6240    0.2647    0.2493
   0    1.2725 -999.9900    2.1996    2.1996    1.5078    0.0351    1.6175    0.2564    0.2512
   0    1.1855 -999.9900    2.1167    2.1167    1.7346    0.1054    1.5703    0.1888    0.1972
    
2023012300
   0    1.2198 -999.9900    2.1228    2.1228    1.4788   -0.1839    1.5482    0.2880    0.2213
   0    1.1143 -999.9900    2.0298    2.0298    1.6552   -0.1618    1.4656    0.2125    0.1523
   0    1.2053 -999.9900    2.1024    2.1024    1.4651   -0.1691    1.5292    0.2805    0.2162
   0    1.1071 -999.9900    2.0166    2.0166    1.6382   -0.1573    1.4535    0.2115    0.1534
    
2023012400
   0    1.1570 -999.9900    2.0032    2.0032    1.1704   -0.3792    1.4380    0.3215    0.2017
   0    1.0995 -999.9900    1.9933    1.9933    1.4494   -0.3260    1.4328    0.2380    0.1402
   0    1.1561 -999.9900    2.0032    2.0032    1.1752   -0.3796    1.4391    0.3188    0.2000
   0    1.0885 -999.9900    1.9726    1.9726    1.4318   -0.3369    1.4131    0.2390    0.1411
    
2023012500
   0    1.2119 -999.9900    2.0821    2.0821    1.1009   -0.6027    1.5028    0.3926    0.1842
   0    1.0680 -999.9900    1.9540    1.9540    1.3345   -0.4382    1.3937    0.2706    0.1298
   0    1.2042 -999.9900    2.0691    2.0691    1.0923   -0.5772    1.4932    0.3878    0.1856
   0    1.0671 -999.9900    1.9500    1.9500    1.3199   -0.4558    1.3899    0.2743    0.1330
    
2023012600
   0    1.1748 -999.9900    2.1124    2.1124    1.1652   -0.4315    1.4749    0.3223    0.2016
   0    1.1139 -999.9900    2.1084    2.1084    1.4200   -0.2984    1.4629    0.2313    0.1527
   0    1.1641 -999.9900    2.1019    2.1019    1.1854   -0.4323    1.4666    0.3176    0.1927
   0    1.1011 -999.9900    2.0819    2.0819    1.4141   -0.3255    1.4413    0.2327    0.1483
    
2023012700
   1 -999.9900 -999.9900 -999.9900 -999.9900 -999.9900 -999.9900 -999.9900 -999.9900 -999.9900
   1 -999.9900 -999.9900 -999.9900 -999.9900 -999.9900 -999.9900 -999.9900 -999.9900 -999.9900
   1 -999.9900 -999.9900 -999.9900 -999.9900 -999.9900 -999.9900 -999.9900 -999.9900 -999.9900
   1 -999.9900 -999.9900 -999.9900 -999.9900 -999.9900 -999.9900 -999.9900 -999.9900 -999.9900
    
2023012800
   0    1.1449 -999.9900    1.9652    1.9652    1.3085   -0.0323    1.4425    0.2424    0.2616
   0    1.0948 -999.9900    1.9303    1.9303    1.4231    0.0325    1.4361    0.1886    0.2134
   0    1.1409 -999.9900    1.9629    1.9629    1.2746   -0.0739    1.4406    0.2467    0.2573
   0    1.0844 -999.9900    1.9165    1.9165    1.4092   -0.0054    1.4181    0.1920    0.2102
    
2023012900
   0    1.2190 -999.9900    2.0675    2.0675    1.1039   -0.1898    1.5058    0.2858    0.2584
   0    1.1212 -999.9900    2.0042    2.0042    1.3273   -0.0793    1.4669    0.2109    0.2095
   0    1.2256 -999.9900    2.0911    2.0911    1.1306   -0.1982    1.5225    0.2849    0.2536
   0    1.1292 -999.9900    2.0188    2.0188    1.3187   -0.1064    1.4752    0.2173    0.2095
    
2023013000
   0    1.1337 -999.9900    1.9335    1.9335    1.2250   -0.3011    1.4240    0.3346    0.1778
   0    1.0190 -999.9900    1.8246    1.8246    1.4237   -0.2481    1.3246    0.2363    0.1333
   0    1.1274 -999.9900    1.9289    1.9289    1.1846   -0.3102    1.4214    0.3338    0.1772
   0    1.0173 -999.9900    1.8174    1.8174    1.4003   -0.2642    1.3217    0.2415    0.1334
    
2023013100
   1 -999.9900 -999.9900 -999.9900 -999.9900 -999.9900 -999.9900 -999.9900 -999.9900 -999.9900
   1 -999.9900 -999.9900 -999.9900 -999.9900 -999.9900 -999.9900 -999.9900 -999.9900 -999.9900
   1 -999.9900 -999.9900 -999.9900 -999.9900 -999.9900 -999.9900 -999.9900 -999.9900 -999.9900
   1 -999.9900 -999.9900 -999.9900 -999.9900 -999.9900 -999.9900 -999.9900 -999.9900 -999.9900
    
2023020100
   1 -999.9900 -999.9900 -999.9900 -999.9900 -999.9900 -999.9900 -999.9900 -999.9900 -999.9900
   1 -999.9900 -999.9900 -999.9900 -999.9900 -999.9900 -999.9900 -999.9900 -999.9900 -999.9900
   0    1.0012 -999.9900    1.7675    1.7675    1.1732   -0.1334    1.2812    0.2710    0.1970
   0    0.9431 -999.9900    1.7079    1.7079    1.3423   -0.0245    1.2401    0.1887    0.1692
    
2023020200
   0    1.0385 -999.9900    1.7684    1.7684    1.2519   -0.2600    1.3051    0.3294    0.1913
   0    0.9292 -999.9900    1.6511    1.6511    1.4014   -0.1864    1.2123    0.2268    0.1417
   0    1.0323 -999.9900    1.7566    1.7566    1.2886   -0.2790    1.3022    0.3233    0.1835
   0    0.9313 -999.9900    1.6537    1.6537    1.4092   -0.2125    1.2152    0.2313    0.1393
    
2023020300
   0    1.1581 -999.9900    1.9806    1.9806    1.2041   -0.2792    1.4369    0.3218    0.2260
   0    1.0478 -999.9900    1.8785    1.8785    1.3355   -0.1880    1.3662    0.2364    0.1713
   0    1.1663 -999.9900    1.9933    1.9933    1.1956   -0.3105    1.4503    0.3278    0.2207
   0    1.0549 -999.9900    1.8893    1.8893    1.3315   -0.2250    1.3745    0.2441    0.1707
    
2023020400
   0    1.0954 -999.9900    1.9549    1.9549    1.3266   -0.2290    1.3943    0.3017    0.2399
   0    0.9778 -999.9900    1.8036    1.8036    1.5276   -0.0265    1.3032    0.1960    0.1822
   0    1.0912 -999.9900    1.9589    1.9589    1.3185   -0.2102    1.3925    0.2986    0.2391
   0    0.9782 -999.9900    1.8101    1.8101    1.5184   -0.0557    1.2997    0.2009    0.1850
    
2023020500
   0    1.1467 -999.9900    2.0343    2.0343    1.4508   -0.2336    1.4543    0.3306    0.1997
   0    1.0540 -999.9900    1.9368    1.9368    1.5748   -0.1792    1.4016    0.2396    0.1405
   0    1.1454 -999.9900    2.0338    2.0338    1.4807   -0.2609    1.4565    0.3306    0.1944
   0    1.0538 -999.9900    1.9367    1.9367    1.5917   -0.2065    1.3963    0.2442    0.1398
    
2023020600
   0    1.2665 -999.9900    2.1694    2.1694    1.3296   -0.2565    1.5685    0.3317    0.2331
   0    1.1795 -999.9900    2.1490    2.1490    1.4810   -0.2603    1.5314    0.2478    0.1680
   0    1.2477 -999.9900    2.1530    2.1530    1.3110   -0.3166    1.5506    0.3354    0.2187
   0    1.1671 -999.9900    2.1283    2.1283    1.4637   -0.2957    1.5093    0.2525    0.1649
    
2023020700
   0    1.2769 -999.9900    2.2221    2.2221    1.2509   -0.5914    1.6001    0.3664    0.1727
   0    1.2050 -999.9900    2.1982    2.1982    1.4444   -0.4630    1.5747    0.2668    0.1307
   0    1.2862 -999.9900    2.2361    2.2361    1.2386   -0.6371    1.6124    0.3777    0.1669
   0    1.2060 -999.9900    2.1975    2.1975    1.4229   -0.5162    1.5711    0.2784    0.1292
    
2023020800
   0    1.0170 -999.9900    1.8597    1.8597    1.3020   -0.1353    1.3178    0.2770    0.2007
   0    0.9831 -999.9900    1.8288    1.8288    1.4693   -0.1178    1.3202    0.2060    0.1471
   0    1.0144 -999.9900    1.8561    1.8561    1.3403   -0.1329    1.3182    0.2658    0.1966
   0    0.9718 -999.9900    1.8120    1.8120    1.4838   -0.1199    1.3015    0.2012    0.1477
    
2023020900
   1 -999.9900 -999.9900 -999.9900 -999.9900 -999.9900 -999.9900 -999.9900 -999.9900 -999.9900
   1 -999.9900 -999.9900 -999.9900 -999.9900 -999.9900 -999.9900 -999.9900 -999.9900 -999.9900
   1 -999.9900 -999.9900 -999.9900 -999.9900 -999.9900 -999.9900 -999.9900 -999.9900 -999.9900
   1 -999.9900 -999.9900 -999.9900 -999.9900 -999.9900 -999.9900 -999.9900 -999.9900 -999.9900
    
2023021000
   0    1.1676 -999.9900    2.0427    2.0427    1.4872   -0.1446    1.4772    0.3016    0.2183
   0    1.0662 -999.9900    1.9296    1.9296    1.5979   -0.0847    1.3919    0.2165    0.1590
   0    1.1745 -999.9900    2.0575    2.0575    1.4651   -0.1225    1.4922    0.2965    0.2256
   0    1.0733 -999.9900    1.9426    1.9426    1.5883   -0.0834    1.4023    0.2185    0.1653
    
2023021100
   1 -999.9900 -999.9900 -999.9900 -999.9900 -999.9900 -999.9900 -999.9900 -999.9900 -999.9900
   1 -999.9900 -999.9900 -999.9900 -999.9900 -999.9900 -999.9900 -999.9900 -999.9900 -999.9900
   1 -999.9900 -999.9900 -999.9900 -999.9900 -999.9900 -999.9900 -999.9900 -999.9900 -999.9900
   1 -999.9900 -999.9900 -999.9900 -999.9900 -999.9900 -999.9900 -999.9900 -999.9900 -999.9900
    
2023021200
   0    1.2141 -999.9900    2.1170    2.1170    1.3704   -0.1239    1.5432    0.2804    0.2491
   0    1.1489 -999.9900    2.0431    2.0431    1.5928   -0.0655    1.5348    0.2084    0.1814
   0    1.2143 -999.9900    2.1211    2.1211    1.3336   -0.1552    1.5428    0.2915    0.2438
   0    1.1356 -999.9900    2.0281    2.0281    1.5747   -0.0959    1.5089    0.2130    0.1760
    
2023021300
   0    1.1669 -999.9900    2.1391    2.1391    1.3358   -0.1770    1.4945    0.2730    0.2289
   0    1.0542 -999.9900    1.9594    1.9594    1.5881   -0.1321    1.4035    0.1909    0.1438
   0    1.1624 -999.9900    2.1270    2.1270    1.3026   -0.2049    1.4905    0.2776    0.2275
   0    1.0476 -999.9900    1.9576    1.9576    1.5638   -0.1578    1.3932    0.1952    0.1428
    
2023021400
   0    1.0960 -999.9900    1.8953    1.8953    1.2209    0.0254    1.3972    0.2745    0.2699
   0    0.9907 -999.9900    1.7881    1.7881    1.4331    0.1082    1.3238    0.1770    0.1978
   0    1.0920 -999.9900    1.8973    1.8973    1.1912    0.0180    1.3944    0.2773    0.2680
   0    0.9890 -999.9900    1.7911    1.7911    1.4038    0.0871    1.3174    0.1817    0.2016
    
2023021500
   0    1.0109 -999.9900    1.7566    1.7566    0.9802   -0.2845    1.2605    0.3355    0.2293
   0    0.9205 -999.9900    1.6612    1.6612    1.2340   -0.0918    1.2197    0.2174    0.1718
   0    1.0093 -999.9900    1.7522    1.7522    0.9647   -0.2452    1.2585    0.3309    0.2401
   0    0.9191 -999.9900    1.6615    1.6615    1.2025   -0.1067    1.2125    0.2228    0.1773
    
2023021600
   0    1.1796 -999.9900    2.0982    2.0982    1.2229   -0.5110    1.4674    0.3574    0.2111
   0    1.1276 -999.9900    2.0571    2.0571    1.4652   -0.3671    1.4904    0.2635    0.1545
   0    1.1622 -999.9900    2.0738    2.0738    1.2554   -0.5060    1.4515    0.3495    0.2075
   0    1.1076 -999.9900    2.0295    2.0295    1.4660   -0.3928    1.4608    0.2648    0.1497
    
2023021700
   0    1.1277 -999.9900    1.9858    1.9858    1.2734   -0.4034    1.4281    0.3201    0.1886
   0    1.0406 -999.9900    1.8959    1.8959    1.5145   -0.2519    1.3837    0.2212    0.1436
   0    1.1207 -999.9900    1.9724    1.9724    1.2440   -0.4272    1.4170    0.3211    0.1872
   0    1.0354 -999.9900    1.8854    1.8854    1.4805   -0.2965    1.3683    0.2288    0.1441
    
2023021800
   0    1.1300 -999.9900    2.0477    2.0477    1.4448   -0.2056    1.4603    0.3058    0.2029
   0    1.0453 -999.9900    1.9761    1.9761    1.6230   -0.1362    1.4004    0.2184    0.1353
   0    1.1235 -999.9900    2.0333    2.0333    1.4473   -0.2249    1.4521    0.3073    0.1990
   0    1.0399 -999.9900    1.9629    1.9629    1.6134   -0.1616    1.3903    0.2220    0.1359
    
2023021900
   0    1.0255 -999.9900    1.8555    1.8555    1.1643   -0.1533    1.3075    0.2932    0.2325
   0    0.9664 -999.9900    1.8093    1.8093    1.3713   -0.0946    1.2888    0.2068    0.1622
   0    1.0142 -999.9900    1.8343    1.8343    1.1577   -0.1623    1.2961    0.2928    0.2312
   0    0.9509 -999.9900    1.7817    1.7817    1.3608   -0.1117    1.2620    0.2083    0.1635
    
2023022000
   0    1.0488 -999.9900    1.8555    1.8555    1.2891   -0.0841    1.3432    0.2863    0.2435
   0    0.9720 -999.9900    1.8002    1.8002    1.4816    0.0043    1.3004    0.1883    0.1775
   0    1.0444 -999.9900    1.8536    1.8536    1.2887   -0.0764    1.3402    0.2825    0.2437
   0    0.9660 -999.9900    1.7893    1.7893    1.4706   -0.0088    1.2920    0.1910    0.1780
    
2023022100
   0    1.1852 -999.9900    2.0742    2.0742    1.1012   -0.0421    1.4781    0.2744    0.2751
   0    1.1010 -999.9900    2.0218    2.0218    1.3433    0.0546    1.4347    0.2030    0.2097
   0    1.1687 -999.9900    2.0548    2.0548    1.1241   -0.0374    1.4603    0.2658    0.2708
   0    1.0932 -999.9900    2.0085    2.0085    1.3278    0.0381    1.4217    0.2039    0.2112
    
2023022200
   0    1.2848 -999.9900    2.1699    2.1699    1.2700   -0.2138    1.5840    0.3058    0.2468
   0    1.1521 -999.9900    2.0939    2.0939    1.5209   -0.1085    1.5119    0.2169    0.1721
   0    1.2752 -999.9900    2.1624    2.1624    1.2889   -0.1979    1.5732    0.2975    0.2448
   0    1.1510 -999.9900    2.0846    2.0846    1.5117   -0.1200    1.5069    0.2195    0.1762
    
2023022300
   0    1.2602 -999.9900    2.1596    2.1596    1.2238   -0.5816    1.5516    0.3629    0.1819
   0    1.1091 -999.9900    2.0423    2.0423    1.4556   -0.4118    1.4516    0.2556    0.1197
   0    1.2553 -999.9900    2.1554    2.1554    1.2192   -0.5827    1.5472    0.3578    0.1808
   0    1.1115 -999.9900    2.0407    2.0407    1.4426   -0.4464    1.4519    0.2621    0.1189
    
2023022400
   0    1.4327 -999.9900    2.3504    2.3504    1.2912   -0.5102    1.7574    0.3762    0.1983
   0    1.2931 -999.9900    2.2852    2.2852    1.6248   -0.2796    1.6998    0.2533    0.1511
   0    1.4299 -999.9900    2.3468    2.3468    1.2912   -0.5146    1.7537    0.3769    0.1978
   0    1.2881 -999.9900    2.2674    2.2674    1.6049   -0.3284    1.6896    0.2619    0.1507
    
2023022500
   0    1.1865 -999.9900    2.0449    2.0449    1.1882    0.0102    1.4968    0.2750    0.2554
   0    1.1222 -999.9900    2.0217    2.0217    1.4603    0.0927    1.4826    0.2152    0.1941
   0    1.1772 -999.9900    2.0358    2.0358    1.1838    0.0247    1.4888    0.2678    0.2565
   0    1.1104 -999.9900    1.9980    1.9980    1.4397    0.0849    1.4634    0.2140    0.1969
    
2023022600
   0    1.0718 -999.9900    1.9142    1.9142    1.1914   -0.1521    1.3755    0.2769    0.1986
   0    1.0589 -999.9900    1.9461    1.9461    1.4387   -0.0661    1.4161    0.2215    0.1573
   0    1.0667 -999.9900    1.9050    1.9050    1.1672   -0.2057    1.3672    0.2861    0.1939
   0    1.0398 -999.9900    1.9098    1.9098    1.4141   -0.1155    1.3863    0.2272    0.1526
    
2023022700
   0    1.1187 -999.9900    1.9509    1.9509    1.1349   -0.0949    1.4092    0.2870    0.2488
   0    0.9909 -999.9900    1.8102    1.8102    1.4221    0.0094    1.3227    0.1908    0.1665
   0    1.1196 -999.9900    1.9556    1.9556    1.1242   -0.0691    1.4119    0.2823    0.2521
   0    0.9965 -999.9900    1.8201    1.8201    1.3931    0.0040    1.3268    0.1966    0.1726
    
2023022800
   0    1.1266 -999.9900    1.9541    1.9541    1.2801   -0.1611    1.4232    0.3054    0.2730
   0    0.9902 -999.9900    1.7940    1.7940    1.4775   -0.0732    1.3195    0.2086    0.1856
   0    1.1134 -999.9900    1.9340    1.9340    1.3295   -0.1517    1.4112    0.2966    0.2679
   0    0.9942 -999.9900    1.7997    1.7997    1.4832   -0.0804    1.3212    0.2108    0.1916
    
2023030100
   0    1.3524 -999.9900    2.3686    2.3686    1.2305   -0.3829    1.6670    0.3310    0.2375
   0    1.2348 -999.9900    2.2706    2.2706    1.4584   -0.3746    1.6022    0.2654    0.1687
   0    1.3479 -999.9900    2.3602    2.3602    1.2303   -0.4030    1.6628    0.3321    0.2307
   0    1.2341 -999.9900    2.2648    2.2648    1.4480   -0.3883    1.5984    0.2706    0.1696
    
2023030200
   0    1.3291 -999.9900    2.3693    2.3693    1.1888   -0.3496    1.6295    0.3099    0.2527
   0    1.2651 -999.9900    2.3346    2.3346    1.4467   -0.2593    1.6319    0.2463    0.1975
   0    1.3194 -999.9900    2.3600    2.3600    1.1652   -0.3414    1.6198    0.3047    0.2505
   0    1.2528 -999.9900    2.3154    2.3154    1.4209   -0.2725    1.6139    0.2473    0.1980
    
2023030300
   1 -999.9900 -999.9900 -999.9900 -999.9900 -999.9900 -999.9900 -999.9900 -999.9900 -999.9900
   1 -999.9900 -999.9900 -999.9900 -999.9900 -999.9900 -999.9900 -999.9900 -999.9900 -999.9900
   1 -999.9900 -999.9900 -999.9900 -999.9900 -999.9900 -999.9900 -999.9900 -999.9900 -999.9900
   1 -999.9900 -999.9900 -999.9900 -999.9900 -999.9900 -999.9900 -999.9900 -999.9900 -999.9900
    
2023030400
   0    1.0641 -999.9900    1.8468    1.8468    1.0500   -0.4260    1.3210    0.3510    0.2120
   0    0.9533 -999.9900    1.7512    1.7512    1.2741   -0.2986    1.2567    0.2434    0.1436
   0    1.0490 -999.9900    1.8373    1.8373    1.0804   -0.4224    1.3107    0.3445    0.2080
   0    0.9507 -999.9900    1.7472    1.7472    1.2722   -0.3219    1.2505    0.2485    0.1456
    
2023030500
   0    1.2162 -999.9900    2.1366    2.1366    1.0382   -0.1503    1.4767    0.2854    0.2565
   0    1.1218 -999.9900    2.0465    2.0465    1.3524   -0.0130    1.4476    0.1968    0.1974
   0    1.2198 -999.9900    2.1499    2.1499    1.0210   -0.1697    1.4799    0.2905    0.2543
   0    1.1165 -999.9900    2.0488    2.0488    1.3254   -0.0521    1.4380    0.2033    0.1935
    
2023030600
   0    1.2529 -999.9900    2.1826    2.1826    1.2312   -0.1683    1.5411    0.3202    0.2633
   0    1.1492 -999.9900    2.1068    2.1068    1.5258    0.0039    1.5193    0.2243    0.2048
   0    1.2387 -999.9900    2.1651    2.1651    1.2406   -0.1718    1.5299    0.3139    0.2543
   0    1.1386 -999.9900    2.0873    2.0873    1.5097   -0.0327    1.4983    0.2285    0.1997
    
2023030700
   0    1.1762 -999.9900    1.9825    1.9825    1.1117   -0.2070    1.4555    0.3387    0.2636
   0    1.0516 -999.9900    1.8635    1.8635    1.3837    0.0153    1.3859    0.2285    0.2100
   0    1.1698 -999.9900    1.9735    1.9735    1.1160   -0.1991    1.4517    0.3371    0.2620
   0    1.0505 -999.9900    1.8614    1.8614    1.3643   -0.0244    1.3814    0.2368    0.2086
    
2023030800
   0    1.0596 -999.9900    1.8392    1.8392    1.0071   -0.1677    1.3234    0.3277    0.2244
   0    0.9478 -999.9900    1.7191    1.7191    1.2671   -0.0567    1.2525    0.2334    0.1600
   0    1.0434 -999.9900    1.8149    1.8149    1.0140   -0.1624    1.3048    0.3248    0.2180
   0    0.9422 -999.9900    1.7107    1.7107    1.2471   -0.0758    1.2421    0.2369    0.1613
    
2023030900
   0    1.0103 -999.9900    1.6885    1.6885    0.8551   -0.1489    1.2628    0.3246    0.2406
   0    0.9601 -999.9900    1.7002    1.7002    1.1409   -0.0002    1.2590    0.2382    0.1828
   0    1.0025 -999.9900    1.6855    1.6855    0.8841   -0.1636    1.2604    0.3204    0.2310
   0    0.9497 -999.9900    1.6784    1.6784    1.1297   -0.0388    1.2446    0.2418    0.1795
    
2023031000
   0    1.0771 -999.9900    1.8604    1.8604    0.8363   -0.2789    1.3156    0.3456    0.2461
   0    0.9773 -999.9900    1.7973    1.7973    1.1538   -0.0806    1.2776    0.2313    0.1908
   0    1.0778 -999.9900    1.8682    1.8682    0.8337   -0.2633    1.3193    0.3412    0.2465
   0    0.9770 -999.9900    1.7939    1.7939    1.1301   -0.1109    1.2734    0.2380    0.1913
    
2023031100
   0    1.0521 -999.9900    1.8227    1.8227    0.6671   -0.4335    1.2637    0.3994    0.2155
   0    0.9454 -999.9900    1.7797    1.7797    1.1148   -0.1680    1.2283    0.2440    0.1638
   0    1.0547 -999.9900    1.8242    1.8242    0.6564   -0.4379    1.2657    0.4041    0.2159
   0    0.9414 -999.9900    1.7639    1.7639    1.0787   -0.2237    1.2171    0.2571    0.1637
    
2023031200
   0    0.9956 -999.9900    1.6378    1.6378    0.7156   -0.3745    1.2123    0.4096    0.2215
   0    0.8714 -999.9900    1.5457    1.5457    1.1175   -0.1559    1.1409    0.2528    0.1554
   0    0.9895 -999.9900    1.6339    1.6339    0.7300   -0.3631    1.2093    0.4018    0.2199
   0    0.8698 -999.9900    1.5395    1.5395    1.0873   -0.1928    1.1345    0.2624    0.1576
    
2023031300
   0    1.0127 -999.9900    1.6986    1.6986    0.7139   -0.1409    1.2249    0.3354    0.2754
   0    0.8949 -999.9900    1.6213    1.6213    1.0525   -0.1058    1.1720    0.2238    0.1746
   0    1.0108 -999.9900    1.6969    1.6969    0.7119   -0.1397    1.2236    0.3357    0.2745
   0    0.8987 -999.9900    1.6221    1.6221    1.0151   -0.1121    1.1707    0.2335    0.1819
    
2023031400
   0    1.0088 -999.9900    1.7282    1.7282    0.7837   -0.3917    1.2235    0.3662    0.2098
   0    0.9125 -999.9900    1.6613    1.6613    1.0755   -0.2965    1.1821    0.2590    0.1371
   0    1.0010 -999.9900    1.7226    1.7226    0.8028   -0.3891    1.2193    0.3599    0.2077
   0    0.9088 -999.9900    1.6551    1.6551    1.0581   -0.3139    1.1721    0.2630    0.1394
    
2023031500
   0    1.0706 -999.9900    1.8084    1.8084    0.7898   -0.3762    1.2934    0.3836    0.2324
   0    0.9370 -999.9900    1.6975    1.6975    1.0899   -0.3521    1.2205    0.2822    0.1350
   0    1.0675 -999.9900    1.8061    1.8061    0.7915   -0.3761    1.2893    0.3833    0.2321
   0    0.9402 -999.9900    1.7016    1.7016    1.0651   -0.3568    1.2191    0.2885    0.1403
    
2023031600
   0    1.0987 -999.9900    1.8755    1.8755    0.9568   -0.3859    1.3545    0.3977    0.2191
   0    0.9953 -999.9900    1.7764    1.7764    1.2043   -0.4077    1.2897    0.2984    0.1298
   0    1.0962 -999.9900    1.8699    1.8699    0.9434   -0.4247    1.3484    0.4062    0.2119
   0    0.9960 -999.9900    1.7780    1.7780    1.1754   -0.4266    1.2855    0.3079    0.1325
    
2023031700
   0    1.0337 -999.9900    1.8135    1.8135    0.9896   -0.3938    1.2719    0.3533    0.2146
   0    0.9675 -999.9900    1.8035    1.8035    1.2163   -0.3258    1.2532    0.2536    0.1443
   0    1.0391 -999.9900    1.8202    1.8202    0.9738   -0.3877    1.2760    0.3571    0.2203
   0    0.9632 -999.9900    1.7919    1.7919    1.1932   -0.3357    1.2424    0.2598    0.1500
    
2023031800
   0    1.1789 -999.9900    2.1158    2.1158    1.1935   -0.4438    1.4552    0.3625    0.2282
   0    1.0290 -999.9900    1.9451    1.9451    1.3971   -0.4067    1.3441    0.2635    0.1353
   0    1.1803 -999.9900    2.1201    2.1201    1.1791   -0.4584    1.4569    0.3655    0.2262
   0    1.0366 -999.9900    1.9589    1.9589    1.3863   -0.4229    1.3502    0.2714    0.1422
    
2023031900
   0    1.1654 -999.9900    2.0434    2.0434    1.2047   -0.3490    1.4492    0.3516    0.2151
   0    1.0569 -999.9900    1.9456    1.9456    1.3222   -0.2444    1.3836    0.2590    0.1637
   0    1.1547 -999.9900    2.0177    2.0177    1.2012   -0.3794    1.4373    0.3528    0.2094
   0    1.0561 -999.9900    1.9399    1.9399    1.3119   -0.2835    1.3802    0.2666    0.1622
    
2023032000
   0    1.1096 -999.9900    1.9145    1.9145    1.2801    0.0002    1.4300    0.2759    0.2457
   0    1.0187 -999.9900    1.8299    1.8299    1.5023    0.0496    1.3721    0.2075    0.1778
   0    1.1150 -999.9900    1.9400    1.9400    1.2881    0.0218    1.4436    0.2733    0.2451
   0    1.0214 -999.9900    1.8381    1.8381    1.4956    0.0527    1.3752    0.2091    0.1796
    
2023032100
   0    1.2255 -999.9900    2.1385    2.1385    1.0996   -0.3286    1.5373    0.3381    0.2157
   0    1.0771 -999.9900    1.9930    1.9930    1.4234   -0.2093    1.4259    0.2274    0.1496
   0    1.2125 -999.9900    2.1301    2.1301    1.1360   -0.2902    1.5289    0.3219    0.2176
   0    1.0794 -999.9900    1.9978    1.9978    1.4102   -0.2101    1.4282    0.2278    0.1544
    
2023032200
   0    1.1770 -999.9900    2.0190    2.0190    1.0289   -0.5448    1.4672    0.3867    0.1854
   0    1.0344 -999.9900    1.8511    1.8511    1.3748   -0.4311    1.3633    0.2777    0.1173
   0    1.1740 -999.9900    2.0165    2.0165    1.0341   -0.5205    1.4673    0.3809    0.1888
   0    1.0359 -999.9900    1.8580    1.8580    1.3516   -0.4393    1.3637    0.2795    0.1209
    
2023032300
   0    1.0704 -999.9900    1.8671    1.8671    1.0526   -0.2364    1.3461    0.3360    0.2180
   0    0.9673 -999.9900    1.7645    1.7645    1.3296   -0.1826    1.2889    0.2323    0.1331
   0    1.0699 -999.9900    1.8663    1.8663    1.0592   -0.2810    1.3490    0.3436    0.2066
   0    0.9674 -999.9900    1.7635    1.7635    1.3112   -0.2202    1.2848    0.2426    0.1322
    
2023032400
   0    1.1046 -999.9900    1.8924    1.8924    1.0011   -0.1467    1.3858    0.3269    0.2373
   0    1.0138 -999.9900    1.8303    1.8303    1.3634   -0.0239    1.3553    0.2216    0.1646
   0    1.0946 -999.9900    1.8830    1.8830    1.0230   -0.1346    1.3801    0.3192    0.2367
   0    1.0055 -999.9900    1.8125    1.8125    1.3422   -0.0412    1.3400    0.2258    0.1665
    
2023032500
   0    1.1355 -999.9900    2.0240    2.0240    0.9496   -0.4486    1.4069    0.3723    0.2065
   0    1.0167 -999.9900    1.8879    1.8879    1.2190   -0.3847    1.3361    0.2786    0.1396
   0    1.1279 -999.9900    2.0099    2.0099    0.9575   -0.4442    1.4008    0.3672    0.2064
   0    1.0176 -999.9900    1.8894    1.8894    1.2014   -0.3948    1.3331    0.2828    0.1427
    
2023032600
   0    1.1734 -999.9900    2.1180    2.1180    0.9124   -0.4255    1.4401    0.3483    0.2154
   0    1.0179 -999.9900    1.9588    1.9588    1.2310   -0.2440    1.3464    0.2351    0.1583
   0    1.1680 -999.9900    2.1083    2.1083    0.8912   -0.4508    1.4317    0.3520    0.2107
   0    1.0183 -999.9900    1.9596    1.9596    1.2072   -0.2954    1.3386    0.2434    0.1558
    
2023032700
   0    1.1527 -999.9900    1.9526    1.9526    0.9380   -0.5270    1.4106    0.3832    0.1899
   0    1.0374 -999.9900    1.8601    1.8601    1.2001   -0.3921    1.3440    0.2805    0.1371
   0    1.1454 -999.9900    1.9392    1.9392    0.9139   -0.5377    1.3994    0.3864    0.1888
   0    1.0349 -999.9900    1.8524    1.8524    1.1699   -0.4255    1.3332    0.2881    0.1389
    
2023032800
   0    1.0467 -999.9900    1.7448    1.7448    0.9227   -0.3787    1.2902    0.3658    0.2038
   0    0.9719 -999.9900    1.7018    1.7018    1.1724   -0.2476    1.2669    0.2771    0.1490
   0    1.0463 -999.9900    1.7452    1.7452    0.9070   -0.3986    1.2928    0.3728    0.2004
   0    0.9656 -999.9900    1.6880    1.6880    1.1531   -0.2858    1.2539    0.2839    0.1475
    
2023032900
   0    1.0833 -999.9900    1.7975    1.7975    0.8653   -0.2376    1.3371    0.3522    0.2255
   0    0.9687 -999.9900    1.7121    1.7121    1.1333   -0.1520    1.2711    0.2563    0.1550
   0    1.0785 -999.9900    1.7953    1.7953    0.8766   -0.2523    1.3343    0.3484    0.2212
   0    0.9693 -999.9900    1.7103    1.7103    1.1178   -0.1779    1.2670    0.2604    0.1575
    
2023033000
   0    0.9968 -999.9900    1.6246    1.6246    0.6612   -0.4406    1.2137    0.4120    0.2059
   0    0.9031 -999.9900    1.5560    1.5560    0.9310   -0.3587    1.1792    0.3163    0.1513
   0    0.9860 -999.9900    1.6151    1.6151    0.6704   -0.4264    1.2058    0.4031    0.2023
   0    0.8987 -999.9900    1.5502    1.5502    0.9113   -0.3665    1.1695    0.3190    0.1496
    
2023033100
   0    0.9733 -999.9900    1.6246    1.6246    0.7172   -0.3415    1.1701    0.3639    0.2198
   0    0.9248 -999.9900    1.6223    1.6223    1.0501   -0.2414    1.2046    0.2675    0.1467
   0    0.9655 -999.9900    1.6125    1.6125    0.6977   -0.3615    1.1599    0.3669    0.2141
   0    0.9095 -999.9900    1.5962    1.5962    1.0147   -0.2734    1.1752    0.2733    0.1434
    
2023040100
    
