2022120700
   1 -999.9900 -999.9900 -999.9900 -999.9900 -999.9900 -999.9900 -999.9900 -999.9900 -999.9900
   1 -999.9900 -999.9900 -999.9900 -999.9900 -999.9900 -999.9900 -999.9900 -999.9900 -999.9900
   1 -999.9900 -999.9900 -999.9900 -999.9900 -999.9900 -999.9900 -999.9900 -999.9900 -999.9900
   1 -999.9900 -999.9900 -999.9900 -999.9900 -999.9900 -999.9900 -999.9900 -999.9900 -999.9900
    
2022120800
   1 -999.9900 -999.9900 -999.9900 -999.9900 -999.9900 -999.9900 -999.9900 -999.9900 -999.9900
   1 -999.9900 -999.9900 -999.9900 -999.9900 -999.9900 -999.9900 -999.9900 -999.9900 -999.9900
   1 -999.9900 -999.9900 -999.9900 -999.9900 -999.9900 -999.9900 -999.9900 -999.9900 -999.9900
   1 -999.9900 -999.9900 -999.9900 -999.9900 -999.9900 -999.9900 -999.9900 -999.9900 -999.9900
    
2022120900
   1 -999.9900 -999.9900 -999.9900 -999.9900 -999.9900 -999.9900 -999.9900 -999.9900 -999.9900
   1 -999.9900 -999.9900 -999.9900 -999.9900 -999.9900 -999.9900 -999.9900 -999.9900 -999.9900
   1 -999.9900 -999.9900 -999.9900 -999.9900 -999.9900 -999.9900 -999.9900 -999.9900 -999.9900
   1 -999.9900 -999.9900 -999.9900 -999.9900 -999.9900 -999.9900 -999.9900 -999.9900 -999.9900
    
2022121000
   1 -999.9900 -999.9900 -999.9900 -999.9900 -999.9900 -999.9900 -999.9900 -999.9900 -999.9900
   1 -999.9900 -999.9900 -999.9900 -999.9900 -999.9900 -999.9900 -999.9900 -999.9900 -999.9900
   1 -999.9900 -999.9900 -999.9900 -999.9900 -999.9900 -999.9900 -999.9900 -999.9900 -999.9900
   1 -999.9900 -999.9900 -999.9900 -999.9900 -999.9900 -999.9900 -999.9900 -999.9900 -999.9900
    
2022121100
   1 -999.9900 -999.9900 -999.9900 -999.9900 -999.9900 -999.9900 -999.9900 -999.9900 -999.9900
   1 -999.9900 -999.9900 -999.9900 -999.9900 -999.9900 -999.9900 -999.9900 -999.9900 -999.9900
   1 -999.9900 -999.9900 -999.9900 -999.9900 -999.9900 -999.9900 -999.9900 -999.9900 -999.9900
   1 -999.9900 -999.9900 -999.9900 -999.9900 -999.9900 -999.9900 -999.9900 -999.9900 -999.9900
    
2022121200
   1 -999.9900 -999.9900 -999.9900 -999.9900 -999.9900 -999.9900 -999.9900 -999.9900 -999.9900
   1 -999.9900 -999.9900 -999.9900 -999.9900 -999.9900 -999.9900 -999.9900 -999.9900 -999.9900
   1 -999.9900 -999.9900 -999.9900 -999.9900 -999.9900 -999.9900 -999.9900 -999.9900 -999.9900
   1 -999.9900 -999.9900 -999.9900 -999.9900 -999.9900 -999.9900 -999.9900 -999.9900 -999.9900
    
2022121300
   1 -999.9900 -999.9900 -999.9900 -999.9900 -999.9900 -999.9900 -999.9900 -999.9900 -999.9900
   1 -999.9900 -999.9900 -999.9900 -999.9900 -999.9900 -999.9900 -999.9900 -999.9900 -999.9900
   1 -999.9900 -999.9900 -999.9900 -999.9900 -999.9900 -999.9900 -999.9900 -999.9900 -999.9900
   1 -999.9900 -999.9900 -999.9900 -999.9900 -999.9900 -999.9900 -999.9900 -999.9900 -999.9900
    
2022121400
   1 -999.9900 -999.9900 -999.9900 -999.9900 -999.9900 -999.9900 -999.9900 -999.9900 -999.9900
   1 -999.9900 -999.9900 -999.9900 -999.9900 -999.9900 -999.9900 -999.9900 -999.9900 -999.9900
   1 -999.9900 -999.9900 -999.9900 -999.9900 -999.9900 -999.9900 -999.9900 -999.9900 -999.9900
   1 -999.9900 -999.9900 -999.9900 -999.9900 -999.9900 -999.9900 -999.9900 -999.9900 -999.9900
    
2022121500
   1 -999.9900 -999.9900 -999.9900 -999.9900 -999.9900 -999.9900 -999.9900 -999.9900 -999.9900
   1 -999.9900 -999.9900 -999.9900 -999.9900 -999.9900 -999.9900 -999.9900 -999.9900 -999.9900
   1 -999.9900 -999.9900 -999.9900 -999.9900 -999.9900 -999.9900 -999.9900 -999.9900 -999.9900
   1 -999.9900 -999.9900 -999.9900 -999.9900 -999.9900 -999.9900 -999.9900 -999.9900 -999.9900
    
2022121600
   1 -999.9900 -999.9900 -999.9900 -999.9900 -999.9900 -999.9900 -999.9900 -999.9900 -999.9900
   1 -999.9900 -999.9900 -999.9900 -999.9900 -999.9900 -999.9900 -999.9900 -999.9900 -999.9900
   1 -999.9900 -999.9900 -999.9900 -999.9900 -999.9900 -999.9900 -999.9900 -999.9900 -999.9900
   1 -999.9900 -999.9900 -999.9900 -999.9900 -999.9900 -999.9900 -999.9900 -999.9900 -999.9900
    
2022121700
   0   61.5951   37.4044  121.7326  121.7326  103.0361  -26.5027   86.3697    0.1901    0.0751
   0   64.1608   39.6005  127.5924  127.5924  109.2148  -20.2607   89.9911    0.1607    0.0932
   0   59.6646   35.4166  118.3889  118.3889  106.7514  -24.5936   84.1185    0.1526    0.0680
   0   62.1643   37.5896  123.8718  123.8718  110.8439  -20.3639   87.5129    0.1464    0.0859
    
2022121800
   0   56.4920   36.4923  112.2379  112.2379  121.3964  -13.0828   80.2856    0.0772    0.0521
   0   59.0284   38.2845  118.2893  118.2893  116.3682  -11.6466   83.3354    0.1066    0.0627
   0   55.0241   36.6876  110.1680  110.1680  119.8471  -12.0359   78.2952    0.0657    0.0508
   0   57.4945   38.0014  115.6512  115.6512  116.7372  -11.3054   81.4644    0.0894    0.0536
    
2022121900
   0   56.6903   34.5193  112.0337  112.0337  110.5306  -12.6691   79.5135    0.1176    0.0873
   0   58.9196   37.3252  118.7694  118.7694  115.6236   -8.3446   81.1737    0.1065    0.0811
   0   58.1441   32.5402  115.1602  115.1602  112.1947  -11.6362   80.6146    0.1211    0.0729
   0   59.3473   35.5593  119.3993  119.3993  115.4024   -8.5895   81.7563    0.1078    0.0686
    
2022122000
   0   61.1500   35.0599  120.2517  120.2517  109.6979  -11.7536   84.3134    0.1410    0.0901
   0   60.8798   37.4853  120.6214  120.6214  109.2929   -7.3944   83.1923    0.1355    0.0948
   0   59.6297   34.6825  118.1666  118.1666  108.4632  -10.9608   82.3591    0.1421    0.0832
   0   59.6297   34.6825  118.1666  118.1666  108.4632  -10.9608   82.3591    0.1421    0.0832
    
2022122100
   1 -999.9900 -999.9900 -999.9900 -999.9900 -999.9900 -999.9900 -999.9900 -999.9900 -999.9900
   0   67.5044   37.5981  133.4683  133.4683  110.5528   -1.7638   93.9380    0.1262    0.1282
   0   70.6284   36.5494  134.8139  134.8139  104.7005   -4.5603   97.6532    0.1604    0.1515
   0   70.6284   36.5494  134.8139  134.8139  104.7005   -4.5603   97.6532    0.1604    0.1515
    
2022122200
   0   75.8994   33.6728  149.8572  149.8572  105.3464   -2.6968  102.8194    0.1612    0.1471
   0   75.2644   33.6572  149.4707  149.4707  109.5736   -0.8517  102.7689    0.1469    0.1377
   0   72.4893   31.9494  141.7731  141.7731  106.8229   -3.8191   98.5086    0.1548    0.1169
   0   72.4893   31.9494  141.7731  141.7731  106.8229   -3.8191   98.5086    0.1548    0.1169
    
2022122300
   0   72.8639   29.9841  144.8481  144.8481  115.1808   -6.5278   98.5185    0.1571    0.1323
   0   72.9657   31.9889  145.8648  145.8648  117.2977   -5.7561   99.1409    0.1402    0.1333
   0   70.0489   28.4538  137.5002  137.5002  113.8335   -6.2306   95.6625    0.1563    0.1171
   0   70.0489   28.4538  137.5002  137.5002  113.8335   -6.2306   95.6625    0.1563    0.1171
    
2022122400
   0   67.3265   32.2492  130.8268  130.8268  112.0938   -6.5822   95.4402    0.1534    0.1366
   0   71.1612   32.7258  137.8744  137.8744  117.3981   -3.0805  100.6517    0.1303    0.1396
   0   65.4601   31.5618  125.4627  125.4627  111.2601   -7.2867   93.5979    0.1458    0.1222
   0   69.4485   32.4689  133.8936  133.8936  116.1686   -1.8558   98.6004    0.1290    0.1368
    
2022122500
   0   62.7815   28.4010  120.2966  120.2966  113.1077   -8.5657   90.4435    0.1322    0.0998
   0   66.1660   31.6408  125.1112  125.1112  117.7286   -5.9973   94.6560    0.1322    0.1092
   0   62.9902   27.6085  118.8460  118.8460  110.3008  -11.0239   91.3307    0.1442    0.0956
   0   65.4011   30.5861  123.2489  123.2489  115.8337   -5.6654   94.0703    0.1322    0.1055
    
2022122600
   0   67.4334   30.2604  122.2592  122.2592  108.9330   -9.8965   95.6159    0.1768    0.1269
   0   68.2409   30.6602  125.5307  125.5307  112.0114   -7.9830   97.1982    0.1611    0.1245
   0   64.6460   28.8366  117.2892  117.2892  108.7666  -10.8960   92.0252    0.1692    0.1167
   0   66.1961   29.7987  121.9838  121.9838  111.8908   -6.6934   94.6207    0.1506    0.1209
    
2022122700
   0   57.5786   28.2216  101.8735  101.8735  112.4222  -14.9805   81.8985    0.1547    0.0850
   0   60.6726   29.6901  111.4228  111.4228  118.3726   -9.3901   86.7705    0.1398    0.0842
   0   54.5270   27.4268   97.0789   97.0789  110.9684  -13.7902   78.4533    0.1318    0.0625
   0   58.0503   28.6489  106.2048  106.2048  117.0537   -9.7871   83.5117    0.1284    0.0713
    
2022122800
   0   50.5902   29.3920   92.4301   92.4301  104.2581   -8.5111   72.7946    0.1014    0.0969
   0   51.9208   29.2701   95.9352   95.9352  106.5194   -5.7255   74.5346    0.0777    0.1007
   0   48.9588   28.7587   89.2420   89.2420  103.3644   -8.1520   70.4250    0.0861    0.0845
   0   50.5040   28.6664   92.9138   92.9138  106.0821   -6.0414   72.6633    0.0734    0.0902
    
2022122900
   0   52.5212   32.8429   97.2628   97.2628  107.4774   -4.5604   74.5832    0.1069    0.1111
   0   53.5502   32.2064  101.2267  101.2267  111.5842   -0.1676   76.9320    0.0940    0.0950
   0   53.7207   32.2135   99.6664   99.6664  106.3988   -4.9720   76.7313    0.1124    0.1139
   0   53.9986   31.8624  101.6392  101.6392  110.3372   -1.2611   77.6140    0.1018    0.0982
    
2022123000
   0   54.2523   30.0380  103.5450  103.5450  106.4897    3.5824   78.7047    0.0928    0.1241
   0   55.1386   31.2089  106.3068  106.3068  110.0386    4.6930   79.5402    0.0891    0.1075
   0   54.7398   30.1187  104.4155  104.4155  108.4727    1.9272   80.2198    0.0842    0.0988
   0   55.2171   30.9537  105.9660  105.9660  110.7736    3.5468   80.1919    0.0858    0.0948
    
2022123100
   0   56.7698   32.9759  107.0386  107.0386  101.9360    0.2558   78.8072    0.1507    0.0979
   0   54.5940   30.7545  106.0575  106.0575  103.1252   -0.1212   76.8928    0.1295    0.0961
   0   56.1069   30.7810  106.4513  106.4513  103.8249    0.4081   79.0641    0.1342    0.1010
   0   54.6983   30.0292  106.1230  106.1230  103.7222   -0.0238   77.4126    0.1228    0.0983
    
2023010100
   0   51.1894   30.3571   97.5011   97.5011   99.6085    2.1973   72.2867    0.1270    0.0974
   0   50.8709   29.4170   96.5597   96.5597  100.6854    0.8552   71.7641    0.1118    0.0993
   0   49.5109   29.3708   94.4841   94.4841   98.5707    1.8938   70.1210    0.1138    0.0939
   0   49.8496   28.9011   94.7262   94.7262  100.0617    0.9419   70.5212    0.1070    0.0962
    
2023010200
   0   49.8532   30.2735   94.0894   94.0894  104.7884    6.5051   69.7911    0.1051    0.0906
   0   51.0242   30.3954   98.4812   98.4812  105.3515    8.6180   71.4366    0.0891    0.0950
   0   50.4240   29.8305   94.9745   94.9745  102.8801    7.1019   70.2550    0.1034    0.0959
   0   50.9500   29.9562   97.6667   97.6667  104.5605    8.5530   71.1594    0.0869    0.0967
    
2023010300
   0   50.7926   33.1705   97.6578   97.6578  107.3992    8.0311   70.7154    0.0637    0.0891
   0   51.9100   32.6260  101.8060  101.8060  110.0245    9.1285   72.8159    0.0566    0.0831
   0   51.5583   32.9438   99.4225   99.4225  106.2525    8.7445   71.8579    0.0633    0.0925
   0   51.8893   32.3378  101.3841  101.3841  109.4313    9.3371   72.6038    0.0556    0.0862
    
2023010400
   0   46.3384   32.6037   89.4443   89.4443  101.5495    7.3649   64.3813    0.0675    0.0943
   0   48.7536   30.9306   93.4395   93.4395  102.6767    9.4388   69.3145    0.0499    0.1013
   0   46.1593   32.2000   89.1285   89.1285  101.1620    7.1692   64.2691    0.0623    0.0836
   0   47.9434   30.8062   92.0485   92.0485  102.6101    8.9065   67.9411    0.0459    0.0923
    
2023010500
   0   45.3915   33.1692   86.3815   86.3815   97.8068    4.5421   61.8885    0.0882    0.0809
   0   46.2748   30.1159   88.0218   88.0218  101.4134    4.8108   64.2308    0.0754    0.0716
   0   45.2572   33.6406   86.7293   86.7293   96.3833    6.0447   61.7739    0.0852    0.0812
   0   45.7855   30.6889   87.3400   87.3400  100.3751    5.6586   63.3937    0.0707    0.0733
    
2023010600
   0   40.9944   34.9730   74.7540   74.7540   97.0154    7.4588   57.3882    0.0669    0.0760
   0   42.3438   32.5425   77.3214   77.3214   96.7128    7.5847   59.4519    0.0791    0.0692
   0   41.7437   33.3219   76.5147   76.5147   96.1712    7.5501   58.2594    0.0773    0.0744
   0   42.4221   31.9995   77.5558   77.5558   96.5146    7.6135   59.4049    0.0839    0.0686
    
2023010700
   0   38.5522   34.8525   74.6133   74.6133   93.1787    4.2803   53.5013    0.0510    0.0723
   0   38.6025   32.4479   73.4351   73.4351   98.3643    3.8665   53.4890    0.0465    0.0469
   0   38.5846   33.9733   74.8599   74.8599   94.5194    5.6774   52.8902    0.0371    0.0795
   0   38.3775   32.2507   73.3759   73.3759   98.4321    4.7869   52.8512    0.0356    0.0522
    
2023010800
   0   43.1275   32.3789   84.0583   84.0583   93.8086    5.3842   59.7818    0.0556    0.0851
   0   41.5708   31.0241   80.5266   80.5266   96.2884    4.8601   58.0227    0.0404    0.0693
   0   44.1780   31.7998   85.8500   85.8500   96.0063    7.3797   61.5962    0.0452    0.0888
   0   42.4691   30.8407   82.2343   82.2343   97.1781    6.1622   59.3677    0.0392    0.0738
    
2023010900
   0   45.2248   31.1058   89.9069   89.9069   93.9683    7.8584   63.7074    0.0556    0.0916
   0   44.2656   30.1751   86.9115   86.9115   95.6190    8.1903   62.6064    0.0464    0.0840
   0   43.4554   29.9764   85.6516   85.6516   95.2443    6.7196   60.6923    0.0375    0.0843
   0   43.3123   29.5845   84.8242   84.8242   96.1167    7.4406   61.0128    0.0401    0.0779
    
2023011000
   0   47.7997   29.5669   89.9382   89.9382   95.5505   10.0329   65.6680    0.0661    0.1179
   0   45.9580   28.7516   86.5602   86.5602   99.3401   10.0041   63.2888    0.0596    0.0943
   0   49.3367   30.1262   93.1707   93.1707   95.9200   11.3723   68.1942    0.0726    0.1258
   0   47.0635   29.0868   88.9783   88.9783   99.0479   10.8137   65.0955    0.0621    0.1004
    
2023011100
   0   50.6911   30.7137   93.7083   93.7083   98.3530    8.9786   70.5057    0.0796    0.1255
   0   48.1905   28.5478   90.1954   90.1954   98.5967    9.0481   67.6920    0.0520    0.1111
   0   51.9833   30.0662   96.1106   96.1106   97.0281    8.1578   72.7107    0.0822    0.1253
   0   49.3256   28.4811   92.2338   92.2338   97.9272    8.5420   69.5152    0.0572    0.1127
    
2023011200
   0   50.6651   29.8799   94.0819   94.0819  100.1173    5.9693   71.4387    0.0631    0.1096
   0   47.8253   27.8865   88.3860   88.3860   99.6469    4.5120   67.1977    0.0527    0.0989
   0   51.2221   29.5787   95.0728   95.0728   98.8910    5.0073   71.3785    0.0602    0.1181
   0   48.6118   28.0153   90.1004   90.1004   99.0898    4.2266   67.8224    0.0513    0.1052
    
2023011300
   0   49.7164   28.2483   91.6792   91.6792   98.9221   -2.0655   70.4169    0.0961    0.0980
   0   46.5717   26.8779   84.8835   84.8835   99.8363   -1.7020   64.4724    0.0600    0.0843
   0   48.1552   27.4167   88.4070   88.4070   99.5189   -3.5494   67.6639    0.0822    0.0874
   0   46.2969   26.6778   84.2612   84.2612   99.9587   -2.6647   63.9720    0.0599    0.0820
    
2023011400
   0   48.1128   28.1830   86.5462   86.5462   94.4054   -2.6708   66.2397    0.0962    0.0942
   0   47.0866   26.6575   84.7720   84.7720   94.8952   -2.3969   65.2011    0.0882    0.0846
   0   47.8280   28.0097   86.7854   86.7854   94.5182   -2.6186   65.2283    0.0901    0.0919
   0   47.0048   26.6634   85.0988   85.0988   95.0240   -2.4205   64.7317    0.0855    0.0851
    
2023011500
   0   55.4732   29.3063  103.3519  103.3519   99.2823    3.9266   77.8975    0.0914    0.1119
   0   50.7949   27.7603   94.9190   94.9190  103.1096    3.2386   72.4434    0.0707    0.0790
   0   54.5070   28.7595  101.5857  101.5857   99.0666    3.1542   76.3075    0.0856    0.1120
   0   50.9776   27.5308   95.1702   95.1702  102.5626    2.9127   72.3922    0.0705    0.0825
    
2023011600
   0   62.0889   27.1812  117.2738  117.2738  103.9211    5.3850   88.0391    0.1080    0.1446
   0   57.7712   26.9046  110.1401  110.1401  103.6890    3.8456   82.1446    0.1057    0.1184
   0   60.5839   26.8166  114.7638  114.7638  101.9198    3.9166   85.9950    0.0968    0.1402
   0   57.4880   26.5509  109.6555  109.6555  102.9594    3.2715   81.9141    0.0959    0.1197
    
2023011700
   0   63.2395   28.9720  122.6910  122.6910  104.4319    0.0189   89.6229    0.1366    0.1296
   0   59.1378   26.6995  115.1233  115.1233  107.0713   -1.2512   84.5947    0.1152    0.0983
   0   59.9531   27.3915  116.4024  116.4024  100.8869   -0.3646   85.4600    0.1294    0.1185
   0   58.0311   26.2391  112.8319  112.8319  104.4018   -1.2273   83.1692    0.1159    0.0990
    
2023011800
   0   50.6839   29.5391   96.9042   96.9042  108.1793    0.7255   71.0561    0.0751    0.1032
   0   49.6514   29.7268   97.5383   97.5383  108.5024    0.6303   69.2607    0.0599    0.0830
   0   49.7738   28.2803   95.8685   95.8685  104.0047   -1.8187   69.9382    0.0706    0.0928
   0   49.2058   28.8459   96.5504   96.5504  106.2187   -0.8771   68.7922    0.0624    0.0776
    
2023011900
   0   47.9923   29.7304   89.3976   89.3976  104.5155   -6.2514   68.5790    0.0943    0.0659
   0   49.1599   29.6446   94.3639   94.3639  104.6281   -5.2683   69.8468    0.0758    0.0737
   0   49.2434   29.7803   92.5584   92.5584  103.5489   -5.3754   70.2597    0.1000    0.0724
   0   49.5584   29.5785   94.8614   94.8614  104.3693   -4.9399   70.3570    0.0791    0.0753
    
2023012000
   0   53.5719   29.3893  101.5648  101.5648   99.1853   -6.2897   75.1022    0.1333    0.0922
   0   50.6909   29.2867   96.8878   96.8878  102.7813   -5.2829   71.0687    0.1079    0.0728
   0   51.3596   29.1214   96.9832   96.9832   98.5118   -5.9769   71.9707    0.1092    0.0904
   0   49.8968   29.1254   95.0355   95.0355  101.6477   -5.2967   69.9288    0.0985    0.0750
    
2023012100
   0   52.4133   28.4941  102.5256  102.5256   92.4886   -6.8942   71.7094    0.1357    0.1157
   0   51.5178   28.8209  100.6179  100.6179  101.6080   -5.6054   72.0573    0.0875    0.0989
   0   51.9778   28.6261  101.7691  101.7691   93.9880   -7.3884   71.2520    0.1311    0.1057
   0   51.3668   28.7746  100.4265  100.4265  100.7576   -6.1597   71.3603    0.0934    0.0961
    
2023012200
   0   55.7199   28.9969  108.3581  108.3581   95.2776  -12.4960   78.3210    0.1272    0.1132
   0   57.7517   29.0835  112.1335  112.1335   99.6457  -10.4795   81.7446    0.1248    0.1216
   0   54.1654   29.1793  105.4655  105.4655   94.3603  -12.0163   76.1274    0.1245    0.1080
   0   56.5175   29.6035  109.5106  109.5106   98.6522   -8.2762   79.7841    0.1152    0.1230
    
2023012300
   0   59.0966   30.9361  114.3140  114.3140   97.6405  -11.8263   81.6772    0.1505    0.1289
   0   58.8767   29.9088  115.3402  115.3402   99.1786  -12.8950   81.7727    0.1348    0.1318
   0   57.3466   30.1781  110.7500  110.7500   98.6759  -11.9646   79.6184    0.1463    0.1229
   0   57.7475   29.5662  112.8149  112.8149   99.6293  -12.7063   80.4303    0.1337    0.1299
    
2023012400
   0   56.9446   30.8585  108.6177  108.6177   97.3919  -10.9611   76.7091    0.1414    0.1139
   0   54.8802   29.3005  107.2073  107.2073  103.6636  -11.1214   75.7236    0.1172    0.0881
   0   55.4940   30.2187  106.3657  106.3657   96.9616  -11.9816   75.5749    0.1383    0.1041
   0   54.3838   29.1835  106.1286  106.1286  102.1687  -11.6786   75.1863    0.1196    0.0854
    
2023012500
   0   57.1702   29.6481  109.2131  109.2131  101.0944  -15.2268   80.2663    0.1436    0.1053
   0   56.8227   29.1398  109.6056  109.6056  106.8540  -15.6899   79.8971    0.1202    0.0960
   0   57.1765   29.3768  108.2019  108.2019  101.6353  -14.8629   80.7824    0.1445    0.1063
   0   56.7839   29.0189  108.9176  108.9176  106.0433  -15.3569   80.2885    0.1222    0.0968
    
2023012600
   0   57.2584   30.7477  114.3232  114.3232  100.4705  -22.1226   80.5395    0.1426    0.0914
   0   58.1484   28.7008  115.5049  115.5049  103.2754  -21.7875   82.0025    0.1243    0.0912
   0   56.8518   28.6517  112.2676  112.2676  100.0944  -23.1774   80.5628    0.1384    0.0921
   0   57.8333   27.9959  114.2156  114.2156  102.3049  -22.4876   81.7709    0.1304    0.0917
    
2023012700
   0   56.6512   32.0896  108.8308  108.8308  104.3290  -20.5545   80.5850    0.1446    0.0877
   0   55.3506   30.4352  107.7689  107.7689  105.7785  -19.5085   79.1984    0.1176    0.0842
   0   57.7920   30.1840  111.5064  111.5064  102.8903  -20.7565   82.4745    0.1461    0.0909
   0   56.3010   29.7029  109.7060  109.7060  104.5904  -19.8255   80.6668    0.1292    0.0867
    
2023012800
   0   61.8029   35.6262  118.2282  118.2282  105.2315  -16.2011   87.4219    0.1558    0.1286
   0   64.0981   34.3116  123.7377  123.7377  109.6648  -16.8393   90.5555    0.1365    0.1376
   0   60.4813   36.2995  114.3230  114.3230  106.6373  -15.4139   85.9515    0.1505    0.1167
   0   62.8046   34.8388  120.2940  120.2940  109.7812  -16.2676   89.0836    0.1375    0.1285
    
2023012900
   0   56.3244   35.2814  106.5066  106.5066  108.6018   -8.3098   80.6949    0.1300    0.1028
   0   57.8364   34.3008  111.5478  111.5478  112.6261   -8.8604   83.6513    0.1145    0.0944
   0   57.8918   35.3952  110.1170  110.1170  110.7322   -7.9501   83.0108    0.1212    0.1060
   0   58.3209   34.4167  112.2018  112.2018  113.4657   -8.4800   84.1522    0.1140    0.0994
    
2023013000
   0   60.6425   39.8048  112.8843  112.8843  115.2318    0.7740   85.9088    0.1063    0.1209
   0   61.5269   38.3977  114.9621  114.9621  114.3336   -1.3941   88.3991    0.1091    0.1236
   0   59.8669   38.9989  111.3086  111.3086  114.2691    1.8356   85.3165    0.0985    0.1285
   0   60.7425   38.0635  113.4473  113.4473  114.1211   -0.3243   87.3823    0.1047    0.1244
    
2023013100
   0   51.8152   36.7576   91.3277   91.3277  111.4041    2.7219   71.4810    0.1041    0.0889
   0   52.0162   35.2325   93.9695   93.9695  111.9961   -1.7778   72.9721    0.0824    0.0842
   0   51.5841   36.1281   90.9616   90.9616  108.9678    2.2777   71.3039    0.1028    0.0916
   0   51.7904   35.1028   93.1771   93.1771  110.4950   -1.1444   72.4505    0.0870    0.0900
    
2023020100
   0   50.2938   37.4279   90.6035   90.6035  104.4452    3.7853   70.3305    0.1081    0.0978
   0   50.0900   34.7784   89.5210   89.5210  110.8929    1.3205   70.8681    0.0857    0.0851
   0   48.6458   35.9428   87.9953   87.9953  106.6906    2.9066   68.3247    0.1011    0.0795
   0   49.3271   34.6186   88.4460   88.4460  110.6535    1.2863   69.8805    0.0855    0.0790
    
2023020200
   0   49.3634   38.5899   86.9622   86.9622  109.8973    3.9298   69.8634    0.1008    0.0599
   0   48.0574   31.2809   84.1560   84.1560  113.6216   -0.5008   67.4829    0.0889    0.0412
   0   49.8220   38.6779   88.4249   88.4249  108.3976    3.5930   70.1250    0.1090    0.0662
   0   48.1505   32.1738   84.3647   84.3647  112.9837    0.1839   67.5462    0.0904    0.0413
    
2023020300
   0   43.5068   33.8418   80.1808   80.1808  108.9671    4.6634   60.7617    0.0281    0.0414
   0   46.7858   33.3811   85.6521   85.6521  114.4088    3.6653   66.4490    0.0424    0.0303
   0   43.5458   34.5178   80.6040   80.6040  107.5861    4.9125   61.6565    0.0400    0.0392
   0   46.0002   33.6192   84.2474   84.2474  112.9795    4.0145   65.6260    0.0439    0.0303
    
2023020400
   0   51.1645   31.8582   99.7321   99.7321  111.9583    4.2105   71.8347    0.0817    0.0497
   0   55.1333   33.1016  108.4681  108.4681  117.6565    6.5802   77.9449    0.0589    0.0576
   0   51.5837   32.7480  100.7399  100.7399  112.9876    4.7608   73.0646    0.0797    0.0455
   0   54.4356   33.1964  106.7983  106.7983  117.6109    6.4359   77.1794    0.0563    0.0524
    
2023020500
   0   58.7542   37.8961  119.3385  119.3385  118.3942   -0.2584   84.9104    0.1024    0.0708
   0   57.6748   36.8617  117.5890  117.5890  119.1593    1.1191   83.4440    0.0913    0.0652
   0   56.1965   36.0403  114.6333  114.6333  115.4155   -2.2855   81.3395    0.0893    0.0651
   0   55.9257   35.3755  114.1510  114.1510  116.4802   -0.2494   80.8166    0.0799    0.0611
    
2023020600
   0   51.2909   38.1386  102.7678  102.7678  102.0034    6.6185   73.3678    0.0558    0.1003
   0   51.2909   38.1386  102.7678  102.7678  102.0034    6.6185   73.3678    0.0558    0.1003
   0   53.5305   37.0988  108.5430  108.5430  105.9687    5.3441   76.9806    0.0584    0.1078
   0   54.4214   36.2911  109.7778  109.7778  109.5244    5.7040   78.5458    0.0627    0.0995
    
2023020700
   0   56.1996   35.0922  109.6073  109.6073  104.1682   -4.6180   81.1592    0.1197    0.1314
   0   54.3253   33.8450  106.8930  106.8930  108.8232   -2.7160   78.8602    0.0878    0.0997
   0   52.5029   35.2038  102.0793  102.0793  104.2159   -3.4939   76.4288    0.0895    0.1177
   0   52.4647   34.1130  102.9018  102.9018  107.9097   -2.4218   76.5320    0.0755    0.0921
    
2023020800
   0   56.3149   35.3679  106.8210  106.8210  107.1298   -4.8867   82.0301    0.1109    0.0790
   0   54.5948   33.9276  104.6795  104.6795  110.5313   -3.9932   79.5214    0.0869    0.0759
   0   54.8407   34.3052  104.0300  104.0300  108.1435   -4.8866   80.8955    0.0935    0.0764
   0   53.9524   33.4934  103.2740  103.2740  110.5698   -4.1720   79.1106    0.0816    0.0741
    
2023020900
   0   54.5504   35.6850  105.5808  105.5808  106.4813   -2.2516   79.5052    0.0728    0.1132
   0   54.5390   36.0982  107.1301  107.1301  107.8923   -1.1917   80.0735    0.0651    0.1045
   0   52.5388   34.5452  101.7272  101.7272  104.1983   -4.0923   77.1657    0.0687    0.1066
   0   53.2293   35.2191  104.4090  104.4090  106.4204   -2.5073   78.4806    0.0665    0.0980
    
2023021000
   0   51.9030   35.5723  102.1217  102.1217  100.0331    2.7418   74.6508    0.0880    0.1049
   0   52.4986   35.4375  104.4262  104.4262  101.8967    1.6060   75.6624    0.0762    0.0970
   0   50.2069   33.9133   98.5158   98.5158  100.9312    1.0178   72.7356    0.0723    0.0877
   0   51.2522   34.3417  101.5219  101.5219  102.3877    0.7983   74.1233    0.0698    0.0910
    
2023021100
   0   46.5419   34.5137   91.6943   91.6943   97.7822   -4.0055   65.2111    0.0745    0.0993
   0   49.7901   34.5668   99.8892   99.8892  102.8817   -2.5460   70.5713    0.0635    0.1094
   1 -999.9900 -999.9900 -999.9900 -999.9900 -999.9900 -999.9900 -999.9900 -999.9900 -999.9900
   1 -999.9900 -999.9900 -999.9900 -999.9900 -999.9900 -999.9900 -999.9900 -999.9900 -999.9900
    
2023021200
   0   48.8502   34.2463   95.6784   95.6784  102.6408   -0.3932   70.3540    0.0927    0.0743
   0   52.8615   34.8151  103.1596  103.1596  105.7124   -1.4098   77.2837    0.0966    0.0794
   0   47.8333   33.2123   91.9334   91.9334  104.0485   -2.0751   70.1410    0.0719    0.0611
   0   51.0387   34.2332   98.9392   98.9392  106.4000   -0.1905   75.2483    0.0789    0.0637
    
2023021300
   0   47.8515   35.2962   90.8412   90.8412  100.2404    1.1332   65.7357    0.1082    0.0928
   0   48.0800   35.6006   92.9388   92.9388  102.7416    0.4153   66.7643    0.0993    0.0566
   0   48.9782   35.5446   95.7300   95.7300  101.7031    1.5671   68.1721    0.1013    0.0855
   0   48.7647   35.7276   95.4305   95.4305  103.0913    0.8184   68.0737    0.0957    0.0639
    
2023021400
   0   48.3051   36.7747   91.4708   91.4708  104.6357   -0.5939   69.4510    0.0845    0.0703
   0   48.3606   35.4818   93.0843   93.0843  102.4528   -2.9138   70.1550    0.0892    0.0587
   0   48.3753   35.7564   92.1947   92.1947  103.5758   -0.1069   69.4672    0.0832    0.0660
   0   48.5023   35.2510   93.4822   93.4822  101.9959   -2.1573   70.0402    0.0913    0.0639
    
2023021500
   0   48.0744   36.4921   90.5263   90.5263  105.3481   -8.4213   68.5842    0.0765    0.0706
   0   47.3519   35.7402   89.3007   89.3007  104.5086   -9.1245   67.7231    0.0684    0.0577
   0   46.2589   36.0015   87.8079   87.8079  105.1801   -8.6924   66.1718    0.0573    0.0580
   0   46.4049   35.4806   87.7428   87.7428  104.7405   -9.1423   66.3703    0.0591    0.0525
    
2023021600
   0   45.8528   38.6193   83.7113   83.7113   99.6590   -7.0435   65.5075    0.1058    0.0632
   0   44.9496   36.6584   82.6760   82.6760   99.6999   -8.5328   63.8585    0.0805    0.0483
   0   46.0048   35.5124   84.4128   84.4128  102.7518   -7.5554   66.3931    0.0807    0.0548
   0   45.2150   35.1823   83.1833   83.1833  101.6254   -8.5142   64.7313    0.0745    0.0467
    
2023021700
   0   52.7818   34.2635   95.8825   95.8825  107.1735   -7.7104   76.9301    0.1201    0.0909
   0   53.1159   36.0794   97.3595   97.3595  109.6475   -5.5479   76.1824    0.1137    0.0904
   0   52.1400   33.2132   94.5316   94.5316  108.3688   -7.8920   75.7392    0.1076    0.0830
   0   52.6901   35.1139   96.3339   96.3339  109.7840   -6.0890   75.5730    0.1093    0.0862
    
2023021800
   0   53.9354   32.9913   96.1297   96.1297  105.9815   -9.4153   77.8036    0.1347    0.0741
   0   54.8968   34.1483   99.0239   99.0239  103.4180  -10.0118   79.2857    0.1396    0.0769
   0   54.4401   32.7025   96.9507   96.9507  104.1788   -9.6072   79.2435    0.1398    0.0721
   0   54.7939   33.5545   98.5819   98.5819  103.2067  -10.0075   79.6271    0.1398    0.0757
    
2023021900
   0   60.5240   32.1815  112.3812  112.3812  106.9382   -8.9345   86.8855    0.1598    0.0974
   0   58.8203   32.3483  108.1371  108.1371  107.0531   -9.2557   84.7204    0.1425    0.0852
   0   57.7587   32.6203  106.9409  106.9409  105.4964   -8.9861   83.1866    0.1457    0.0927
   0   57.5642   32.6666  105.8590  105.8590  105.9814   -9.2226   82.8867    0.1390    0.0834
    
2023022000
   0   53.1607   37.7926  100.4472  100.4472  108.1010   -4.1446   76.5386    0.0961    0.0716
   0   49.5937   34.2988   92.5138   92.5138  110.9687   -5.9750   70.5441    0.0712    0.0508
   0   51.8174   35.9200   97.6362   97.6362  107.9481   -5.3943   74.3643    0.0961    0.0714
   0   49.6349   34.0746   92.9373   92.9373  109.8073   -6.3580   70.6463    0.0787    0.0565
    
2023022100
   0   50.0435   36.2916   94.4292   94.4292  106.3349   -5.7472   68.9267    0.0964    0.0745
   0   50.6491   36.2158   96.8029   96.8029  105.8055   -4.2487   70.7092    0.0724    0.0760
   0   49.3782   37.4179   93.5421   93.5421  105.0530   -5.5501   68.7361    0.0835    0.0757
   0   50.0124   36.8229   95.5882   95.5882  105.3617   -4.4307   70.0082    0.0675    0.0755
    
2023022200
   0   49.9003   41.4886   95.3622   95.3622  104.9849   -2.1648   71.5645    0.0543    0.0787
   0   47.7507   37.6042   91.6435   91.6435  106.0023   -1.7163   68.2452    0.0464    0.0670
   0   48.8314   39.7618   92.9629   92.9629  105.5414   -2.1071   70.1500    0.0588    0.0678
   0   47.4590   37.3337   90.7679   90.7679  106.2557   -1.7714   67.8266    0.0466    0.0626
    
2023022300
   0   61.5675   40.4272  116.3452  116.3452  107.7677   -4.4951   87.6758    0.1500    0.1112
   0   55.3434   38.0871  106.6220  106.6220  108.6771   -2.6337   79.2549    0.0959    0.0864
   0   54.8742   38.0526  105.0460  105.0460  108.0377   -4.4903   79.4802    0.1180    0.0802
   0   52.5996   37.1647  101.4100  101.4100  108.7296   -3.0034   75.8703    0.0854    0.0698
    
2023022400
   0   55.1273   36.8701  106.3196  106.3196  105.3113    4.5022   77.4981    0.1067    0.1236
   0   56.8934   35.4847  110.8084  110.8084  109.8058    4.1442   81.9676    0.1023    0.1104
   0   53.5551   35.7703  103.5969  103.5969  104.8080    3.5148   75.6322    0.0990    0.1079
   0   55.4747   34.9532  107.9193  107.9193  109.0820    3.6508   79.8914    0.0977    0.0998
    
2023022500
   0   59.0313   35.8938  110.1381  110.1381  103.9208   10.1741   86.3082    0.1289    0.1461
   0   55.3130   36.5558  102.9426  102.9426  106.9053    8.8035   81.3307    0.1151    0.1078
   0   57.6512   34.0597  107.9509  107.9509  107.0143    9.9065   84.7058    0.1309    0.1145
   0   55.2436   35.3416  103.1183  103.1183  108.0305    8.9167   81.1877    0.1180    0.1029
    
2023022600
   0   59.8655   36.2931  114.5625  114.5625  108.0280   10.8971   86.8478    0.1244    0.1449
   0   61.2461   36.1254  117.3208  117.3208  110.8899   10.2157   89.1385    0.1255    0.1389
   0   60.4537   35.7881  116.4470  116.4470  107.8677   12.4589   87.6140    0.1168    0.1629
   0   61.1345   35.7099  117.5351  117.5351  110.6036   11.2891   88.8475    0.1156    0.1428
    
2023022700
   1 -999.9900 -999.9900 -999.9900 -999.9900 -999.9900 -999.9900 -999.9900 -999.9900 -999.9900
   0   66.0387   38.2107  129.2564  129.2564  111.7410    6.4323   95.6123    0.1224    0.1182
   0   60.8957   35.9112  119.7035  119.7035  111.5148    5.9097   87.7155    0.1024    0.1087
   0   63.2269   36.6468  124.0928  124.0928  112.7922    6.7598   91.9136    0.1074    0.1128
    
2023022800
   0   55.8998   39.2725  110.4923  110.4923  107.6523    5.8034   80.2113    0.0983    0.1108
   0   60.0359   37.1624  119.2637  119.2637  111.6516    2.3176   86.0247    0.1108    0.1143
   0   54.4130   37.8358  106.7661  106.7661  105.5520    3.6995   78.0108    0.0931    0.1104
   0   58.3477   36.8297  115.5232  115.5232  109.5947    1.7526   83.6951    0.1092    0.1084
    
2023030100
   0   54.6647   39.3802  110.1250  110.1250  103.7931    4.1106   78.4417    0.0899    0.1221
   0   55.2455   37.4433  110.3668  110.3668  108.6358    1.9644   79.3987    0.0862    0.1166
   0   53.3243   40.3729  107.1479  107.1479  103.9880    3.3649   76.6670    0.0803    0.1195
   0   54.2014   38.2943  108.3202  108.3202  108.0068    1.9463   77.9898    0.0781    0.1155
    
2023030200
   0   56.8298   39.1644  112.2316  112.2316  112.2092    0.2065   81.1542    0.0652    0.1486
   0   57.0474   37.1295  114.5260  114.5260  115.1715    1.7797   82.5246    0.0483    0.1400
   0   55.9334   39.2312  110.4991  110.4991  112.0636    0.4519   80.2687    0.0608    0.1258
   0   56.3692   37.4018  112.8065  112.8065  114.7351    1.6122   81.5941    0.0475    0.1287
    
2023030300
   0   54.1505 -999.9900  104.8562  104.8562  109.2581    1.4372   77.7039    0.0714    0.1459
   0   56.8502 -999.9900  113.2454  113.2454  115.4624    1.5706   82.0633    0.0563    0.1307
   0   52.0370 -999.9900  100.6743  100.6743  106.3538    0.1224   74.4459    0.0712    0.1247
   0   54.8101 -999.9900  108.3774  108.3774  113.4811    0.7551   78.8567    0.0595    0.1145
    
2023030400
   0   49.0754 -999.9900   93.4509   93.4509  118.3605    0.9597   69.7394    0.0679    0.0525
   0   52.0248 -999.9900  100.9285  100.9285  119.6017    2.7742   74.9823    0.0984    0.0519
   0   50.2691 -999.9900   97.8145   97.8145  116.0250   -0.7432   71.8644    0.1041    0.0452
   0   52.2143 -999.9900  101.9594  101.9594  117.9881    1.3890   75.1118    0.1099    0.0463
    
2023030500
   0   48.7069 -999.9900   96.0032   96.0032  110.3257    2.1294   67.2109    0.0778    0.0877
   0   52.2232 -999.9900  105.4143  105.4143  112.3718    3.0078   72.9534    0.0991    0.0791
   0   47.9099 -999.9900   94.5039   94.5039  108.8631    1.1547   65.9741    0.0720    0.0842
   0   50.7921 -999.9900  102.3003  102.3003  111.5481    2.2472   70.6933    0.0889    0.0784
    
2023030600
   0   58.7105 -999.9900  117.4153  117.4153  107.9142    2.0887   83.1878    0.1361    0.1016
   0   58.3934 -999.9900  117.0417  117.0417  111.0631    3.6610   82.6679    0.1306    0.0890
   0   56.9810 -999.9900  112.8399  112.8399  108.1871    1.9115   81.2052    0.1368    0.0939
   0   57.2758 -999.9900  114.1522  114.1522  110.8324    3.2409   81.4717    0.1307    0.0869
    
2023030700
   0   58.9705 -999.9900  118.5160  118.5160  105.6681    0.1694   82.2723    0.1566    0.1082
   0   58.2428 -999.9900  118.0983  118.0983  107.1789    0.7359   80.0463    0.1359    0.0925
   0   57.9347 -999.9900  116.9448  116.9448  107.7264    1.3478   81.3714    0.1407    0.0909
   0   57.7016 -999.9900  117.1918  117.1918  108.1342    1.3300   79.9732    0.1348    0.0845
    
2023030800
   0   55.6420 -999.9900  110.1637  110.1637  108.4879   -4.5808   79.0718    0.1456    0.0840
   0   56.5800 -999.9900  113.8447  113.8447  111.5063   -3.8546   79.2374    0.1410    0.0768
   0   57.0203 -999.9900  113.2800  113.2800  109.9151   -3.5604   79.8794    0.1427    0.0849
   0   57.3253 -999.9900  115.1598  115.1598  111.5054   -3.3873   79.7638    0.1425    0.0803
    
2023030900
   0   59.2309 -999.9900  115.0544  115.0544  107.8844   -1.7581   82.1671    0.1188    0.1244
   0   57.0258 -999.9900  112.0374  112.0374  109.9361   -1.7641   80.3788    0.1012    0.1025
   0   56.9707 -999.9900  111.5034  111.5034  106.9618   -3.8295   79.6813    0.1140    0.1035
   0   56.2237 -999.9900  110.7417  110.7417  108.7162   -3.0052   79.1305    0.1018    0.0962
    
2023031000
   0   52.8591 -999.9900  100.1064  100.1064  108.8260   -8.6966   77.3608    0.0782    0.0812
   0   52.6229 -999.9900   99.6400   99.6400  108.6641   -8.3024   76.6404    0.0651    0.0768
   0   51.9185 -999.9900   98.3451   98.3451  108.0514   -9.3337   75.4700    0.0759    0.0779
   0   52.0527 -999.9900   98.5060   98.5060  108.3969   -8.7632   75.5606    0.0686    0.0758
    
2023031100
   0   50.8600 -999.9900   94.2290   94.2290  108.7388   -5.9713   73.9272    0.0778    0.0742
   0   53.1573 -999.9900   99.1347   99.1347  109.1278   -6.5575   77.2156    0.0890    0.0757
   0   51.4450 -999.9900   96.1914   96.1914  108.8111   -7.3052   74.6221    0.0797    0.0700
   0   52.9151 -999.9900   99.1083   99.1083  109.2768   -7.2401   76.7679    0.0882    0.0738
    
2023031200
   0   55.1351 -999.9900  100.3350  100.3350  108.6085    4.2410   78.4053    0.0884    0.1146
   0   50.6482 -999.9900   92.8667   92.8667  112.8306    1.2734   72.3432    0.0711    0.0676
   0   53.7442 -999.9900   98.4655   98.4655  106.7069    1.7243   77.0955    0.0830    0.1075
   0   50.7479 -999.9900   93.2583   93.2583  110.8615    0.3570   72.7537    0.0742    0.0755
    
2023031300
   0   46.5174 -999.9900   88.2419   88.2419  108.9438    5.9541   64.5983    0.0399    0.0843
   0   45.6832 -999.9900   86.4509   86.4509  109.6753    4.1323   63.8410    0.0437    0.0591
   0   45.9559 -999.9900   87.3029   87.3029  110.2952    7.4228   64.3611    0.0395    0.0741
   0   45.3068 -999.9900   85.7573   85.7573  110.7073    5.3784   63.6056    0.0349    0.0506
    
2023031400
   0   49.2502 -999.9900   94.6688   94.6688  101.1166    4.4794   70.5718    0.0876    0.0945
   0   48.6472 -999.9900   92.6866   92.6866  105.2046    2.0663   70.3700    0.0648    0.0728
   0   49.1659 -999.9900   95.3321   95.3321  101.1635    4.9547   70.5688    0.0771    0.0908
   0   48.6145 -999.9900   93.0557   93.0557  104.8072    2.8340   70.1850    0.0610    0.0798
    
2023031500
   0   51.4077 -999.9900   97.6328   97.6328  105.7168    2.3779   72.9606    0.0872    0.0936
   0   51.2326 -999.9900   97.7437   97.7437  107.8736    1.5919   72.9298    0.0799    0.0898
   0   50.9938 -999.9900   97.3364   97.3364  105.3351    3.2747   73.2140    0.0893    0.0930
   0   51.1876 -999.9900   98.1243   98.1243  108.9988    1.1384   73.7043    0.0694    0.0808
    
2023031600
   0   47.8002 -999.9900   90.9017   90.9017  101.8625   -1.3217   68.0479    0.0815    0.0753
   0   48.5765 -999.9900   92.5987   92.5987  105.5722   -2.3426   69.8766    0.0678    0.0615
   0   47.7275 -999.9900   91.0746   91.0746  100.0380   -2.0478   68.0210    0.0858    0.0763
   0   48.0951 -999.9900   91.8899   91.8899  104.2789   -2.6241   69.1522    0.0706    0.0625
    
2023031700
   0   45.3463 -999.9900   84.9613   84.9613  100.3491   -1.5391   64.5941    0.0504    0.0997
   0   46.9537 -999.9900   89.8681   89.8681  106.0059   -0.0044   67.2822    0.0525    0.0831
   0   45.9589 -999.9900   86.7564   86.7564  102.4462   -0.9579   65.8726    0.0491    0.0811
   0   47.0837 -999.9900   90.2040   90.2040  105.8800   -0.1062   67.6693    0.0526    0.0740
    
2023031800
   0   48.0177 -999.9900   90.3287   90.3287  105.4280    1.6427   67.4285    0.0673    0.0897
   0   47.4330 -999.9900   91.0364   91.0364  108.2881    3.6937   66.6773    0.0479    0.0885
   0   47.1239 -999.9900   88.6568   88.6568  105.1888    0.5461   66.5256    0.0551    0.0839
   0   46.8183 -999.9900   89.4123   89.4123  107.9989    2.6265   66.0338    0.0394    0.0822
    
2023031900
   0   53.0566 -999.9900  102.6125  102.6125  100.6520    4.0298   75.2283    0.0884    0.1418
   0   50.1630 -999.9900   97.7105   97.7105  103.9617    5.1497   71.3717    0.0534    0.1249
   0   52.1935 -999.9900  100.0555  100.0555  100.5052    2.6143   73.8678    0.0898    0.1390
   0   50.1259 -999.9900   97.0576   97.0576  103.2722    4.0765   71.1883    0.0548    0.1258
    
2023032000
   0   57.7185 -999.9900  108.6865  108.6865  100.6074   10.1601   81.1300    0.0750    0.1663
   0   55.7139 -999.9900  105.9811  105.9811  101.3633   10.2933   79.0590    0.0666    0.1598
   0   57.9549 -999.9900  110.1377  110.1377  101.5040   10.4692   81.6637    0.0803    0.1617
   0   56.1764 -999.9900  107.3254  107.3254  101.8379   10.4514   79.7671    0.0687    0.1548
    
2023032100
   0   54.5852 -999.9900   99.8135   99.8135   97.9890    9.9865   76.2935    0.0869    0.1763
   0   53.2676 -999.9900   99.2549   99.2549   99.8887    9.4147   75.8339    0.0741    0.1665
   0   53.9484 -999.9900   98.6679   98.6679   96.9806    8.9723   76.0603    0.0891    0.1719
   0   52.9788 -999.9900   98.4623   98.4623   99.1360    8.9200   75.4898    0.0758    0.1633
    
2023032200
   0   52.8591 -999.9900   99.1393   99.1393   98.6197    6.0129   73.7454    0.0902    0.1677
   0   53.9519 -999.9900  101.5363  101.5363  100.9118    6.0269   76.2271    0.0743    0.1707
   0   53.3458 -999.9900  100.1992  100.1992   98.8889    5.1391   74.4375    0.0904    0.1693
   0   53.9560 -999.9900  101.4588  101.4588  100.8393    5.5002   76.1327    0.0776    0.1691
    
2023032300
   0   54.8934 -999.9900  103.8020  103.8020   99.9993    7.6073   77.3431    0.0950    0.1561
   0   51.5580 -999.9900   98.6821   98.6821  100.2960    6.1687   72.7644    0.0812    0.1431
   0   55.0896 -999.9900  104.8893  104.8893   99.0238    6.4014   77.1266    0.1008    0.1583
   0   52.1831 -999.9900  100.1084  100.1084   99.9667    5.7327   73.2994    0.0860    0.1458
    
2023032400
   0   49.6314 -999.9900   93.2814   93.2814   99.7924   -0.8307   70.9088    0.1034    0.1245
   0   46.7158 -999.9900   89.0283   89.0283  100.0875    0.9209   66.3673    0.0770    0.1033
   0   48.9293 -999.9900   91.8191   91.8191   99.7107   -0.4827   69.5878    0.0978    0.1134
   0   46.9437 -999.9900   89.1649   89.1649   99.8178    0.7797   66.6367    0.0800    0.1018
    
2023032500
   0   51.7759 -999.9900   97.4194   97.4194   98.2613   -4.5241   75.2171    0.1162    0.1348
   0   48.8101 -999.9900   93.1703   93.1703  101.2797   -1.5942   70.7549    0.0819    0.1036
   0   51.4622 -999.9900   96.7073   96.7073   98.8429   -3.3770   74.7733    0.1130    0.1266
   0   49.1255 -999.9900   93.4729   93.4729  101.1203   -1.4921   71.2088    0.0877    0.1021
    
2023032600
   0   52.7251 -999.9900   98.6549   98.6549   97.6832   -6.0883   75.4282    0.1117    0.1305
   0   50.9230 -999.9900   98.3383   98.3383   99.5788   -3.5471   73.5036    0.0817    0.1140
   0   52.5106 -999.9900   98.2630   98.2630   99.1973   -5.4782   75.6330    0.1122    0.1273
   0   51.0121 -999.9900   97.9812   97.9812  100.2653   -3.6894   73.9589    0.0852    0.1154
    
2023032700
   0   53.3571 -999.9900  102.5947  102.5947  102.6204   -6.3702   76.1370    0.1165    0.1220
   0   49.1015 -999.9900   93.1614   93.1614  105.7568   -6.3083   70.5724    0.1007    0.0725
   0   53.1074 -999.9900  101.4367  101.4367  103.1249   -5.8292   76.0752    0.1170    0.1247
   0   49.8922 -999.9900   94.5943   94.5943  105.2147   -5.9955   71.7771    0.1066    0.0801
    
2023032800
   0   51.7981 -999.9900   99.2803   99.2803   99.3289  -11.3317   72.4121    0.0917    0.1162
   0   49.2758 -999.9900   95.2692   95.2692  102.6672   -9.0530   69.1794    0.0698    0.0953
   0   52.0835 -999.9900  100.2530  100.2530   98.3474  -12.1279   72.4302    0.0993    0.1157
   0   49.8734 -999.9900   96.6083   96.6083  101.5075   -9.9865   69.8518    0.0822    0.0978
    
2023032900
   0   47.5950 -999.9900   90.8668   90.8668   98.7320   -5.8488   66.2338    0.0838    0.0987
   0   47.6965 -999.9900   92.0082   92.0082  101.0937   -4.6910   66.4406    0.0570    0.0857
   0   46.9941 -999.9900   91.0681   91.0681   98.2144   -4.1956   65.0898    0.0715    0.0880
   0   47.4085 -999.9900   91.9128   91.9128  100.3047   -3.9308   65.4616    0.0571    0.0855
    
2023033000
   0   44.4005 -999.9900   84.8730   84.8730  100.0227    3.9425   62.2250    0.0567    0.0584
   0   45.2430 -999.9900   86.3865   86.3865  100.5030    3.8352   63.9500    0.0512    0.0640
   0   43.6331 -999.9900   84.0727   84.0727   96.3492    1.3286   60.8930    0.0645    0.0602
   0   44.5692 -999.9900   85.5261   85.5261   98.3338    2.2881   62.5890    0.0611    0.0634
    
2023033100
   0   45.2087 -999.9900   85.7574   85.7574   96.9045    4.7424   64.4046    0.0617    0.0926
   0   46.3626 -999.9900   87.2615   87.2615   99.7955    5.5368   65.6816    0.0656    0.0860
   0   44.6530 -999.9900   84.1510   84.1510   97.7299    3.3896   63.7979    0.0564    0.0800
   0   45.6133 -999.9900   85.7310   85.7310   99.9406    4.5670   64.7579    0.0610    0.0786
    
