2023010700
   1 -999.9900 -999.9900 -999.9900 -999.9900 -999.9900 -999.9900 -999.9900 -999.9900 -999.9900
   1 -999.9900 -999.9900 -999.9900 -999.9900 -999.9900 -999.9900 -999.9900 -999.9900 -999.9900
   1 -999.9900 -999.9900 -999.9900 -999.9900 -999.9900 -999.9900 -999.9900 -999.9900 -999.9900
   1 -999.9900 -999.9900 -999.9900 -999.9900 -999.9900 -999.9900 -999.9900 -999.9900 -999.9900
    
2023010800
   0    1.1727 -999.9900    1.9657    1.9657    0.9050   -0.2848    1.4482    0.3420    0.2195
   0    1.1660 -999.9900    1.9517    1.9517    0.9050   -0.3362    1.4421    0.3523    0.2072
   0    1.1639 -999.9900    1.9539    1.9539    0.8865   -0.2473    1.4421    0.3360    0.2239
   0    1.1544 -999.9900    1.9343    1.9343    0.8865   -0.2750    1.4324    0.3402    0.2180
    
2023010900
   0    1.0737 -999.9900    1.8515    1.8515    0.8823   -0.1453    1.3599    0.2907    0.2376
   0    1.0489 -999.9900    1.8151    1.8151    0.8823   -0.2206    1.3313    0.2997    0.2182
   0    1.0755 -999.9900    1.8546    1.8546    0.8800   -0.1439    1.3640    0.2898    0.2355
   0    1.0538 -999.9900    1.8235    1.8235    0.8800   -0.1887    1.3386    0.2928    0.2230
    
2023011000
   0    1.0801 -999.9900    1.8548    1.8548    0.9230   -0.2988    1.3722    0.3231    0.2074
   0    1.0570 -999.9900    1.8082    1.8082    0.9230   -0.3569    1.3477    0.3293    0.1978
   0    1.0836 -999.9900    1.8624    1.8624    0.9176   -0.2962    1.3780    0.3200    0.2066
   0    1.0612 -999.9900    1.8192    1.8192    0.9176   -0.3413    1.3539    0.3240    0.1987
    
2023011100
   0    1.1368 -999.9900    1.9414    1.9414    0.9511    0.0303    1.4438    0.2437    0.2778
   0    1.1026 -999.9900    1.8824    1.8824    0.9511   -0.0377    1.4085    0.2509    0.2673
   0    1.1257 -999.9900    1.9361    1.9361    0.9696    0.0327    1.4357    0.2362    0.2720
   0    1.1006 -999.9900    1.8925    1.8925    0.9696   -0.0126    1.4096    0.2405    0.2648
    
2023011200
   0    1.3053 -999.9900    2.2404    2.2404    0.9621   -0.2581    1.6148    0.3020    0.2733
   0    1.2660 -999.9900    2.1865    2.1865    0.9621   -0.3246    1.5749    0.3081    0.2614
   0    1.2991 -999.9900    2.2421    2.2421    0.9826   -0.2652    1.6104    0.2977    0.2682
   0    1.2698 -999.9900    2.2000    2.2000    0.9826   -0.3054    1.5806    0.2998    0.2626
    
2023011300
   0    1.3148 -999.9900    2.1647    2.1647    0.8390   -0.3912    1.6007    0.3596    0.2372
   0    1.3030 -999.9900    2.1484    2.1484    0.8390   -0.4510    1.5882    0.3678    0.2275
   0    1.3261 -999.9900    2.1833    2.1833    0.8335   -0.4223    1.6131    0.3660    0.2308
   0    1.3159 -999.9900    2.1683    2.1683    0.8335   -0.4611    1.6026    0.3710    0.2250
    
2023011400
   0    1.0919 -999.9900    1.8261    1.8261    0.8746    0.0812    1.3633    0.2671    0.3034
   0    1.0801 -999.9900    1.8075    1.8075    0.8746    0.0483    1.3512    0.2730    0.2958
   0    1.0917 -999.9900    1.8271    1.8271    0.8527    0.0986    1.3608    0.2643    0.3102
   0    1.0777 -999.9900    1.8017    1.8017    0.8527    0.0729    1.3466    0.2680    0.3057
    
2023011500
   0    1.1505 -999.9900    1.9685    1.9685    0.8882    0.1107    1.4321    0.2554    0.2877
   0    1.0987 -999.9900    1.8736    1.8736    0.8882    0.0281    1.3759    0.2604    0.2725
   0    1.1463 -999.9900    1.9689    1.9689    0.9053    0.1041    1.4327    0.2499    0.2830
   0    1.1117 -999.9900    1.9036    1.9036    0.9053    0.0520    1.3954    0.2527    0.2741
    
2023011600
   0    1.1367 -999.9900    1.9553    1.9553    1.0114   -0.1972    1.4542    0.2829    0.2444
   0    1.1106 -999.9900    1.9177    1.9177    1.0114   -0.3308    1.4228    0.3006    0.2160
   0    1.1245 -999.9900    1.9393    1.9393    0.9921   -0.1822    1.4368    0.2797    0.2428
   0    1.0989 -999.9900    1.9029    1.9029    0.9921   -0.2765    1.4058    0.2907    0.2212
    
2023011700
   0    1.1904 -999.9900    2.0611    2.0611    0.8660   -0.2656    1.4781    0.3139    0.2466
   0    1.1854 -999.9900    2.0517    2.0517    0.8660   -0.3282    1.4727    0.3251    0.2354
   0    1.1847 -999.9900    2.0572    2.0572    0.8982   -0.2993    1.4814    0.3130    0.2337
   0    1.1762 -999.9900    2.0443    2.0443    0.8982   -0.3394    1.4725    0.3193    0.2258
    
2023011800
   0    1.0273 -999.9900    1.8111    1.8111    0.9214   -0.3704    1.3004    0.3100    0.2062
   0    1.0579 -999.9900    1.8598    1.8598    0.9214   -0.4296    1.3327    0.3195    0.2037
   0    1.0273 -999.9900    1.8091    1.8091    0.9137   -0.3615    1.2981    0.3108    0.2097
   0    1.0471 -999.9900    1.8394    1.8394    0.9137   -0.3994    1.3187    0.3166    0.2091
    
2023011900
   0    1.2656 -999.9900    2.1891    2.1891    0.8665   -0.5402    1.5530    0.3858    0.2236
   0    1.2550 -999.9900    2.1728    2.1728    0.8665   -0.5572    1.5412    0.3868    0.2201
   0    1.2622 -999.9900    2.1850    2.1850    0.8700   -0.5424    1.5514    0.3847    0.2222
   0    1.2550 -999.9900    2.1747    2.1747    0.8700   -0.5514    1.5434    0.3846    0.2201
    
2023012000
   0    1.2912 -999.9900    2.2138    2.2138    0.9253   -0.3163    1.5774    0.3450    0.2369
   0    1.2768 -999.9900    2.1868    2.1868    0.9253   -0.3394    1.5634    0.3461    0.2338
   0    1.2840 -999.9900    2.2076    2.2076    0.9047   -0.2829    1.5680    0.3363    0.2419
   0    1.2748 -999.9900    2.1893    2.1893    0.9047   -0.2950    1.5592    0.3365    0.2407
    
2023012100
   1 -999.9900 -999.9900 -999.9900 -999.9900 -999.9900 -999.9900 -999.9900 -999.9900 -999.9900
   1 -999.9900 -999.9900 -999.9900 -999.9900 -999.9900 -999.9900 -999.9900 -999.9900 -999.9900
   1 -999.9900 -999.9900 -999.9900 -999.9900 -999.9900 -999.9900 -999.9900 -999.9900 -999.9900
   1 -999.9900 -999.9900 -999.9900 -999.9900 -999.9900 -999.9900 -999.9900 -999.9900 -999.9900
    
2023012200
   0    1.1783 -999.9900    1.9890    1.9890    0.8629   -0.2585    1.4467    0.3169    0.2577
   0    1.1783 -999.9900    1.9890    1.9890    0.8629   -0.2585    1.4467    0.3169    0.2577
   0    1.1696 -999.9900    1.9798    1.9798    0.8651   -0.2447    1.4382    0.3120    0.2567
   0    1.1607 -999.9900    1.9725    1.9725    0.8651   -0.2710    1.4276    0.3144    0.2496
    
2023012300
   0    1.1328 -999.9900    1.9618    1.9618    0.8666   -0.0141    1.4109    0.2713    0.2928
   0    1.1026 -999.9900    1.9102    1.9102    0.8666   -0.0799    1.3794    0.2793    0.2802
   0    1.1354 -999.9900    1.9631    1.9631    0.8610   -0.0045    1.4149    0.2706    0.2950
   0    1.1142 -999.9900    1.9260    1.9260    0.8610   -0.0437    1.3933    0.2749    0.2881
    
2023012400
   0    1.1262 -999.9900    1.9886    1.9886    0.9366   -0.1407    1.4134    0.2978    0.2565
   0    1.1092 -999.9900    1.9672    1.9672    0.9366   -0.1674    1.3950    0.3002    0.2498
   0    1.1152 -999.9900    1.9709    1.9709    0.9496   -0.1346    1.4022    0.2896    0.2506
   0    1.1035 -999.9900    1.9556    1.9556    0.9496   -0.1511    1.3898    0.2907    0.2468
    
2023012500
   0    1.2444 -999.9900    2.2843    2.2843    0.9765   -0.2607    1.5532    0.2902    0.2893
   0    1.2225 -999.9900    2.2627    2.2627    0.9765   -0.3148    1.5294    0.2980    0.2743
   0    1.2434 -999.9900    2.2850    2.2850    0.9701   -0.2798    1.5544    0.2947    0.2850
   0    1.2272 -999.9900    2.2684    2.2684    0.9701   -0.3152    1.5366    0.2992    0.2749
    
2023012600
   0    1.1012 -999.9900    1.9076    1.9076    0.8393    0.0081    1.3700    0.2766    0.2852
   0    1.0912 -999.9900    1.8916    1.8916    0.8393   -0.0585    1.3560    0.2888    0.2688
   0    1.1039 -999.9900    1.9128    1.9128    0.8161   -0.0055    1.3713    0.2809    0.2876
   0    1.0941 -999.9900    1.8987    1.8987    0.8161   -0.0509    1.3589    0.2889    0.2756
    
2023012700
   1 -999.9900 -999.9900 -999.9900 -999.9900 -999.9900 -999.9900 -999.9900 -999.9900 -999.9900
   1 -999.9900 -999.9900 -999.9900 -999.9900 -999.9900 -999.9900 -999.9900 -999.9900 -999.9900
   1 -999.9900 -999.9900 -999.9900 -999.9900 -999.9900 -999.9900 -999.9900 -999.9900 -999.9900
   1 -999.9900 -999.9900 -999.9900 -999.9900 -999.9900 -999.9900 -999.9900 -999.9900 -999.9900
    
2023012800
   0    1.2071 -999.9900    2.0291    2.0291    0.9279    0.1204    1.5051    0.2363    0.3128
   0    1.1705 -999.9900    1.9823    1.9823    0.9279    0.0399    1.4638    0.2454    0.2903
   0    1.2121 -999.9900    2.0312    2.0312    0.9321    0.1275    1.5090    0.2343    0.3129
   0    1.1822 -999.9900    1.9920    1.9920    0.9321    0.0784    1.4767    0.2383    0.3014
    
2023012900
   0    1.2924 -999.9900    2.1554    2.1554    1.0568    0.2442    1.6054    0.2242    0.3304
   0    1.2846 -999.9900    2.1442    2.1442    1.0568    0.2220    1.5992    0.2268    0.3283
   0    1.3014 -999.9900    2.1684    2.1684    1.0159    0.2539    1.6119    0.2319    0.3331
   0    1.2974 -999.9900    2.1623    2.1623    1.0159    0.2419    1.6088    0.2331    0.3320
    
2023013000
   0    1.3364 -999.9900    2.1751    2.1751    1.0901    0.3739    1.6354    0.2359    0.3616
   0    1.3096 -999.9900    2.1437    2.1437    1.0901    0.3291    1.6061    0.2392    0.3524
   0    1.3408 -999.9900    2.1898    2.1898    1.0424    0.4444    1.6424    0.2262    0.3713
   0    1.3219 -999.9900    2.1680    2.1680    1.0424    0.4148    1.6220    0.2281    0.3642
    
2023013100
   1 -999.9900 -999.9900 -999.9900 -999.9900 -999.9900 -999.9900 -999.9900 -999.9900 -999.9900
   1 -999.9900 -999.9900 -999.9900 -999.9900 -999.9900 -999.9900 -999.9900 -999.9900 -999.9900
   1 -999.9900 -999.9900 -999.9900 -999.9900 -999.9900 -999.9900 -999.9900 -999.9900 -999.9900
   1 -999.9900 -999.9900 -999.9900 -999.9900 -999.9900 -999.9900 -999.9900 -999.9900 -999.9900
    
2023020100
   1 -999.9900 -999.9900 -999.9900 -999.9900 -999.9900 -999.9900 -999.9900 -999.9900 -999.9900
   1 -999.9900 -999.9900 -999.9900 -999.9900 -999.9900 -999.9900 -999.9900 -999.9900 -999.9900
   1 -999.9900 -999.9900 -999.9900 -999.9900 -999.9900 -999.9900 -999.9900 -999.9900 -999.9900
   0    1.2185 -999.9900    2.0921    2.0921    1.0631    0.0430    1.5321    0.2716    0.2648
    
2023020200
   0    1.2265 -999.9900    2.0415    2.0415    0.9483    0.0747    1.5337    0.2750    0.2982
   0    1.1897 -999.9900    1.9901    1.9901    0.9483   -0.0527    1.4887    0.2918    0.2673
   0    1.2261 -999.9900    2.0393    2.0393    0.9527    0.0826    1.5335    0.2671    0.2994
   0    1.1941 -999.9900    1.9949    1.9949    0.9527   -0.0024    1.4957    0.2773    0.2781
    
2023020300
   0    1.2327 -999.9900    2.0937    2.0937    0.9767    0.5083    1.5139    0.2022    0.3550
   0    1.1809 -999.9900    1.9864    1.9864    0.9767    0.4333    1.4587    0.2059    0.3423
   0    1.2305 -999.9900    2.0901    2.0901    0.9490    0.5269    1.5120    0.2010    0.3590
   0    1.1910 -999.9900    2.0045    2.0045    0.9490    0.4740    1.4705    0.2032    0.3508
    
2023020400
   0    1.2271 -999.9900    2.0861    2.0861    1.0851   -0.0185    1.5441    0.2766    0.2601
   0    1.2346 -999.9900    2.0890    2.0890    1.0851   -0.0632    1.5541    0.2887    0.2566
   0    1.2180 -999.9900    2.0835    2.0835    1.1064    0.0095    1.5352    0.2651    0.2608
   0    1.2227 -999.9900    2.0852    2.0852    1.1064   -0.0176    1.5418    0.2727    0.2584
    
2023020500
   0    1.2965 -999.9900    2.1505    2.1505    0.9988   -0.1650    1.5928    0.3027    0.2609
   0    1.2934 -999.9900    2.1529    2.1529    0.9988   -0.2313    1.5871    0.3088    0.2497
   0    1.3096 -999.9900    2.1692    2.1692    0.9719   -0.1655    1.6082    0.3035    0.2677
   0    1.3077 -999.9900    2.1719    2.1719    0.9719   -0.2077    1.6043    0.3072    0.2605
    
2023020600
   0    1.2071 -999.9900    1.9692    1.9692    0.8239   -0.3305    1.4873    0.3619    0.2328
   0    1.2098 -999.9900    1.9711    1.9711    0.8239   -0.3971    1.4892    0.3722    0.2229
   0    1.2112 -999.9900    1.9788    1.9788    0.8185   -0.3343    1.4926    0.3612    0.2327
   0    1.2104 -999.9900    1.9760    1.9760    0.8185   -0.3779    1.4907    0.3678    0.2259
    
2023020700
   0    1.1712 -999.9900    1.9776    1.9776    0.8477   -0.5226    1.4447    0.3857    0.2035
   0    1.2737 -999.9900    2.0956    2.0956    0.8477   -0.5992    1.5515    0.4069    0.2046
   0    1.1710 -999.9900    1.9787    1.9787    0.8454   -0.5378    1.4454    0.3894    0.1975
   0    1.1703 -999.9900    1.9772    1.9772    0.8454   -0.5441    1.4446    0.3901    0.1966
    
2023020800
   0    1.1449 -999.9900    1.9275    1.9275    1.0312   -0.4576    1.4500    0.3603    0.2069
   0    1.1406 -999.9900    1.9205    1.9205    1.0312   -0.4683    1.4442    0.3612    0.2044
   0    1.1486 -999.9900    1.9409    1.9409    1.0566   -0.4595    1.4576    0.3594    0.2052
   0    1.1459 -999.9900    1.9364    1.9364    1.0566   -0.4655    1.4540    0.3598    0.2038
    
2023020900
   1 -999.9900 -999.9900 -999.9900 -999.9900 -999.9900 -999.9900 -999.9900 -999.9900 -999.9900
   1 -999.9900 -999.9900 -999.9900 -999.9900 -999.9900 -999.9900 -999.9900 -999.9900 -999.9900
   1 -999.9900 -999.9900 -999.9900 -999.9900 -999.9900 -999.9900 -999.9900 -999.9900 -999.9900
   1 -999.9900 -999.9900 -999.9900 -999.9900 -999.9900 -999.9900 -999.9900 -999.9900 -999.9900
    
2023021000
   0    1.2207 -999.9900    2.0720    2.0720    0.9297   -0.1844    1.5080    0.3182    0.2566
   0    1.2208 -999.9900    2.0723    2.0723    0.9297   -0.1917    1.5081    0.3195    0.2553
   0    1.2098 -999.9900    2.0544    2.0544    0.9219   -0.1798    1.4972    0.3176    0.2546
   0    1.2099 -999.9900    2.0546    2.0546    0.9219   -0.1840    1.4973    0.3185    0.2534
    
2023021100
   1 -999.9900 -999.9900 -999.9900 -999.9900 -999.9900 -999.9900 -999.9900 -999.9900 -999.9900
   1 -999.9900 -999.9900 -999.9900 -999.9900 -999.9900 -999.9900 -999.9900 -999.9900 -999.9900
   1 -999.9900 -999.9900 -999.9900 -999.9900 -999.9900 -999.9900 -999.9900 -999.9900 -999.9900
   1 -999.9900 -999.9900 -999.9900 -999.9900 -999.9900 -999.9900 -999.9900 -999.9900 -999.9900
    
2023021200
   0    1.2077 -999.9900    2.0664    2.0664    0.9580   -0.2627    1.5118    0.3243    0.2276
   0    1.2075 -999.9900    2.0661    2.0661    0.9580   -0.2777    1.5121    0.3276    0.2244
   0    1.1962 -999.9900    2.0511    2.0511    0.9610   -0.2060    1.5005    0.3114    0.2362
   0    1.1956 -999.9900    2.0504    2.0504    0.9610   -0.2141    1.5001    0.3132    0.2342
    
2023021300
   0    1.2292 -999.9900    2.0836    2.0836    0.9046   -0.1332    1.5312    0.3240    0.2561
   0    1.2311 -999.9900    2.0856    2.0856    0.9046   -0.1591    1.5337    0.3298    0.2517
   0    1.2212 -999.9900    2.0663    2.0663    0.8890   -0.1405    1.5207    0.3274    0.2546
   0    1.2216 -999.9900    2.0667    2.0667    0.8890   -0.1555    1.5213    0.3307    0.2520
    
2023021400
   0    1.1960 -999.9900    2.0273    2.0273    0.9918   -0.1658    1.5172    0.2976    0.2525
   0    1.1928 -999.9900    2.0246    2.0246    0.9918   -0.1857    1.5133    0.3006    0.2474
   0    1.1776 -999.9900    2.0136    2.0136    1.0217   -0.2007    1.5048    0.2945    0.2366
   0    1.1755 -999.9900    2.0119    2.0119    1.0217   -0.2118    1.5022    0.2962    0.2338
    
2023021500
   0    1.2428 -999.9900    2.1631    2.1631    1.0878   -0.1465    1.5648    0.2766    0.2691
   0    1.2401 -999.9900    2.1633    2.1633    1.0878   -0.1790    1.5607    0.2801    0.2625
   0    1.2371 -999.9900    2.1547    2.1547    1.0936   -0.1628    1.5616    0.2777    0.2657
   0    1.2347 -999.9900    2.1538    2.1538    1.0936   -0.1824    1.5582    0.2798    0.2614
    
2023021600
   0    1.2404 -999.9900    2.1262    2.1262    1.0827   -0.0456    1.5414    0.3056    0.2976
   0    1.2353 -999.9900    2.1187    2.1187    1.0827   -0.0713    1.5344    0.3084    0.2934
   0    1.2386 -999.9900    2.1464    2.1464    1.1080   -0.1209    1.5485    0.3109    0.2822
   0    1.2359 -999.9900    2.1423    2.1423    1.1080   -0.1349    1.5447    0.3123    0.2803
    
2023021700
   0    1.1945 -999.9900    2.0374    2.0374    1.0938   -0.3144    1.5025    0.3098    0.2428
   0    1.1905 -999.9900    2.0332    2.0332    1.0938   -0.3224    1.4977    0.3107    0.2398
   0    1.1874 -999.9900    2.0209    2.0209    1.0559   -0.3151    1.4913    0.3149    0.2418
   0    1.1850 -999.9900    2.0183    2.0183    1.0559   -0.3189    1.4885    0.3154    0.2405
    
2023021800
   0    1.2575 -999.9900    2.0939    2.0939    1.0995    0.0976    1.5749    0.2372    0.3213
   0    1.2427 -999.9900    2.0805    2.0805    1.0995    0.0569    1.5570    0.2414    0.3086
   0    1.2609 -999.9900    2.0962    2.0962    1.0790    0.1246    1.5772    0.2358    0.3293
   0    1.2484 -999.9900    2.0847    2.0847    1.0790    0.0985    1.5623    0.2380    0.3204
    
2023021900
   0    1.1770 -999.9900    1.9849    1.9849    0.9993   -0.0425    1.4859    0.2667    0.2635
   0    1.1707 -999.9900    1.9765    1.9765    0.9993   -0.0605    1.4787    0.2686    0.2595
   0    1.1707 -999.9900    1.9745    1.9745    1.0138   -0.0949    1.4827    0.2740    0.2474
   0    1.1669 -999.9900    1.9694    1.9694    1.0138   -0.1043    1.4787    0.2749    0.2454
    
2023022000
   0    1.0323 -999.9900    1.7428    1.7428    0.9316   -0.0428    1.3176    0.2739    0.2520
   0    1.0284 -999.9900    1.7376    1.7376    0.9316   -0.0735    1.3143    0.2801    0.2448
   0    1.0297 -999.9900    1.7416    1.7416    0.9326   -0.0316    1.3191    0.2700    0.2546
   0    1.0264 -999.9900    1.7375    1.7375    0.9326   -0.0491    1.3159    0.2736    0.2505
    
2023022100
   0    1.0481 -999.9900    1.8186    1.8186    1.0281   -0.3346    1.3379    0.3125    0.2172
   0    1.0510 -999.9900    1.8236    1.8236    1.0281   -0.3607    1.3407    0.3190    0.2100
   0    1.0619 -999.9900    1.8538    1.8538    1.0143   -0.3778    1.3613    0.3213    0.2132
   0    1.0627 -999.9900    1.8555    1.8555    1.0143   -0.3944    1.3621    0.3253    0.2082
    
2023022200
   0    1.1444 -999.9900    1.9760    1.9760    1.0448    0.1591    1.4673    0.2413    0.2838
   0    1.1265 -999.9900    1.9538    1.9538    1.0448    0.1187    1.4470    0.2455    0.2731
   0    1.1355 -999.9900    1.9631    1.9631    1.0639    0.1133    1.4608    0.2487    0.2744
   0    1.1240 -999.9900    1.9489    1.9489    1.0639    0.0888    1.4480    0.2517    0.2683
    
2023022300
   0    1.3400 -999.9900    2.3550    2.3550    1.1391    0.1481    1.6983    0.2543    0.3074
   0    1.2990 -999.9900    2.2979    2.2979    1.1391    0.1021    1.6547    0.2548    0.2996
   0    1.3347 -999.9900    2.3500    2.3500    1.1283    0.1153    1.6900    0.2596    0.2980
   0    1.3090 -999.9900    2.3133    2.3133    1.1283    0.0883    1.6634    0.2596    0.2942
    
2023022400
   0    1.2442 -999.9900    2.1567    2.1567    1.3656    0.2828    1.6020    0.2059    0.3282
   0    1.1909 -999.9900    2.0977    2.0977    1.3656    0.2078    1.5435    0.2087    0.3120
   0    1.2423 -999.9900    2.1850    2.1850    1.4062    0.2085    1.6125    0.2087    0.3183
   0    1.2129 -999.9900    2.1532    2.1532    1.4062    0.1677    1.5808    0.2106    0.3099
    
2023022500
   0    1.2531 -999.9900    2.1473    2.1473    1.1402    0.4155    1.5888    0.1971    0.3424
   0    1.2032 -999.9900    2.0825    2.0825    1.1402    0.3359    1.5334    0.2029    0.3189
   0    1.2364 -999.9900    2.1242    2.1242    1.1417    0.3764    1.5781    0.2013    0.3351
   0    1.2060 -999.9900    2.0859    2.0859    1.1417    0.3323    1.5445    0.2029    0.3217
    
2023022600
   0    1.1656 -999.9900    1.9666    1.9666    0.9800    0.0571    1.4645    0.2774    0.2703
   0    1.1723 -999.9900    1.9720    1.9720    0.9800   -0.0021    1.4716    0.2889    0.2601
   0    1.1594 -999.9900    1.9653    1.9653    0.9907    0.1007    1.4635    0.2681    0.2757
   0    1.1614 -999.9900    1.9658    1.9658    0.9907    0.0640    1.4661    0.2759    0.2691
    
2023022700
   0    1.2199 -999.9900    2.1348    2.1348    0.9963   -0.3980    1.5313    0.3517    0.2103
   0    1.2120 -999.9900    2.1254    2.1254    0.9963   -0.4474    1.5236    0.3596    0.2014
   0    1.2137 -999.9900    2.1198    2.1198    0.9689   -0.3764    1.5208    0.3467    0.2140
   0    1.2069 -999.9900    2.1122    2.1122    0.9689   -0.4085    1.5137    0.3513    0.2080
    
2023022800
   0    1.1583 -999.9900    1.9983    1.9983    1.0114   -0.2493    1.4660    0.3094    0.2279
   0    1.1582 -999.9900    1.9976    1.9976    1.0114   -0.2727    1.4660    0.3143    0.2245
   0    1.1533 -999.9900    1.9894    1.9894    1.0019   -0.2470    1.4609    0.3093    0.2241
   0    1.1527 -999.9900    1.9882    1.9882    1.0019   -0.2609    1.4600    0.3119    0.2220
    
2023030100
   0    1.0628 -999.9900    1.8999    1.8999    0.9895   -0.1325    1.3641    0.2958    0.2095
   0    1.0655 -999.9900    1.9032    1.9032    0.9895   -0.1411    1.3669    0.2977    0.2083
   0    1.0599 -999.9900    1.8967    1.8967    0.9682   -0.0960    1.3621    0.2914    0.2133
   0    1.0614 -999.9900    1.8985    1.8985    0.9682   -0.1006    1.3638    0.2926    0.2127
    
2023030200
   0    1.2611 -999.9900    2.2673    2.2673    1.1394   -0.4646    1.5952    0.3433    0.1901
   0    1.2627 -999.9900    2.2689    2.2689    1.1394   -0.4695    1.5978    0.3445    0.1904
   0    1.2459 -999.9900    2.2494    2.2494    1.1365   -0.4460    1.5797    0.3357    0.1882
   1 -999.9900 -999.9900 -999.9900 -999.9900 -999.9900 -999.9900 -999.9900 -999.9900 -999.9900
    
2023030300
   1 -999.9900 -999.9900 -999.9900 -999.9900 -999.9900 -999.9900 -999.9900 -999.9900 -999.9900
   1 -999.9900 -999.9900 -999.9900 -999.9900 -999.9900 -999.9900 -999.9900 -999.9900 -999.9900
   1 -999.9900 -999.9900 -999.9900 -999.9900 -999.9900 -999.9900 -999.9900 -999.9900 -999.9900
   1 -999.9900 -999.9900 -999.9900 -999.9900 -999.9900 -999.9900 -999.9900 -999.9900 -999.9900
    
2023030400
   0    1.1321 -999.9900    1.9650    1.9650    0.9680   -0.1581    1.4387    0.2978    0.2392
   0    1.1298 -999.9900    1.9527    1.9527    0.9680   -0.1820    1.4374    0.3032    0.2368
   0    1.1283 -999.9900    1.9477    1.9477    0.9492   -0.1412    1.4310    0.2980    0.2424
   0    1.1251 -999.9900    1.9366    1.9366    0.9492   -0.1563    1.4285    0.3008    0.2409
    
2023030500
   0    1.1414 -999.9900    1.9112    1.9112    0.8861   -0.0371    1.4272    0.2973    0.2767
   0    1.1383 -999.9900    1.9082    1.9082    0.8861   -0.0550    1.4236    0.2995    0.2730
   0    1.1324 -999.9900    1.8983    1.8983    0.8871   -0.0094    1.4183    0.2881    0.2769
   0    1.1299 -999.9900    1.8956    1.8956    0.8871   -0.0193    1.4157    0.2894    0.2750
    
2023030600
   0    1.1303 -999.9900    1.9395    1.9395    0.9530    0.0089    1.4238    0.2707    0.2594
   0    1.1336 -999.9900    1.9437    1.9437    0.9530   -0.0061    1.4274    0.2743    0.2574
   0    1.1173 -999.9900    1.9257    1.9257    0.9497    0.0201    1.4112    0.2659    0.2605
   0    1.1188 -999.9900    1.9278    1.9278    0.9497    0.0112    1.4126    0.2678    0.2589
    
2023030700
   0    1.1865 -999.9900    2.0053    2.0053    0.9761    0.0813    1.4903    0.2611    0.2774
   0    1.1860 -999.9900    2.0052    2.0052    0.9761    0.0731    1.4900    0.2624    0.2761
   0    1.1821 -999.9900    1.9995    1.9995    0.9571    0.0908    1.4827    0.2610    0.2784
   0    1.1821 -999.9900    1.9998    1.9998    0.9571    0.0873    1.4828    0.2615    0.2779
    
2023030800
   0    1.1811 -999.9900    2.0088    2.0088    1.0617    0.0329    1.4986    0.2915    0.2685
   0    1.1576 -999.9900    1.9705    1.9705    1.0617   -0.0005    1.4730    0.2929    0.2617
   0    1.1791 -999.9900    2.0037    2.0037    1.0563    0.0434    1.4978    0.2891    0.2680
   0    1.1619 -999.9900    1.9737    1.9737    1.0563    0.0212    1.4792    0.2899    0.2642
    
2023030900
   0    1.1384 -999.9900    1.9512    1.9512    1.0506   -0.0854    1.4504    0.2705    0.2476
   0    1.1301 -999.9900    1.9399    1.9399    1.0506   -0.1050    1.4418    0.2716    0.2450
   0    1.1425 -999.9900    1.9540    1.9540    1.0131   -0.0540    1.4534    0.2673    0.2543
   0    1.1384 -999.9900    1.9484    1.9484    1.0131   -0.0628    1.4493    0.2676    0.2533
    
2023031000
   0    1.0794 -999.9900    1.9381    1.9381    1.0082   -0.4522    1.3742    0.3215    0.1816
   0    1.0799 -999.9900    1.9379    1.9379    1.0082   -0.4590    1.3752    0.3231    0.1810
   0    1.0685 -999.9900    1.9188    1.9188    0.9884   -0.3993    1.3588    0.3118    0.1894
   0    1.0689 -999.9900    1.9186    1.9186    0.9884   -0.4025    1.3595    0.3126    0.1895
    
2023031100
   0    1.0447 -999.9900    1.8214    1.8214    0.9837   -0.3532    1.3393    0.3104    0.2001
   0    1.0424 -999.9900    1.8179    1.8179    0.9837   -0.3642    1.3370    0.3123    0.1975
   0    1.0434 -999.9900    1.8194    1.8194    0.9884   -0.3722    1.3427    0.3121    0.1968
   0    1.0419 -999.9900    1.8170    1.8170    0.9884   -0.3780    1.3412    0.3133    0.1952
    
2023031200
   0    1.0046 -999.9900    1.7495    1.7495    0.9996   -0.2008    1.2972    0.2734    0.2479
   0    0.9961 -999.9900    1.7358    1.7358    0.9996   -0.2170    1.2875    0.2747    0.2441
   0    0.9991 -999.9900    1.7376    1.7376    0.9831   -0.2102    1.2882    0.2795    0.2446
   0    0.9943 -999.9900    1.7287    1.7287    0.9831   -0.2185    1.2828    0.2803    0.2429
    
2023031300
   0    0.9789 -999.9900    1.6788    1.6788    0.8697   -0.1092    1.2385    0.2838    0.2608
   0    0.9724 -999.9900    1.6722    1.6722    0.8697   -0.1294    1.2320    0.2871    0.2540
   0    0.9698 -999.9900    1.6720    1.6720    0.9272   -0.1720    1.2403    0.2844    0.2397
   0    0.9658 -999.9900    1.6683    1.6683    0.9272   -0.1808    1.2362    0.2856    0.2365
    
2023031400
   0    0.9948 -999.9900    1.6995    1.6995    0.9635   -0.0172    1.2681    0.2716    0.2564
   0    0.9870 -999.9900    1.6848    1.6848    0.9635   -0.0462    1.2599    0.2761    0.2503
   0    0.9970 -999.9900    1.7151    1.7151    0.9975    0.0064    1.2763    0.2631    0.2537
   0    0.9911 -999.9900    1.7042    1.7042    0.9975   -0.0117    1.2701    0.2658    0.2497
    
2023031500
   0    1.0210 -999.9900    1.7529    1.7529    1.0662   -0.0792    1.3103    0.2571    0.2223
   0    1.0176 -999.9900    1.7488    1.7488    1.0662   -0.1001    1.3060    0.2609    0.2159
   0    1.0091 -999.9900    1.7391    1.7391    1.0455   -0.0975    1.2953    0.2610    0.2147
   0    1.0065 -999.9900    1.7362    1.7362    1.0455   -0.1100    1.2920    0.2630    0.2102
    
2023031600
   0    1.1621 -999.9900    2.0279    2.0279    1.0771    0.0238    1.4820    0.2472    0.2673
   0    1.1582 -999.9900    2.0238    2.0238    1.0771    0.0045    1.4782    0.2500    0.2624
   0    1.1610 -999.9900    2.0388    2.0388    1.0556    0.0731    1.4804    0.2428    0.2759
   0    1.1578 -999.9900    2.0355    2.0355    1.0556    0.0623    1.4769    0.2440    0.2728
    
2023031700
   0    1.2872 -999.9900    2.2036    2.2036    1.0685   -0.0634    1.6007    0.2784    0.2700
   0    1.2833 -999.9900    2.1994    2.1994    1.0685   -0.0739    1.5964    0.2792    0.2683
   0    1.2807 -999.9900    2.1880    2.1880    1.0852   -0.0499    1.5933    0.2727    0.2719
   0    1.2788 -999.9900    2.1856    2.1856    1.0852   -0.0548    1.5912    0.2730    0.2712
    
2023031800
   0    1.2420 -999.9900    2.1596    2.1596    1.0721   -0.2214    1.5677    0.3054    0.2457
   0    1.2424 -999.9900    2.1604    2.1604    1.0721   -0.2267    1.5678    0.3061    0.2447
   0    1.2456 -999.9900    2.1884    2.1884    1.0961   -0.2605    1.5795    0.3054    0.2397
   0    1.2459 -999.9900    2.1889    2.1889    1.0961   -0.2637    1.5796    0.3058    0.2389
    
2023031900
   0    1.2132 -999.9900    2.0924    2.0924    1.2135   -0.0907    1.5501    0.2599    0.2497
   0    1.2085 -999.9900    2.0881    2.0881    1.2135   -0.1018    1.5427    0.2600    0.2470
   0    1.2113 -999.9900    2.1035    2.1035    1.2394   -0.1360    1.5588    0.2608    0.2353
   0    1.2082 -999.9900    2.1007    2.1007    1.2394   -0.1423    1.5535    0.2608    0.2335
    
2023032000
   0    1.2059 -999.9900    2.1028    2.1028    1.1410    0.1912    1.5305    0.2232    0.2657
   0    1.1983 -999.9900    2.0916    2.0916    1.1410    0.1766    1.5221    0.2242    0.2631
   0    1.2033 -999.9900    2.1064    2.1064    1.2092    0.1264    1.5358    0.2184    0.2513
   0    1.1988 -999.9900    2.0996    2.0996    1.2092    0.1188    1.5307    0.2187    0.2500
    
2023032100
   0    1.1697 -999.9900    2.0166    2.0166    1.0803    0.1350    1.4988    0.2406    0.2692
   0    1.1693 -999.9900    2.0165    2.0165    1.0803    0.1271    1.4981    0.2416    0.2681
   0    1.1600 -999.9900    2.0036    2.0036    1.0625    0.1160    1.4895    0.2419    0.2657
   0    1.1605 -999.9900    2.0044    2.0044    1.0625    0.1122    1.4898    0.2425    0.2653
    
2023032200
   0    1.2823 -999.9900    2.1406    2.1406    1.0220    0.1603    1.6176    0.2721    0.3020
   0    1.2659 -999.9900    2.1202    2.1202    1.0220    0.1330    1.5997    0.2734    0.2950
   0    1.2694 -999.9900    2.1223    2.1223    1.0265    0.1254    1.6081    0.2736    0.2933
   0    1.2585 -999.9900    2.1086    2.1086    1.0265    0.1097    1.5961    0.2738    0.2893
    
2023032300
   0    1.2034 -999.9900    2.0485    2.0485    0.9879   -0.3505    1.5096    0.3466    0.2143
   0    1.2022 -999.9900    2.0478    2.0478    0.9879   -0.3631    1.5083    0.3481    0.2119
   0    1.1898 -999.9900    2.0264    2.0264    0.9679   -0.3113    1.4934    0.3427    0.2191
   0    1.1895 -999.9900    2.0267    2.0267    0.9679   -0.3184    1.4931    0.3436    0.2178
    
2023032400
   0    1.1049 -999.9900    1.9899    1.9899    0.9406   -0.3698    1.3816    0.3399    0.2144
   0    1.1008 -999.9900    1.9865    1.9865    0.9406   -0.3958    1.3762    0.3451    0.2065
   0    1.1051 -999.9900    1.9918    1.9918    0.9293   -0.3808    1.3844    0.3444    0.2111
   0    1.1024 -999.9900    1.9894    1.9894    0.9293   -0.3958    1.3810    0.3474    0.2062
    
2023032500
   0    1.1230 -999.9900    2.0108    2.0108    1.0274   -0.3146    1.4288    0.3054    0.2079
   0    1.1221 -999.9900    2.0090    2.0090    1.0274   -0.3283    1.4272    0.3080    0.2049
   0    1.1230 -999.9900    2.0082    2.0082    1.0245   -0.3051    1.4306    0.3059    0.2099
   0    1.1221 -999.9900    2.0070    2.0070    1.0245   -0.3118    1.4294    0.3072    0.2085
    
2023032600
   0    1.1818 -999.9900    2.1640    2.1640    1.1999   -0.1934    1.5144    0.2870    0.2311
   0    1.1791 -999.9900    2.1605    2.1605    1.1999   -0.2097    1.5116    0.2897    0.2279
   0    1.1802 -999.9900    2.1598    2.1598    1.1816   -0.1600    1.5135    0.2798    0.2346
   0    1.1771 -999.9900    2.1559    2.1559    1.1816   -0.1696    1.5103    0.2812    0.2324
    
2023032700
   0    1.1236 -999.9900    1.9998    1.9998    1.1473   -0.2224    1.4473    0.3012    0.2204
   0    1.1240 -999.9900    2.0006    2.0006    1.1473   -0.2337    1.4471    0.3029    0.2180
   0    1.1207 -999.9900    1.9980    1.9980    1.1242   -0.1793    1.4425    0.2961    0.2281
   0    1.1203 -999.9900    1.9976    1.9976    1.1242   -0.1850    1.4418    0.2970    0.2267
    
2023032800
   0    1.2117 -999.9900    2.1270    2.1270    1.1826    0.0576    1.5342    0.2519    0.2863
   0    1.2082 -999.9900    2.1222    2.1222    1.1826    0.0492    1.5307    0.2527    0.2855
   0    1.2079 -999.9900    2.1142    2.1142    1.1435    0.0561    1.5297    0.2563    0.2920
   0    1.2060 -999.9900    2.1117    2.1117    1.1435    0.0520    1.5278    0.2567    0.2917
    
2023032900
   0    1.1653 -999.9900    2.0409    2.0409    1.0510    0.1972    1.4756    0.2337    0.2828
   0    1.1655 -999.9900    2.0413    2.0413    1.0510    0.1944    1.4757    0.2345    0.2822
   0    1.1655 -999.9900    2.0474    2.0474    1.0719    0.2065    1.4802    0.2323    0.2862
   0    1.1658 -999.9900    2.0477    2.0477    1.0719    0.2051    1.4804    0.2328    0.2859
    
2023033000
   0    1.1682 -999.9900    1.9720    1.9720    1.0627   -0.0238    1.4894    0.2783    0.2538
   0    1.1668 -999.9900    1.9710    1.9710    1.0627   -0.0319    1.4872    0.2798    0.2511
   0    1.1605 -999.9900    1.9601    1.9601    1.0396   -0.0006    1.4784    0.2777    0.2568
   0    1.1592 -999.9900    1.9590    1.9590    1.0396   -0.0052    1.4767    0.2782    0.2552
    
2023033100
   0    1.2950 -999.9900    2.2741    2.2741    1.1115    0.0428    1.6287    0.2812    0.2744
   0    1.2867 -999.9900    2.2645    2.2645    1.1115    0.0250    1.6181    0.2818    0.2693
   0    1.2972 -999.9900    2.2783    2.2783    1.1159    0.0655    1.6325    0.2771    0.2779
   0    1.2927 -999.9900    2.2734    2.2734    1.1159    0.0567    1.6273    0.2773    0.2755
    
2023040100
    
