2017042000
   0    1.3672 -999.9900    2.5396    2.5396    0.7323   -0.7534    1.5849    0.3911    0.3297
   0    0.9864 -999.9900    2.0485    2.0485    1.5188   -0.6041    1.3420    0.2120    0.1891
   0    1.3791 -999.9900    2.6066    2.6066    0.7750   -0.7803    1.6041    0.3926    0.3247
   0    0.9379 -999.9900    1.9712    1.9712    1.7010   -0.6359    1.2847    0.1993    0.1350
    
2017042100
   0    1.5115 -999.9900    2.9092    2.9092    0.8290   -0.9689    1.7567    0.4362    0.2987
   0    1.0314 -999.9900    2.1910    2.1910    1.6330   -0.6859    1.3815    0.2422    0.1876
   0    1.5339 -999.9900    2.9943    2.9943    0.8787   -1.0047    1.7897    0.4369    0.2922
   0    0.9570 -999.9900    2.0654    2.0654    1.8459   -0.6846    1.3132    0.2189    0.1395
    
2017042200
   0    1.1374 -999.9900    2.1925    2.1925    0.7258   -0.5802    1.3336    0.4562    0.2731
   0    0.8854 -999.9900    1.8893    1.8893    1.3923   -0.5800    1.1905    0.2708    0.1298
   0    1.1713 -999.9900    2.2995    2.2995    0.7751   -0.6289    1.3789    0.4658    0.2587
   0    0.8489 -999.9900    1.8133    1.8133    1.5711   -0.5859    1.1578    0.2776    0.0899
    
2017042300
   0    1.1146 -999.9900    2.1359    2.1359    0.6855   -0.3585    1.3031    0.4418    0.2880
   0    0.8157 -999.9900    1.7669    1.7669    1.4694   -0.4724    1.1099    0.2569    0.1117
   0    1.1553 -999.9900    2.2492    2.2492    0.7263   -0.4020    1.3514    0.4486    0.2774
   0    0.8274 -999.9900    1.7644    1.7644    1.5914   -0.4110    1.1219    0.2706    0.0963
    
2017042400
   0    1.0799 -999.9900    2.2093    2.2093    0.7120   -0.0540    1.2759    0.3417    0.3498
   0    0.7668 -999.9900    1.7101    1.7101    1.5357   -0.2401    1.0487    0.1824    0.1529
   0    1.0878 -999.9900    2.2692    2.2692    0.7730   -0.0984    1.2935    0.3476    0.3347
   0    0.7806 -999.9900    1.7195    1.7195    1.6149   -0.1158    1.0722    0.1868    0.1403
    
2017042500
   1 -999.9900 -999.9900 -999.9900 -999.9900 -999.9900 -999.9900 -999.9900 -999.9900 -999.9900
   1 -999.9900 -999.9900 -999.9900 -999.9900 -999.9900 -999.9900 -999.9900 -999.9900 -999.9900
   1 -999.9900 -999.9900 -999.9900 -999.9900 -999.9900 -999.9900 -999.9900 -999.9900 -999.9900
   1 -999.9900 -999.9900 -999.9900 -999.9900 -999.9900 -999.9900 -999.9900 -999.9900 -999.9900
    
2017042600
   1 -999.9900 -999.9900 -999.9900 -999.9900 -999.9900 -999.9900 -999.9900 -999.9900 -999.9900
   1 -999.9900 -999.9900 -999.9900 -999.9900 -999.9900 -999.9900 -999.9900 -999.9900 -999.9900
   1 -999.9900 -999.9900 -999.9900 -999.9900 -999.9900 -999.9900 -999.9900 -999.9900 -999.9900
   1 -999.9900 -999.9900 -999.9900 -999.9900 -999.9900 -999.9900 -999.9900 -999.9900 -999.9900
    
2017042700
   1 -999.9900 -999.9900 -999.9900 -999.9900 -999.9900 -999.9900 -999.9900 -999.9900 -999.9900
   1 -999.9900 -999.9900 -999.9900 -999.9900 -999.9900 -999.9900 -999.9900 -999.9900 -999.9900
   1 -999.9900 -999.9900 -999.9900 -999.9900 -999.9900 -999.9900 -999.9900 -999.9900 -999.9900
   1 -999.9900 -999.9900 -999.9900 -999.9900 -999.9900 -999.9900 -999.9900 -999.9900 -999.9900
    
2017042800
   1 -999.9900 -999.9900 -999.9900 -999.9900 -999.9900 -999.9900 -999.9900 -999.9900 -999.9900
   1 -999.9900 -999.9900 -999.9900 -999.9900 -999.9900 -999.9900 -999.9900 -999.9900 -999.9900
   1 -999.9900 -999.9900 -999.9900 -999.9900 -999.9900 -999.9900 -999.9900 -999.9900 -999.9900
   1 -999.9900 -999.9900 -999.9900 -999.9900 -999.9900 -999.9900 -999.9900 -999.9900 -999.9900
    
2017042900
   1 -999.9900 -999.9900 -999.9900 -999.9900 -999.9900 -999.9900 -999.9900 -999.9900 -999.9900
   1 -999.9900 -999.9900 -999.9900 -999.9900 -999.9900 -999.9900 -999.9900 -999.9900 -999.9900
   1 -999.9900 -999.9900 -999.9900 -999.9900 -999.9900 -999.9900 -999.9900 -999.9900 -999.9900
   1 -999.9900 -999.9900 -999.9900 -999.9900 -999.9900 -999.9900 -999.9900 -999.9900 -999.9900
    
2017043000
   1 -999.9900 -999.9900 -999.9900 -999.9900 -999.9900 -999.9900 -999.9900 -999.9900 -999.9900
   1 -999.9900 -999.9900 -999.9900 -999.9900 -999.9900 -999.9900 -999.9900 -999.9900 -999.9900
   1 -999.9900 -999.9900 -999.9900 -999.9900 -999.9900 -999.9900 -999.9900 -999.9900 -999.9900
   1 -999.9900 -999.9900 -999.9900 -999.9900 -999.9900 -999.9900 -999.9900 -999.9900 -999.9900
    
2017050100
   0    1.0390 -999.9900    1.9824    1.9824    0.7151    0.0938    1.2323    0.3434    0.3797
   0    0.7390 -999.9900    1.5377    1.5377    1.4147   -0.0144    0.9981    0.1585    0.1927
   0    1.0592 -999.9900    2.0411    2.0411    0.7151    0.0479    1.2534    0.3562    0.3706
   0    0.7477 -999.9900    1.5688    1.5688    1.5147    0.0574    1.0242    0.1824    0.1678
    
2017050200
   1 -999.9900 -999.9900 -999.9900 -999.9900 -999.9900 -999.9900 -999.9900 -999.9900 -999.9900
   0    0.7522 -999.9900    1.5967    1.5967    1.4325   -0.2467    1.0090    0.1754    0.1485
   1 -999.9900 -999.9900 -999.9900 -999.9900 -999.9900 -999.9900 -999.9900 -999.9900 -999.9900
   1 -999.9900 -999.9900 -999.9900 -999.9900 -999.9900 -999.9900 -999.9900 -999.9900 -999.9900
    
2017050300
   1 -999.9900 -999.9900 -999.9900 -999.9900 -999.9900 -999.9900 -999.9900 -999.9900 -999.9900
   1 -999.9900 -999.9900 -999.9900 -999.9900 -999.9900 -999.9900 -999.9900 -999.9900 -999.9900
   1 -999.9900 -999.9900 -999.9900 -999.9900 -999.9900 -999.9900 -999.9900 -999.9900 -999.9900
   1 -999.9900 -999.9900 -999.9900 -999.9900 -999.9900 -999.9900 -999.9900 -999.9900 -999.9900
    
2017050400
   0    1.0912 -999.9900    2.0141    2.0141    0.7698   -0.0406    1.2928    0.3003    0.4178
   0    0.8458 -999.9900    1.6600    1.6600    1.2978   -0.0969    1.1347    0.1831    0.2762
   0    1.1053 -999.9900    2.0842    2.0842    0.7698   -0.0662    1.3087    0.3021    0.4124
   0    0.8192 -999.9900    1.6451    1.6451    1.5156   -0.1145    1.1087    0.1728    0.2212
    
2017050500
   0    1.0448 -999.9900    2.0666    2.0666    0.8061   -0.2403    1.2560    0.3277    0.3324
   0    0.8009 -999.9900    1.6578    1.6578    1.4344   -0.4006    1.0955    0.2074    0.1544
   0    1.0608 -999.9900    2.1311    2.1311    0.8061   -0.2772    1.2761    0.3355    0.3283
   0    0.8221 -999.9900    1.7131    1.7131    1.6465   -0.4481    1.1335    0.2064    0.1299
    
2017050600
   0    0.9167 -999.9900    1.7812    1.7812    0.7585   -0.0865    1.1046    0.3397    0.3390
   0    0.7207 -999.9900    1.4885    1.4885    1.3422   -0.1550    0.9801    0.1885    0.1840
   0    0.9251 -999.9900    1.8347    1.8347    0.7585   -0.1139    1.1160    0.3499    0.3314
   0    0.7775 -999.9900    1.5742    1.5742    1.5424   -0.2054    1.0563    0.2190    0.1629
    
2017050700
   0    0.9342 -999.9900    1.8743    1.8743    0.7086   -0.4162    1.1160    0.4268    0.2565
   0    0.7515 -999.9900    1.6247    1.6247    1.2882   -0.4788    1.0269    0.2567    0.1039
   0    0.9616 -999.9900    1.9565    1.9565    0.7086   -0.4625    1.1474    0.4419    0.2501
   0    0.7733 -999.9900    1.6443    1.6443    1.4769   -0.5590    1.0607    0.2755    0.0662
    
2017050800
   0    0.9461 -999.9900    1.7629    1.7629    0.6219   -0.0244    1.1236    0.3178    0.3950
   0    0.7319 -999.9900    1.5176    1.5176    1.1765   -0.1357    0.9856    0.1868    0.1860
   0    0.9428 -999.9900    1.7805    1.7805    0.6219   -0.0530    1.1207    0.3254    0.3873
   0    0.7392 -999.9900    1.5329    1.5329    1.3666   -0.2247    1.0045    0.1946    0.1331
    
2017050900
   0    1.0291 -999.9900    1.9019    1.9019    0.7398   -0.0979    1.2223    0.3045    0.4310
   0    0.8110 -999.9900    1.6602    1.6602    1.2641   -0.2603    1.0918    0.1971    0.2223
   0    1.0421 -999.9900    1.9343    1.9343    0.7398   -0.1236    1.2379    0.3064    0.4269
   0    0.8216 -999.9900    1.7600    1.7600    1.5029   -0.3781    1.1201    0.1794    0.1408
    
2017051000
   0    1.1104 -999.9900    2.0126    2.0126    0.7127   -0.0770    1.2923    0.3275    0.3970
   0    0.8627 -999.9900    1.7405    1.7405    1.2975   -0.2989    1.1657    0.2284    0.1722
   0    1.1250 -999.9900    2.0824    2.0824    0.7127   -0.1279    1.3088    0.3368    0.3898
   0    0.8410 -999.9900    1.7126    1.7126    1.5362   -0.4029    1.1521    0.2015    0.1122
    
2017051100
   0    1.0346 -999.9900    1.7608    1.7608    0.6327   -0.0395    1.1983    0.3430    0.4213
   0    0.8496 -999.9900    1.6490    1.6490    1.1934   -0.3523    1.1432    0.2338    0.1954
   0    1.0507 -999.9900    1.8134    1.8134    0.6327   -0.0856    1.2195    0.3544    0.4132
   0    0.7066 -999.9900    1.4203    1.4203    1.4216   -0.4789    0.9790    0.1804    0.0948
    
2017051200
   0    0.9005 -999.9900    1.6543    1.6543    0.6248    0.0039    1.0593    0.3057    0.4165
   0    0.7442 -999.9900    1.5070    1.5070    1.1652   -0.1543    1.0011    0.1996    0.2377
   0    0.9072 -999.9900    1.6807    1.6807    0.6248   -0.0398    1.0694    0.3215    0.4059
   0    0.6478 -999.9900    1.3567    1.3567    1.4159   -0.3100    0.9016    0.1657    0.1040
    
2017051300
   0    0.8202 -999.9900    1.5411    1.5411    0.5983   -0.0273    0.9768    0.3001    0.4146
   0    0.6177 -999.9900    1.2749    1.2749    1.1104   -0.0925    0.8312    0.1467    0.2138
   0    0.8162 -999.9900    1.5499    1.5499    0.5983   -0.0450    0.9738    0.3045    0.4074
   0    0.5508 -999.9900    1.1460    1.1460    1.3557   -0.2734    0.7558    0.1306    0.0775
    
2017051400
   0    0.7998 -999.9900    1.4547    1.4547    0.6042    0.0803    0.9591    0.2936    0.3864
   0    0.6247 -999.9900    1.3015    1.3015    1.0699   -0.0915    0.8456    0.1636    0.1474
   0    0.8055 -999.9900    1.4839    1.4839    0.6042    0.0572    0.9682    0.3005    0.3795
   0    0.5972 -999.9900    1.2197    1.2197    1.3220   -0.3182    0.8301    0.1482    0.0671
    
2017051500
   0    0.8949 -999.9900    1.6780    1.6780    0.5731   -0.1780    1.0629    0.3493    0.3357
   0    0.7225 -999.9900    1.4937    1.4937    1.1039   -0.3632    0.9804    0.2280    0.1463
   0    0.8958 -999.9900    1.7002    1.7002    0.5731   -0.1943    1.0649    0.3553    0.3310
   0    0.7561 -999.9900    1.5613    1.5613    1.3504   -0.5266    1.0593    0.2218    0.0852
    
2017051600
   0    1.0210 -999.9900    1.8741    1.8741    0.5186   -0.2139    1.1815    0.4318    0.3185
   0    0.8321 -999.9900    1.6767    1.6767    1.2102   -0.4758    1.1125    0.2991    0.1417
   0    1.0363 -999.9900    1.9151    1.9151    0.5186   -0.2434    1.1984    0.4430    0.3112
   0    0.8731 -999.9900    1.7592    1.7592    1.4127   -0.6555    1.1896    0.3158    0.0892
    
2017051700
   0    1.0702 -999.9900    1.9752    1.9752    0.5701   -0.0656    1.2398    0.4030    0.3711
   0    0.8552 -999.9900    1.7349    1.7349    1.2482   -0.3213    1.1439    0.2450    0.1818
   0    1.0677 -999.9900    1.9875    1.9875    0.6086   -0.0842    1.2427    0.4062    0.3608
   0    0.8765 -999.9900    1.7779    1.7779    1.4984   -0.5330    1.1960    0.2816    0.1245
    
2017051800
   0    0.8866 -999.9900    1.6780    1.6780    0.5199   -0.0557    1.0326    0.3944    0.3223
   0    0.7512 -999.9900    1.5092    1.5092    1.1797   -0.2773    1.0160    0.2169    0.1645
   0    0.8896 -999.9900    1.7006    1.7006    0.5483   -0.0765    1.0408    0.3985    0.3160
   0    0.8022 -999.9900    1.6436    1.6436    1.4320   -0.5149    1.1137    0.2561    0.0966
    
2017051900
   0    0.8012 -999.9900    1.4333    1.4333    0.4241   -0.1702    0.9338    0.4204    0.3175
   0    0.6850 -999.9900    1.3558    1.3558    1.0476   -0.2520    0.9273    0.2185    0.1647
   0   64.9542 -999.9900    1.4927    1.4927  275.1015   -0.1871    0.9543    0.0000    0.0000
   0   64.9100 -999.9900    1.4864    1.4864  274.8318   -0.4941    1.0147    0.0000    0.0000
    
2017052000
   0    0.8013 -999.9900    1.4350    1.4350    0.4993   -0.1050    0.9514    0.3847    0.3369
   0    0.7360 -999.9900    1.4940    1.4940    1.0786   -0.1845    1.0008    0.1811    0.1930
   0   64.9412 -999.9900    1.4564    1.4564  275.2198   -0.1321    0.9529    0.0000    0.0000
   0   64.9290 -999.9900    1.6467    1.6467  275.0327   -0.4480    1.0908    0.0000    0.0000
    
2017052100
   0    0.7663 -999.9900    1.3042    1.3042    0.4787   -0.1027    0.9026    0.3891    0.3548
   0    0.6539 -999.9900    1.3139    1.3139    1.0191   -0.1356    0.8892    0.1667    0.1910
   0    0.7722 -999.9900    1.3361    1.3361    0.5152   -0.1360    0.9153    0.3934    0.3450
   0    0.6014 -999.9900    1.2752    1.2752    1.2788   -0.3859    0.8459    0.1847    0.0886
    
2017052200
   0    0.7696 -999.9900    1.2965    1.2965    0.4618   -0.2137    0.9008    0.4378    0.3049
   0    0.6450 -999.9900    1.2549    1.2549    1.0029   -0.1565    0.8665    0.1927    0.1797
   0    0.7720 -999.9900    1.3213    1.3213    0.4919   -0.2453    0.9083    0.4440    0.2979
   0    0.6272 -999.9900    1.2749    1.2749    1.2554   -0.4081    0.8815    0.2270    0.0999
    
2017052300
   0    0.7404 -999.9900    1.3459    1.3459    0.4968   -0.3148    0.8696    0.4405    0.2847
   0    0.6235 -999.9900    1.2579    1.2579    1.0203   -0.1554    0.8396    0.1828    0.1832
   0    0.7467 -999.9900    1.3915    1.3915    0.5177   -0.3390    0.8808    0.4440    0.2790
   0    0.6104 -999.9900    1.2757    1.2757    1.2051   -0.3523    0.8579    0.1971    0.1026
    
2017052400
   0    0.7349 -999.9900    1.3689    1.3689    0.4348   -0.2053    0.8613    0.3815    0.3335
   0    0.6117 -999.9900    1.2430    1.2430    0.9636   -0.0610    0.8203    0.1578    0.2169
   0    0.7209 -999.9900    1.3677    1.3677    0.4652   -0.2328    0.8527    0.3906    0.3162
   0    0.5908 -999.9900    1.2352    1.2352    1.1740   -0.2763    0.8184    0.1878    0.1210
    
2017052500
   0    0.7735 -999.9900    1.3982    1.3982    0.4520   -0.2776    0.9091    0.3849    0.3461
   0    0.6414 -999.9900    1.2985    1.2985    0.9983   -0.1594    0.8683    0.1559    0.1898
   0    0.7516 -999.9900    1.3889    1.3889    0.4685   -0.2741    0.8889    0.3850    0.3335
   1 -999.9900 -999.9900 -999.9900 -999.9900 -999.9900 -999.9900 -999.9900 -999.9900 -999.9900
    
2017052600
   0    0.8017 -999.9900    1.4236    1.4236    0.4751   -0.1808    0.9480    0.3435    0.3799
   0    0.6529 -999.9900    1.2763    1.2763    0.8739   -0.1735    0.8742    0.1804    0.2134
   0    0.7965 -999.9900    1.4559    1.4559    0.4960   -0.1972    0.9473    0.3409    0.3760
   1 -999.9900 -999.9900 -999.9900 -999.9900 -999.9900 -999.9900 -999.9900 -999.9900 -999.9900
    
2017052700
   0    0.7634 -999.9900    1.4227    1.4227    0.4693   -0.2106    0.9056    0.3585    0.3399
   0    0.6047 -999.9900    1.2386    1.2386    0.9311   -0.2565    0.8097    0.2015    0.1403
   0    0.7617 -999.9900    1.4647    1.4647    0.4981   -0.2346    0.9074    0.3552    0.3298
   1 -999.9900 -999.9900 -999.9900 -999.9900 -999.9900 -999.9900 -999.9900 -999.9900 -999.9900
    
2017052800
   0    0.7711 -999.9900    1.3870    1.3870    0.3658   -0.2754    0.8968    0.4013    0.3108
   0    0.6707 -999.9900    1.3544    1.3544    0.9227   -0.4398    0.8986    0.2625    0.1214
   0    0.7552 -999.9900    1.3864    1.3864    0.3881   -0.2895    0.8845    0.3991    0.2995
   1 -999.9900 -999.9900 -999.9900 -999.9900 -999.9900 -999.9900 -999.9900 -999.9900 -999.9900
    
2017052900
   0    0.7360 -999.9900    1.3284    1.3284    0.4928   -0.2431    0.8788    0.3872    0.3038
   0    0.6299 -999.9900    1.2695    1.2695    0.9319   -0.2738    0.8475    0.2110    0.1607
   0    0.7276 -999.9900    1.3306    1.3306    0.5387   -0.2553    0.8765    0.3911    0.2884
   1 -999.9900 -999.9900 -999.9900 -999.9900 -999.9900 -999.9900 -999.9900 -999.9900 -999.9900
    
2017053000
   0    0.7019 -999.9900    1.3068    1.3068    0.5206   -0.2224    0.8407    0.3768    0.2774
   0    0.6124 -999.9900    1.2300    1.2300    0.9155   -0.2337    0.8286    0.2216    0.1514
   0    0.7008 -999.9900    1.3347    1.3347    0.5534   -0.2522    0.8453    0.3830    0.2635
   1 -999.9900 -999.9900 -999.9900 -999.9900 -999.9900 -999.9900 -999.9900 -999.9900 -999.9900
    
2017053100
   0    0.7283 -999.9900    1.3142    1.3142    0.5101   -0.1764    0.8680    0.4302    0.2936
   0    0.6213 -999.9900    1.2451    1.2451    0.9701   -0.1754    0.8328    0.2388    0.1534
   0    0.7158 -999.9900    1.3012    1.3012    0.5168   -0.2084    0.8594    0.4355    0.2789
   1 -999.9900 -999.9900 -999.9900 -999.9900 -999.9900 -999.9900 -999.9900 -999.9900 -999.9900
    
2017060100
   0    0.7620 -999.9900    1.3631    1.3631    0.4937   -0.1591    0.9042    0.4079    0.3033
   0    0.6507 -999.9900    1.3269    1.3269    0.9668   -0.1571    0.8637    0.2124    0.1730
   0    0.7491 -999.9900    1.3454    1.3454    0.5058   -0.1834    0.8944    0.4098    0.2888
   1 -999.9900 -999.9900 -999.9900 -999.9900 -999.9900 -999.9900 -999.9900 -999.9900 -999.9900
    
2017060200
   0    0.7504 -999.9900    1.3076    1.3076    0.4951   -0.1205    0.8927    0.3366    0.3595
   0    0.6117 -999.9900    1.2038    1.2038    0.9482   -0.1563    0.8231    0.2117    0.1891
   0    0.7452 -999.9900    1.3107    1.3107    0.5070   -0.1489    0.8918    0.3413    0.3474
   1 -999.9900 -999.9900 -999.9900 -999.9900 -999.9900 -999.9900 -999.9900 -999.9900 -999.9900
    
2017060300
   0    0.6606 -999.9900    1.1983    1.1983    0.4932   -0.1304    0.8008    0.3391    0.3140
   0    0.5673 -999.9900    1.1178    1.1178    0.9231   -0.2092    0.7687    0.2066    0.1271
   0    0.6636 -999.9900    1.2282    1.2282    0.5070   -0.1779    0.8080    0.3469    0.2972
   1 -999.9900 -999.9900 -999.9900 -999.9900 -999.9900 -999.9900 -999.9900 -999.9900 -999.9900
    
2017060400
   0    0.6989 -999.9900    1.3007    1.3007    0.5156   -0.1815    0.8419    0.4024    0.2896
   0    0.6007 -999.9900    1.1909    1.1909    0.9578   -0.1853    0.8222    0.2158    0.1457
   0    0.6854 -999.9900    1.2834    1.2834    0.5331   -0.1950    0.8317    0.4030    0.2794
   1 -999.9900 -999.9900 -999.9900 -999.9900 -999.9900 -999.9900 -999.9900 -999.9900 -999.9900
    
2017060500
   0    0.6728 -999.9900    1.2872    1.2872    0.4955   -0.2001    0.8117    0.3787    0.3010
   0    0.5769 -999.9900    1.1789    1.1789    0.9262   -0.2815    0.7906    0.2014    0.1331
   0    0.6758 -999.9900    1.3272    1.3272    0.5189   -0.2301    0.8187    0.3826    0.2923
   1 -999.9900 -999.9900 -999.9900 -999.9900 -999.9900 -999.9900 -999.9900 -999.9900 -999.9900
    
2017060600
   0    0.7291 -999.9900    1.3245    1.3245    0.4494   -0.2279    0.8650    0.4094    0.3009
   0    0.6475 -999.9900    1.2751    1.2751    0.8790   -0.2872    0.8736    0.2492    0.1664
   1 -999.9900 -999.9900 -999.9900 -999.9900 -999.9900 -999.9900 -999.9900 -999.9900 -999.9900
   1 -999.9900 -999.9900 -999.9900 -999.9900 -999.9900 -999.9900 -999.9900 -999.9900 -999.9900
    
2017060700
   0    0.7215 -999.9900    1.2812    1.2812    0.4866   -0.2495    0.8584    0.3733    0.3305
   0    0.6670 -999.9900    1.3194    1.3194    0.9341   -0.2837    0.9042    0.1893    0.1881
   1 -999.9900 -999.9900 -999.9900 -999.9900 -999.9900 -999.9900 -999.9900 -999.9900 -999.9900
   1 -999.9900 -999.9900 -999.9900 -999.9900 -999.9900 -999.9900 -999.9900 -999.9900 -999.9900
    
2017060800
   0    0.8080 -999.9900    1.4253    1.4253    0.4634   -0.2928    0.9487    0.3626    0.3704
   0    0.6832 -999.9900    1.3234    1.3234    0.9696   -0.2475    0.9184    0.1883    0.2256
   0    0.8099 -999.9900    1.4461    1.4461    0.4829   -0.3178    0.9562    0.3663    0.3589
   0    0.7201 -999.9900    1.4681    1.4681    1.2605   -0.4552    0.9853    0.2033    0.1279
    
2017060900
   0    0.8048 -999.9900    1.3572    1.3572    0.4543   -0.0870    0.9414    0.3203    0.4198
   0    0.6939 -999.9900    1.3050    1.3050    0.9362    0.0076    0.9212    0.1684    0.2886
   0    0.8031 -999.9900    1.3633    1.3633    0.4811   -0.1157    0.9437    0.3257    0.4090
   0    0.7173 -999.9900    1.4250    1.4250    1.1813   -0.2070    0.9739    0.1917    0.1958
    
