2023010700
   1 -999.9900 -999.9900 -999.9900 -999.9900 -999.9900 -999.9900 -999.9900 -999.9900 -999.9900
   1 -999.9900 -999.9900 -999.9900 -999.9900 -999.9900 -999.9900 -999.9900 -999.9900 -999.9900
   1 -999.9900 -999.9900 -999.9900 -999.9900 -999.9900 -999.9900 -999.9900 -999.9900 -999.9900
   1 -999.9900 -999.9900 -999.9900 -999.9900 -999.9900 -999.9900 -999.9900 -999.9900 -999.9900
    
2023010800
   0    1.6181 -999.9900    3.1068    3.1068    2.3877    0.1859    2.1371    0.2500    0.2692
   0    1.5479 -999.9900    2.9765    2.9765    2.2755    0.1879    2.0698    0.2181    0.2333
   0    1.6228 -999.9900    3.1207    3.1207    2.4093    0.1701    2.1499    0.2479    0.2675
   0    1.5226 -999.9900    2.9084    2.9084    2.3445    0.0505    2.0316    0.2204    0.2161
    
2023010900
   0    1.5602 -999.9900    2.9000    2.9000    2.1886    0.1999    2.0272    0.2226    0.2928
   0    1.5005 -999.9900    2.7761    2.7761    1.9781    0.1494    1.9732    0.2048    0.2593
   0    1.5509 -999.9900    2.8855    2.8855    2.2712    0.2107    2.0313    0.2168    0.2832
   0    1.4403 -999.9900    2.6680    2.6680    2.1041   -0.0067    1.9088    0.2031    0.2320
    
2023011000
   0    1.5945 -999.9900    2.8632    2.8632    2.0882    0.0216    2.0630    0.2725    0.2743
   0    1.5160 -999.9900    2.7534    2.7534    1.9774   -0.0746    2.0025    0.2477    0.2273
   0    1.5708 -999.9900    2.8275    2.8275    2.1677    0.0103    2.0503    0.2704    0.2616
   0    1.5038 -999.9900    2.7479    2.7479    2.0579   -0.0622    1.9988    0.2424    0.2210
    
2023011100
   0    1.3247 -999.9900    2.2276    2.2276    1.4084    0.0390    1.6828    0.2794    0.2942
   0    1.2317 -999.9900    2.1410    2.1410    1.4958   -0.1254    1.6179    0.2504    0.2202
   0    1.3123 -999.9900    2.2137    2.2137    1.4664    0.0328    1.6722    0.2738    0.2856
   0    1.2245 -999.9900    2.1314    2.1314    1.5382   -0.0963    1.6109    0.2444    0.2185
    
2023011200
   0    1.6357 -999.9900    3.0339    3.0339    1.4262   -0.2036    2.0157    0.3023    0.3051
   0    1.5304 -999.9900    2.9679    2.9679    1.5683   -0.3534    1.9353    0.2613    0.2148
   0    1.6221 -999.9900    3.0119    3.0119    1.4725   -0.1960    2.0054    0.3015    0.3014
   0    1.5236 -999.9900    2.9523    2.9523    1.5956   -0.3189    1.9316    0.2617    0.2192
    
2023011300
   0    1.7046 -999.9900    3.1102    3.1102    1.5321   -0.2129    2.1043    0.3094    0.2940
   0    1.6470 -999.9900    3.1244    3.1244    1.6520   -0.3640    2.0796    0.2723    0.2140
   0    1.7082 -999.9900    3.1229    3.1229    1.5597   -0.2352    2.1029    0.3077    0.2877
   0    1.6418 -999.9900    3.1119    3.1119    1.6770   -0.3472    2.0696    0.2717    0.2163
    
2023011400
   0    1.5950 -999.9900    3.0241    3.0241    1.4722   -0.3503    1.9596    0.3050    0.2656
   0    1.5102 -999.9900    2.9574    2.9574    1.4508   -0.4668    1.9010    0.2727    0.2085
   0    1.5891 -999.9900    3.0164    3.0164    1.4383   -0.3532    1.9510    0.3051    0.2650
   0    1.5092 -999.9900    2.9570    2.9570    1.4541   -0.4452    1.8985    0.2713    0.2130
    
2023011500
   0    1.5751 -999.9900    2.8035    2.8035    1.6489    0.2500    1.9429    0.2633    0.3264
   0    1.5707 -999.9900    2.8881    2.8881    1.6661    0.1470    1.9847    0.2306    0.2630
   0    1.5663 -999.9900    2.7909    2.7909    1.6333    0.2516    1.9314    0.2582    0.3257
   0    1.5517 -999.9900    2.8570    2.8570    1.6657    0.1686    1.9621    0.2264    0.2659
    
2023011600
   0    1.4775 -999.9900    2.6594    2.6594    1.6668    0.1289    1.8816    0.2660    0.3055
   0    1.3588 -999.9900    2.4934    2.4934    1.7146    0.1204    1.8007    0.2175    0.2352
   0    1.4537 -999.9900    2.6215    2.6215    1.6903    0.1263    1.8612    0.2614    0.3018
   0    1.3529 -999.9900    2.4908    2.4908    1.7375    0.1205    1.7947    0.2159    0.2372
    
2023011700
   0    1.3888 -999.9900    2.4188    2.4188    1.3128    0.5841    1.7439    0.2136    0.3902
   0    1.3107 -999.9900    2.3504    2.3504    1.5047    0.5618    1.7065    0.1538    0.3087
   0    1.3551 -999.9900    2.3743    2.3743    1.3223    0.5729    1.7094    0.2066    0.3836
   0    1.2869 -999.9900    2.3211    2.3211    1.4982    0.5596    1.6759    0.1513    0.3065
    
2023011800
   0    1.6047 -999.9900    2.7975    2.7975    1.6072    0.1982    1.9983    0.2545    0.3668
   0    1.4950 -999.9900    2.7167    2.7167    1.7863    0.1003    1.9360    0.2066    0.2732
   0    1.6032 -999.9900    2.7969    2.7969    1.6234    0.1892    1.9959    0.2548    0.3670
   0    1.4886 -999.9900    2.7065    2.7065    1.8009    0.1145    1.9254    0.2058    0.2775
    
2023011900
   0    1.4293 -999.9900    2.4476    2.4476    1.2068    0.4355    1.7739    0.2346    0.3879
   0    1.3669 -999.9900    2.4657    2.4657    1.4468    0.3394    1.7752    0.1966    0.2913
   0    1.4201 -999.9900    2.4402    2.4402    1.2453    0.4240    1.7713    0.2334    0.3806
   0    1.3547 -999.9900    2.4440    2.4440    1.4448    0.3517    1.7627    0.1945    0.2946
    
2023012000
   0    1.4960 -999.9900    2.5648    2.5648    1.3108   -0.0521    1.8475    0.3118    0.2985
   0    1.3725 -999.9900    2.4610    2.4610    1.6439   -0.0654    1.7916    0.2378    0.2117
   0    1.4961 -999.9900    2.5604    2.5604    1.2983   -0.0388    1.8482    0.3109    0.3016
   0    1.3741 -999.9900    2.4630    2.4630    1.6015   -0.0547    1.7899    0.2419    0.2202
    
2023012100
   1 -999.9900 -999.9900 -999.9900 -999.9900 -999.9900 -999.9900 -999.9900 -999.9900 -999.9900
   1 -999.9900 -999.9900 -999.9900 -999.9900 -999.9900 -999.9900 -999.9900 -999.9900 -999.9900
   1 -999.9900 -999.9900 -999.9900 -999.9900 -999.9900 -999.9900 -999.9900 -999.9900 -999.9900
   1 -999.9900 -999.9900 -999.9900 -999.9900 -999.9900 -999.9900 -999.9900 -999.9900 -999.9900
    
2023012200
   0    1.8721 -999.9900    3.2697    3.2697    1.5979   -0.5433    2.2863    0.3496    0.2529
   0    1.8721 -999.9900    3.2697    3.2697    1.5979   -0.5433    2.2863    0.3496    0.2529
   0    1.8873 -999.9900    3.3129    3.3129    1.6335   -0.5477    2.3060    0.3477    0.2535
   0    1.8547 -999.9900    3.3793    3.3793    1.8143   -0.6722    2.3324    0.3135    0.1931
    
2023012300
   0    1.6075 -999.9900    2.8906    2.8906    1.3591   -0.3993    1.9621    0.3575    0.2395
   0    1.5802 -999.9900    2.9582    2.9582    1.5563   -0.5875    2.0002    0.3076    0.1652
   0    1.5933 -999.9900    2.8874    2.8874    1.3936   -0.4081    1.9464    0.3504    0.2265
   0    1.5595 -999.9900    2.9300    2.9300    1.5616   -0.5551    1.9704    0.3040    0.1628
    
2023012400
   0    1.5096 -999.9900    2.7120    2.7120    1.3012   -0.2905    1.8347    0.3402    0.2709
   0    1.4459 -999.9900    2.6993    2.6993    1.5352   -0.4884    1.8156    0.2850    0.1775
   0    1.5042 -999.9900    2.7129    2.7129    1.3000   -0.3083    1.8306    0.3378    0.2628
   0    1.4359 -999.9900    2.6888    2.6888    1.5146   -0.4595    1.8014    0.2842    0.1797
    
2023012500
   0    1.4073 -999.9900    2.4230    2.4230    1.2992   -0.2057    1.7379    0.3424    0.2662
   0    1.3036 -999.9900    2.3842    2.3842    1.4398   -0.3031    1.6724    0.2758    0.1721
   0    1.4040 -999.9900    2.4074    2.4074    1.2785   -0.2071    1.7312    0.3428    0.2669
   0    1.2977 -999.9900    2.3630    2.3630    1.4344   -0.2845    1.6640    0.2788    0.1758
    
2023012600
   0    1.6177 -999.9900    3.1002    3.1002    1.3119   -0.6349    1.9573    0.3252    0.2593
   0    1.5515 -999.9900    3.1405    3.1405    1.4851   -0.7502    1.9426    0.2865    0.1794
   0    1.6015 -999.9900    3.0835    3.0835    1.3574   -0.6695    1.9445    0.3252    0.2452
   0    1.5352 -999.9900    3.1074    3.1074    1.5083   -0.7479    1.9218    0.2852    0.1759
    
2023012700
   1 -999.9900 -999.9900 -999.9900 -999.9900 -999.9900 -999.9900 -999.9900 -999.9900 -999.9900
   1 -999.9900 -999.9900 -999.9900 -999.9900 -999.9900 -999.9900 -999.9900 -999.9900 -999.9900
   1 -999.9900 -999.9900 -999.9900 -999.9900 -999.9900 -999.9900 -999.9900 -999.9900 -999.9900
   1 -999.9900 -999.9900 -999.9900 -999.9900 -999.9900 -999.9900 -999.9900 -999.9900 -999.9900
    
2023012800
   0    1.4512 -999.9900    2.4768    2.4768    1.5940   -0.1031    1.8022    0.2945    0.2563
   0    1.3909 -999.9900    2.4413    2.4413    1.6575   -0.0469    1.7807    0.2354    0.2144
   0    1.4519 -999.9900    2.4833    2.4833    1.5545   -0.0892    1.8067    0.2934    0.2597
   0    1.3845 -999.9900    2.4341    2.4341    1.6502   -0.0498    1.7703    0.2374    0.2147
    
2023012900
   0    1.5939 -999.9900    2.7201    2.7201    1.2706   -0.6395    1.9317    0.3743    0.2213
   0    1.4873 -999.9900    2.6883    2.6883    1.4846   -0.6177    1.8839    0.2995    0.1696
   0    1.5877 -999.9900    2.7230    2.7230    1.3078   -0.6112    1.9314    0.3642    0.2196
   0    1.4904 -999.9900    2.6859    2.6859    1.4827   -0.6051    1.8858    0.3006    0.1731
    
2023013000
   0    1.4042 -999.9900    2.4620    2.4620    1.5656   -0.3086    1.7731    0.3366    0.2214
   0    1.3510 -999.9900    2.4378    2.4378    1.6401   -0.2144    1.7445    0.2741    0.1894
   0    1.4070 -999.9900    2.4648    2.4648    1.4968   -0.2918    1.7732    0.3343    0.2269
   0    1.3451 -999.9900    2.4262    2.4262    1.6146   -0.2231    1.7361    0.2748    0.1905
    
2023013100
   1 -999.9900 -999.9900 -999.9900 -999.9900 -999.9900 -999.9900 -999.9900 -999.9900 -999.9900
   1 -999.9900 -999.9900 -999.9900 -999.9900 -999.9900 -999.9900 -999.9900 -999.9900 -999.9900
   1 -999.9900 -999.9900 -999.9900 -999.9900 -999.9900 -999.9900 -999.9900 -999.9900 -999.9900
   1 -999.9900 -999.9900 -999.9900 -999.9900 -999.9900 -999.9900 -999.9900 -999.9900 -999.9900
    
2023020100
   1 -999.9900 -999.9900 -999.9900 -999.9900 -999.9900 -999.9900 -999.9900 -999.9900 -999.9900
   1 -999.9900 -999.9900 -999.9900 -999.9900 -999.9900 -999.9900 -999.9900 -999.9900 -999.9900
   0    1.1297 -999.9900    2.0383    2.0383    1.3820   -0.0057    1.4468    0.2516    0.2361
   0    1.0705 -999.9900    1.9700    1.9700    1.5002   -0.0720    1.4103    0.2129    0.1807
    
2023020200
   0    1.3695 -999.9900    2.3347    2.3347    1.5483   -0.0486    1.6988    0.3174    0.2726
   0    1.2668 -999.9900    2.2478    2.2478    1.6284   -0.0870    1.6318    0.2663    0.2161
   0    1.3454 -999.9900    2.3000    2.3000    1.5930   -0.0432    1.6776    0.3072    0.2668
   0    1.2588 -999.9900    2.2341    2.2341    1.6518   -0.0760    1.6251    0.2618    0.2180
    
2023020300
   0    1.2629 -999.9900    2.2101    2.2101    1.3522    0.0836    1.5694    0.2726    0.2969
   0    1.1712 -999.9900    2.0953    2.0953    1.4443    0.0045    1.5202    0.2213    0.2304
   0    1.2619 -999.9900    2.2164    2.2164    1.3524    0.0996    1.5706    0.2690    0.2969
   0    1.1734 -999.9900    2.1066    2.1066    1.4502    0.0299    1.5214    0.2219    0.2361
    
2023020400
   0    1.3098 -999.9900    2.3464    2.3464    1.5677    0.0283    1.6675    0.3057    0.2764
   0    1.2462 -999.9900    2.3144    2.3144    1.6993   -0.0308    1.6389    0.2472    0.2019
   0    1.3040 -999.9900    2.3475    2.3475    1.5531    0.0358    1.6633    0.3015    0.2759
   0    1.2380 -999.9900    2.3015    2.3015    1.6934   -0.0145    1.6279    0.2478    0.2055
    
2023020500
   0    1.3593 -999.9900    2.4845    2.4845    1.7364    0.0770    1.7297    0.2948    0.2729
   0    1.2662 -999.9900    2.3555    2.3555    1.8477    0.0572    1.6503    0.2282    0.2002
   0    1.3519 -999.9900    2.4890    2.4890    1.7864    0.1004    1.7264    0.2889    0.2667
   0    1.2618 -999.9900    2.3567    2.3567    1.8901    0.0752    1.6462    0.2296    0.2015
    
2023020600
   0    1.3331 -999.9900    2.3121    2.3121    1.5190    0.3401    1.6443    0.2418    0.3403
   0    1.2654 -999.9900    2.3088    2.3088    1.6124    0.3510    1.6282    0.1881    0.2501
   0    1.3194 -999.9900    2.2983    2.2983    1.5083    0.3689    1.6331    0.2351    0.3370
   0    1.2513 -999.9900    2.2874    2.2874    1.6080    0.3661    1.6085    0.1854    0.2539
    
2023020700
   0    1.4469 -999.9900    2.5346    2.5346    1.4154    0.0537    1.8098    0.2624    0.3122
   0    1.3346 -999.9900    2.4382    2.4382    1.6002    0.0212    1.7288    0.2027    0.2247
   0    1.4389 -999.9900    2.5139    2.5139    1.4010    0.0529    1.7975    0.2615    0.3112
   0    1.3326 -999.9900    2.4321    2.4321    1.5770    0.0272    1.7240    0.2060    0.2294
    
2023020800
   0    1.3530 -999.9900    2.4418    2.4418    1.5774   -0.0937    1.7400    0.3033    0.2554
   0    1.2970 -999.9900    2.4137    2.4137    1.7016   -0.1385    1.7239    0.2564    0.1869
   0    1.3517 -999.9900    2.4507    2.4507    1.5985   -0.1050    1.7460    0.3013    0.2465
   0    1.2915 -999.9900    2.4065    2.4065    1.7151   -0.1363    1.7187    0.2538    0.1867
    
2023020900
   1 -999.9900 -999.9900 -999.9900 -999.9900 -999.9900 -999.9900 -999.9900 -999.9900 -999.9900
   1 -999.9900 -999.9900 -999.9900 -999.9900 -999.9900 -999.9900 -999.9900 -999.9900 -999.9900
   1 -999.9900 -999.9900 -999.9900 -999.9900 -999.9900 -999.9900 -999.9900 -999.9900 -999.9900
   1 -999.9900 -999.9900 -999.9900 -999.9900 -999.9900 -999.9900 -999.9900 -999.9900 -999.9900
    
2023021000
   0    1.7158 -999.9900    3.1120    3.1120    1.6059   -0.1746    2.1210    0.3037    0.3128
   0    1.6832 -999.9900    3.1851    3.1851    1.7452   -0.2054    2.1341    0.2498    0.2364
   0    1.7443 -999.9900    3.1488    3.1488    1.6042   -0.1926    2.1480    0.3046    0.3120
   0    1.6878 -999.9900    3.1743    3.1743    1.7506   -0.2100    2.1345    0.2541    0.2417
    
2023021100
   1 -999.9900 -999.9900 -999.9900 -999.9900 -999.9900 -999.9900 -999.9900 -999.9900 -999.9900
   1 -999.9900 -999.9900 -999.9900 -999.9900 -999.9900 -999.9900 -999.9900 -999.9900 -999.9900
   1 -999.9900 -999.9900 -999.9900 -999.9900 -999.9900 -999.9900 -999.9900 -999.9900 -999.9900
   1 -999.9900 -999.9900 -999.9900 -999.9900 -999.9900 -999.9900 -999.9900 -999.9900 -999.9900
    
2023021200
   0    1.3294 -999.9900    2.3984    2.3984    1.6061    0.1095    1.6952    0.2767    0.2755
   0    1.2361 -999.9900    2.2523    2.2523    1.7711    0.0452    1.6327    0.2164    0.2112
   0    1.3237 -999.9900    2.3811    2.3811    1.5619    0.1166    1.6827    0.2767    0.2807
   0    1.2270 -999.9900    2.2404    2.2404    1.7559    0.0623    1.6174    0.2163    0.2143
    
2023021300
   0    1.5549 -999.9900    2.9045    2.9045    1.4648   -0.3251    1.9470    0.3301    0.2568
   0    1.4511 -999.9900    2.7988    2.7988    1.6970   -0.5010    1.8905    0.2858    0.1661
   0    1.5526 -999.9900    2.8851    2.8851    1.4363   -0.3167    1.9425    0.3325    0.2576
   0    1.4463 -999.9900    2.7866    2.7866    1.6748   -0.4608    1.8781    0.2860    0.1719
    
2023021400
   0    1.5346 -999.9900    2.5893    2.5893    1.2062    0.0376    1.8913    0.3385    0.3135
   0    1.5051 -999.9900    2.7094    2.7094    1.5128   -0.0052    1.9286    0.2810    0.2241
   0    1.5298 -999.9900    2.5930    2.5930    1.1910    0.0492    1.8857    0.3378    0.3102
   0    1.4888 -999.9900    2.6726    2.6726    1.4767    0.0103    1.9052    0.2824    0.2275
    
2023021500
   0    1.3703 -999.9900    2.6217    2.6217    1.1048   -0.5780    1.6477    0.3596    0.2464
   0    1.3232 -999.9900    2.7163    2.7163    1.3765   -0.7238    1.6606    0.3030    0.1574
   0    1.3731 -999.9900    2.6145    2.6145    1.1048   -0.5672    1.6487    0.3601    0.2509
   0    1.3116 -999.9900    2.6772    2.6772    1.3586   -0.6882    1.6415    0.3020    0.1639
    
2023021600
   0    1.5147 -999.9900    2.7935    2.7935    1.2957   -0.2882    1.8449    0.3273    0.3029
   0    1.4417 -999.9900    2.8336    2.8336    1.5341   -0.4130    1.8219    0.2528    0.2112
   0    1.5025 -999.9900    2.7817    2.7817    1.3201   -0.3027    1.8321    0.3253    0.2969
   0    1.4289 -999.9900    2.8018    2.8018    1.5330   -0.3967    1.8051    0.2549    0.2140
    
2023021700
   0    1.4735 -999.9900    2.7060    2.7060    1.4941   -0.0353    1.8308    0.3014    0.2722
   0    1.4708 -999.9900    2.8289    2.8289    1.6408   -0.0636    1.8970    0.2522    0.2111
   0    1.4638 -999.9900    2.6876    2.6876    1.4576   -0.0486    1.8169    0.3008    0.2693
   0    1.4477 -999.9900    2.7796    2.7796    1.6179   -0.0659    1.8636    0.2543    0.2100
    
2023021800
   0    1.3673 -999.9900    2.4386    2.4386    1.6843    0.0835    1.7599    0.3000    0.2645
   0    1.2966 -999.9900    2.4004    2.4004    1.7626    0.0487    1.7270    0.2366    0.1971
   0    1.3514 -999.9900    2.4049    2.4049    1.6905    0.0851    1.7376    0.2951    0.2672
   0    1.2858 -999.9900    2.3743    2.3743    1.7690    0.0567    1.7090    0.2378    0.2025
    
2023021900
   0    1.2739 -999.9900    2.3439    2.3439    1.3446   -0.0770    1.6037    0.3027    0.2739
   0    1.1795 -999.9900    2.2575    2.2575    1.5286   -0.0862    1.5352    0.2345    0.1994
   0    1.2579 -999.9900    2.3194    2.3194    1.3566   -0.0792    1.5901    0.2985    0.2702
   0    1.1684 -999.9900    2.2391    2.2391    1.5308   -0.0857    1.5232    0.2345    0.2002
    
2023022000
   0    1.2634 -999.9900    2.3011    2.3011    1.5558   -0.0142    1.5918    0.2891    0.2872
   0    1.1892 -999.9900    2.2203    2.2203    1.7677   -0.0628    1.5552    0.2352    0.2061
   0    1.2584 -999.9900    2.2989    2.2989    1.5773   -0.0236    1.5856    0.2876    0.2809
   0    1.1823 -999.9900    2.2119    2.2119    1.7685   -0.0587    1.5434    0.2362    0.2084
    
2023022100
   0    1.3777 -999.9900    2.3823    2.3823    1.2425   -0.1789    1.7116    0.3129    0.2838
   0    1.2867 -999.9900    2.3406    2.3406    1.5304   -0.1923    1.6669    0.2464    0.2071
   0    1.3708 -999.9900    2.3658    2.3658    1.2755   -0.1628    1.7046    0.3092    0.2829
   0    1.2821 -999.9900    2.3242    2.3242    1.5161   -0.1800    1.6588    0.2510    0.2115
    
2023022200
   0    1.4211 -999.9900    2.4334    2.4334    1.3799   -0.2131    1.7737    0.3127    0.2645
   0    1.3371 -999.9900    2.4419    2.4419    1.6341   -0.1200    1.7565    0.2258    0.2042
   0    1.4134 -999.9900    2.4319    2.4319    1.3973   -0.2372    1.7685    0.3133    0.2519
   0    1.3315 -999.9900    2.4240    2.4240    1.6183   -0.1531    1.7462    0.2333    0.2014
    
2023022300
   0    1.4787 -999.9900    2.4557    2.4557    1.5276   -0.0897    1.8234    0.3119    0.2820
   0    1.3416 -999.9900    2.3925    2.3925    1.7313    0.1183    1.7430    0.2035    0.2343
   0    1.4825 -999.9900    2.4614    2.4614    1.5174   -0.0969    1.8284    0.3121    0.2794
   0    1.3444 -999.9900    2.3856    2.3856    1.7195    0.0724    1.7448    0.2119    0.2319
    
2023022400
   0    1.6216 -999.9900    2.6752    2.6752    1.4449    0.1828    1.9821    0.2564    0.3504
   0    1.4666 -999.9900    2.5943    2.5943    1.7423    0.3036    1.8818    0.1823    0.2558
   0    1.6095 -999.9900    2.6647    2.6647    1.4495    0.1881    1.9715    0.2523    0.3489
   0    1.4597 -999.9900    2.5789    2.5789    1.7274    0.2827    1.8754    0.1844    0.2606
    
2023022500
   0    1.3921 -999.9900    2.3777    2.3777    1.3429    0.3392    1.7427    0.2550    0.3185
   0    1.3074 -999.9900    2.3370    2.3370    1.5405    0.3123    1.6963    0.2009    0.2479
   0    1.3809 -999.9900    2.3631    2.3631    1.3740    0.3250    1.7360    0.2504    0.3105
   0    1.3008 -999.9900    2.3216    2.3216    1.5418    0.3091    1.6871    0.2018    0.2499
    
2023022600
   0    1.4472 -999.9900    2.4592    2.4592    1.2638    0.2189    1.8171    0.2632    0.3242
   0    1.3612 -999.9900    2.3803    2.3803    1.4716    0.2048    1.7645    0.2157    0.2609
   0    1.4446 -999.9900    2.4445    2.4445    1.2329    0.2594    1.8108    0.2595    0.3353
   0    1.3602 -999.9900    2.3756    2.3756    1.4353    0.2319    1.7607    0.2160    0.2688
    
2023022700
   0    1.2341 -999.9900    2.1181    2.1181    1.1493   -0.0292    1.5356    0.3106    0.2678
   0    1.1244 -999.9900    2.0489    2.0489    1.4134   -0.1020    1.4729    0.2361    0.1884
   0    1.2379 -999.9900    2.1329    2.1329    1.1560   -0.0167    1.5446    0.3073    0.2693
   0    1.1308 -999.9900    2.0570    2.0570    1.3899   -0.0799    1.4787    0.2393    0.1964
    
2023022800
   0    1.4906 -999.9900    2.7419    2.7419    1.4988   -0.0890    1.8466    0.3483    0.2804
   0    1.3664 -999.9900    2.6212    2.6212    1.7733   -0.0323    1.7651    0.2579    0.2193
   0    1.4765 -999.9900    2.7242    2.7242    1.6048   -0.0715    1.8347    0.3386    0.2805
   0    1.3676 -999.9900    2.6214    2.6214    1.8053   -0.0368    1.7648    0.2613    0.2224
    
2023030100
   0    1.5241 -999.9900    2.6724    2.6724    1.4995    0.4510    1.8711    0.2648    0.3405
   0    1.4721 -999.9900    2.7182    2.7182    1.7472    0.5326    1.9003    0.1884    0.2894
   0    1.5237 -999.9900    2.6702    2.6702    1.4972    0.4660    1.8732    0.2616    0.3378
   0    1.4567 -999.9900    2.6805    2.6805    1.7420    0.5253    1.8778    0.1902    0.2869
    
2023030200
   0    1.7544 -999.9900    3.0298    3.0298    1.3003    0.6859    2.1225    0.2275    0.4054
   0    1.6762 -999.9900    3.0353    3.0353    1.5354    0.6685    2.1150    0.1869    0.3388
   0    1.7398 -999.9900    3.0144    3.0144    1.2740    0.6755    2.1039    0.2280    0.4011
   0    1.6653 -999.9900    3.0129    3.0129    1.5019    0.6657    2.0928    0.1897    0.3412
    
2023030300
   1 -999.9900 -999.9900 -999.9900 -999.9900 -999.9900 -999.9900 -999.9900 -999.9900 -999.9900
   1 -999.9900 -999.9900 -999.9900 -999.9900 -999.9900 -999.9900 -999.9900 -999.9900 -999.9900
   1 -999.9900 -999.9900 -999.9900 -999.9900 -999.9900 -999.9900 -999.9900 -999.9900 -999.9900
   1 -999.9900 -999.9900 -999.9900 -999.9900 -999.9900 -999.9900 -999.9900 -999.9900 -999.9900
    
2023030400
   0    1.3424 -999.9900    2.3119    2.3119    1.2061   -0.2759    1.6494    0.3729    0.2678
   0    1.2613 -999.9900    2.2598    2.2598    1.4669   -0.3147    1.6382    0.2957    0.1961
   0    1.3355 -999.9900    2.3244    2.3244    1.2200   -0.2713    1.6508    0.3710    0.2642
   0    1.2558 -999.9900    2.2572    2.2572    1.4581   -0.3042    1.6307    0.3007    0.1999
    
2023030500
   0    1.3959 -999.9900    2.4313    2.4313    1.1791   -0.1660    1.6932    0.3233    0.2646
   0    1.2672 -999.9900    2.3002    2.3002    1.5744   -0.1989    1.6506    0.2348    0.1912
   0    1.4120 -999.9900    2.4666    2.4666    1.1640   -0.1549    1.7116    0.3249    0.2686
   0    1.2747 -999.9900    2.3214    2.3214    1.5390   -0.1857    1.6525    0.2403    0.1976
    
2023030600
   0    1.2936 -999.9900    2.2832    2.2832    1.4035    0.0289    1.5976    0.2832    0.2931
   0    1.1654 -999.9900    2.1690    2.1690    1.7221    0.0658    1.5282    0.1979    0.1983
   0    1.2804 -999.9900    2.2686    2.2686    1.4139    0.0456    1.5872    0.2731    0.2893
   0    1.1562 -999.9900    2.1530    2.1530    1.7068    0.0685    1.5091    0.1997    0.2005
    
2023030700
   0    1.3253 -999.9900    2.3068    2.3068    1.2825    0.1172    1.6389    0.2552    0.3659
   0    1.1447 -999.9900    2.1154    2.1154    1.6216    0.1128    1.5093    0.1835    0.2358
   0    1.3061 -999.9900    2.2719    2.2719    1.2953    0.1121    1.6166    0.2531    0.3594
   0    1.1431 -999.9900    2.1095    2.1095    1.5963    0.1106    1.5030    0.1862    0.2437
    
2023030800
   0    1.1427 -999.9900    1.9418    1.9418    1.1835    0.0872    1.4292    0.2522    0.3229
   0    1.0368 -999.9900    1.8554    1.8554    1.4902    0.0636    1.3727    0.1873    0.2258
   0    1.1344 -999.9900    1.9222    1.9222    1.2032    0.1063    1.4199    0.2475    0.3204
   0    1.0309 -999.9900    1.8340    1.8340    1.4772    0.0798    1.3591    0.1883    0.2315
    
2023030900
   0    1.2202 -999.9900    2.0242    2.0242    0.9598    0.0033    1.5107    0.2994    0.3222
   0    1.1514 -999.9900    2.0361    2.0361    1.2673   -0.0901    1.5004    0.2395    0.2204
   0    1.2072 -999.9900    2.0157    2.0157    0.9988    0.0042    1.5039    0.2900    0.3149
   0    1.1389 -999.9900    2.0111    2.0111    1.2584   -0.0709    1.4841    0.2367    0.2244
    
2023031000
   0    1.3303 -999.9900    2.1897    2.1897    0.9187    0.1216    1.6158    0.3125    0.3493
   0    1.2160 -999.9900    2.1058    2.1058    1.2346   -0.0132    1.5751    0.2560    0.2434
   0    1.3291 -999.9900    2.1937    2.1937    0.9120    0.1232    1.6149    0.3118    0.3451
   0    1.2164 -999.9900    2.1061    2.1061    1.2088    0.0148    1.5696    0.2578    0.2513
    
2023031100
   0    1.1621 -999.9900    1.9269    1.9269    0.7604   -0.1227    1.4026    0.3453    0.2970
   0    1.0907 -999.9900    1.9169    1.9169    1.1367   -0.2423    1.4170    0.2868    0.2083
   0    1.1708 -999.9900    1.9410    1.9410    0.7494   -0.1178    1.4135    0.3487    0.3016
   0    1.0856 -999.9900    1.9045    1.9045    1.1074   -0.2155    1.4036    0.2877    0.2148
    
2023031200
   0    1.1829 -999.9900    1.9313    1.9313    0.7826   -0.3554    1.4272    0.4000    0.2748
   0    1.1081 -999.9900    1.9140    1.9140    1.1359   -0.4854    1.4310    0.3232    0.1790
   0    1.1884 -999.9900    1.9485    1.9485    0.7985   -0.3563    1.4373    0.3964    0.2725
   0    1.1044 -999.9900    1.9093    1.9093    1.1132   -0.4600    1.4223    0.3236    0.1845
    
2023031300
   0    1.4064 -999.9900    2.2031    2.2031    0.8051   -0.2355    1.6651    0.3705    0.3285
   0    1.3066 -999.9900    2.1899    2.1899    1.1509   -0.3865    1.6463    0.3080    0.2164
   0    1.4013 -999.9900    2.1999    2.1999    0.8197   -0.2412    1.6624    0.3690    0.3229
   0    1.3010 -999.9900    2.1757    2.1757    1.1255   -0.3597    1.6362    0.3069    0.2237
    
2023031400
   0    1.4065 -999.9900    2.2343    2.2343    0.8440   -0.1681    1.6635    0.3719    0.3078
   0    1.3273 -999.9900    2.2345    2.2345    1.1257   -0.2461    1.6700    0.3045    0.2253
   0    1.3967 -999.9900    2.2288    2.2288    0.8571   -0.1516    1.6581    0.3684    0.3063
   0    1.3169 -999.9900    2.2172    2.2172    1.1093   -0.2206    1.6551    0.3046    0.2312
    
2023031500
   0    1.2176 -999.9900    2.0186    2.0186    0.8667   -0.0081    1.4760    0.3304    0.3322
   0    1.0974 -999.9900    1.9207    1.9207    1.1920   -0.1525    1.4334    0.2661    0.2166
   0    1.2177 -999.9900    2.0162    2.0162    0.8589   -0.0096    1.4754    0.3331    0.3337
   0    1.0989 -999.9900    1.9219    1.9219    1.1594   -0.1245    1.4282    0.2686    0.2271
    
2023031600
   0    1.2449 -999.9900    2.1586    2.1586    1.1158    0.1841    1.5284    0.2712    0.3684
   0    1.1233 -999.9900    2.0327    2.0327    1.3941    0.0816    1.4446    0.2018    0.2467
   0    1.2417 -999.9900    2.1468    2.1468    1.0951    0.1873    1.5192    0.2718    0.3690
   0    1.1250 -999.9900    2.0339    2.0339    1.3583    0.1040    1.4415    0.2057    0.2560
    
2023031700
   0    1.1983 -999.9900    2.1501    2.1501    1.2709    0.0218    1.4799    0.2608    0.3388
   0    1.1511 -999.9900    2.1508    2.1508    1.4757    0.0300    1.4852    0.1909    0.2542
   0    1.2011 -999.9900    2.1480    2.1480    1.2497    0.0171    1.4782    0.2670    0.3397
   0    1.1408 -999.9900    2.1289    2.1289    1.4563    0.0256    1.4674    0.1951    0.2573
    
2023031800
   0    1.3633 -999.9900    2.5074    2.5074    1.3616    0.1961    1.6620    0.2459    0.3677
   0    1.1920 -999.9900    2.2283    2.2283    1.6338    0.2095    1.5428    0.1751    0.2611
   0    1.3530 -999.9900    2.4675    2.4675    1.3544    0.2102    1.6507    0.2447    0.3668
   0    1.1958 -999.9900    2.2378    2.2378    1.6113    0.2153    1.5415    0.1784    0.2688
    
2023031900
   0    1.3294 -999.9900    2.3307    2.3307    1.2637    0.2654    1.6493    0.2461    0.3406
   0    1.2498 -999.9900    2.2701    2.2701    1.4229    0.3707    1.6227    0.1765    0.2833
   0    1.3265 -999.9900    2.3202    2.3202    1.2822    0.2724    1.6465    0.2438    0.3381
   0    1.2459 -999.9900    2.2620    2.2620    1.4247    0.3538    1.6129    0.1799    0.2842
    
2023032000
   0    1.5375 -999.9900    2.6303    2.6303    1.4670    0.3705    1.9191    0.2480    0.3409
   0    1.4164 -999.9900    2.5438    2.5438    1.6805    0.4507    1.8289    0.1674    0.2791
   0    1.5402 -999.9900    2.6472    2.6472    1.4733    0.3503    1.9255    0.2446    0.3364
   0    1.4218 -999.9900    2.5519    2.5519    1.6739    0.4225    1.8329    0.1709    0.2791
    
2023032100
   0    1.7448 -999.9900    2.8470    2.8470    1.2115    0.7500    2.1047    0.2158    0.4168
   0    1.5790 -999.9900    2.7476    2.7476    1.4804    0.7518    2.0126    0.1571    0.3434
   0    1.7290 -999.9900    2.8369    2.8369    1.2730    0.7386    2.0924    0.2107    0.4085
   0    1.5823 -999.9900    2.7459    2.7459    1.4907    0.7446    2.0110    0.1594    0.3447
    
2023032200
   0    1.6261 -999.9900    2.8429    2.8429    1.2433    0.6386    1.9781    0.2247    0.3903
   0    1.4733 -999.9900    2.6868    2.6868    1.5588    0.7732    1.8771    0.1459    0.3204
   0    1.6236 -999.9900    2.8380    2.8380    1.2626    0.6263    1.9781    0.2230    0.3911
   0    1.4755 -999.9900    2.6924    2.6924    1.5514    0.7389    1.8794    0.1486    0.3228
    
2023032300
   0    1.4280 -999.9900    2.3693    2.3693    1.1148    0.6639    1.7385    0.2084    0.4140
   0    1.3050 -999.9900    2.2605    2.2605    1.3655    0.7053    1.6721    0.1417    0.3209
   0    1.4275 -999.9900    2.3726    2.3726    1.1126    0.6602    1.7394    0.2062    0.4123
   0    1.3099 -999.9900    2.2686    2.2686    1.3453    0.6948    1.6735    0.1444    0.3287
    
2023032400
   0    1.2898 -999.9900    2.1840    2.1840    1.0780    0.0024    1.5971    0.3091    0.2842
   0    1.2171 -999.9900    2.1623    2.1623    1.4230   -0.0090    1.5934    0.2344    0.2127
   0    1.2782 -999.9900    2.1694    2.1694    1.0955   -0.0126    1.5902    0.3071    0.2802
   0    1.2051 -999.9900    2.1385    2.1385    1.3986   -0.0157    1.5734    0.2362    0.2153
    
2023032500
   0    1.2396 -999.9900    2.2546    2.2546    1.0794   -0.1917    1.5419    0.3179    0.2814
   0    1.1235 -999.9900    2.0835    2.0835    1.3388   -0.1887    1.4581    0.2492    0.2006
   0    1.2312 -999.9900    2.2390    2.2390    1.1135   -0.1863    1.5395    0.3111    0.2792
   0    1.1210 -999.9900    2.0859    2.0859    1.3442   -0.1861    1.4557    0.2445    0.2049
    
2023032600
   0    1.3619 -999.9900    2.4069    2.4069    1.0120    0.3122    1.6508    0.2614    0.3275
   0    1.2773 -999.9900    2.4310    2.4310    1.3037    0.4836    1.6482    0.1723    0.2757
   0    1.3671 -999.9900    2.4141    2.4141    0.9834    0.3049    1.6541    0.2625    0.3297
   0    1.2735 -999.9900    2.4111    2.4111    1.2742    0.4449    1.6359    0.1786    0.2782
    
2023032700
   0    1.3155 -999.9900    2.2214    2.2214    1.0874    0.1813    1.5936    0.2783    0.3143
   0    1.2303 -999.9900    2.2159    2.2159    1.3291    0.3186    1.5797    0.1883    0.2583
   0    1.3113 -999.9900    2.2126    2.2126    1.0556    0.1974    1.5829    0.2769    0.3137
   0    1.2240 -999.9900    2.1954    2.1954    1.2963    0.3008    1.5629    0.1939    0.2616
    
2023032800
   0    1.0961 -999.9900    1.8565    1.8565    0.9008    0.0431    1.3573    0.2739    0.3179
   0    1.0333 -999.9900    1.8257    1.8257    1.1618    0.0054    1.3571    0.2201    0.2372
   0    1.1041 -999.9900    1.8729    1.8729    0.8882    0.0601    1.3662    0.2726    0.3225
   0    1.0318 -999.9900    1.8250    1.8250    1.1356    0.0231    1.3512    0.2200    0.2458
    
2023032900
   0    1.2072 -999.9900    2.0154    2.0154    0.8900    0.1870    1.4689    0.2537    0.3519
   0    1.1038 -999.9900    1.9539    1.9539    1.1533    0.1728    1.4255    0.1912    0.2586
   0    1.2058 -999.9900    2.0202    2.0202    0.9108    0.1866    1.4705    0.2512    0.3465
   0    1.1044 -999.9900    1.9537    1.9537    1.1423    0.1755    1.4236    0.1925    0.2621
    
2023033000
   0    1.2925 -999.9900    2.0638    2.0638    0.7314    0.1653    1.5429    0.3097    0.3578
   0    1.2137 -999.9900    2.0618    2.0618    1.0065    0.2098    1.5226    0.2203    0.3006
   0    1.2749 -999.9900    2.0429    2.0429    0.7420    0.1551    1.5281    0.3058    0.3513
   0    1.2011 -999.9900    2.0367    2.0367    0.9895    0.1948    1.5071    0.2249    0.3004
    
2023033100
   0    1.0339 -999.9900    1.6934    1.6934    0.8346    0.1927    1.2591    0.2571    0.3559
   0    0.9460 -999.9900    1.6464    1.6464    1.1023    0.1265    1.2256    0.1870    0.2435
   0    1.0312 -999.9900    1.6868    1.6868    0.8111    0.2075    1.2532    0.2547    0.3572
   0    0.9427 -999.9900    1.6364    1.6364    1.0671    0.1486    1.2145    0.1888    0.2522
    
2023040100
    
