v6.1 gefs
v6.1 naefs
v7.0 gefs
v7.0 naefs
2023010700
   1 -999.9900 -999.9900 -999.9900 -999.9900 -999.9900 -999.9900 -999.9900 -999.9900 -999.9900
   1 -999.9900 -999.9900 -999.9900 -999.9900 -999.9900 -999.9900 -999.9900 -999.9900 -999.9900
   1 -999.9900 -999.9900 -999.9900 -999.9900 -999.9900 -999.9900 -999.9900 -999.9900 -999.9900
   1 -999.9900 -999.9900 -999.9900 -999.9900 -999.9900 -999.9900 -999.9900 -999.9900 -999.9900
    
2023010800
   1 -999.9900 -999.9900 -999.9900 -999.9900 -999.9900 -999.9900 -999.9900 -999.9900 -999.9900
   1 -999.9900 -999.9900 -999.9900 -999.9900 -999.9900 -999.9900 -999.9900 -999.9900 -999.9900
   1 -999.9900 -999.9900 -999.9900 -999.9900 -999.9900 -999.9900 -999.9900 -999.9900 -999.9900
   1 -999.9900 -999.9900 -999.9900 -999.9900 -999.9900 -999.9900 -999.9900 -999.9900 -999.9900
    
2023010900
   0    1.1690 -999.9900    2.2986    2.2986    1.2880   -0.4956    1.5181    0.2253    0.1588
   0    0.9931 -999.9900    2.0175    2.0175    1.7263   -0.1899    1.3683    0.1426    0.1253
   0    1.4259 -999.9900    2.7287    2.7287    1.3204   -0.8587    1.8130    0.3032    0.1410
   0    1.0767 -999.9900    2.1973    2.1973    1.8554   -0.4749    1.4726    0.1701    0.1120
    
2023011000
   0    1.0182 -999.9900    1.9604    1.9604    1.2392   -0.3106    1.3230    0.1985    0.1542
   0    0.9324 -999.9900    1.9050    1.9050    1.6770    0.0428    1.2664    0.1107    0.1436
   0    1.2696 -999.9900    2.4053    2.4053    1.2698   -0.4798    1.6033    0.2482    0.1549
   0    0.9954 -999.9900    2.0269    2.0269    1.7426   -0.1492    1.3469    0.1226    0.1300
    
2023011100
   0    1.2328 -999.9900    2.3975    2.3975    1.1676   -0.5327    1.5608    0.2601    0.1583
   0    0.9598 -999.9900    2.0146    2.0146    1.7627   -0.0936    1.3259    0.1304    0.1240
   0    1.4258 -999.9900    2.7047    2.7047    1.1868   -0.7206    1.7726    0.2937    0.1638
   0    1.0489 -999.9900    2.1984    2.1984    1.7619   -0.3475    1.4437    0.1615    0.1115
    
2023011200
   0    1.2515 -999.9900    2.4120    2.4120    1.0735   -0.4389    1.5617    0.2431    0.2191
   0    0.9311 -999.9900    1.9142    1.9142    1.7068   -0.2431    1.2878    0.1337    0.1362
   0    1.2644 -999.9900    2.4574    2.4574    1.1038   -0.7464    1.5675    0.2880    0.1604
   0    0.9747 -999.9900    2.0268    2.0268    1.6537   -0.4667    1.3466    0.1695    0.1156
    
2023011300
   0    1.2086 -999.9900    2.2652    2.2652    0.9928   -0.0539    1.5064    0.2097    0.2601
   0    0.9003 -999.9900    1.8220    1.8220    1.7310   -0.0700    1.2340    0.1093    0.1513
   0    1.1832 -999.9900    2.2388    2.2388    0.9998   -0.4411    1.4917    0.2715    0.1985
   0    0.9131 -999.9900    1.8670    1.8670    1.6619   -0.3126    1.2522    0.1426    0.1233
    
2023011400
   0    1.3271 -999.9900    2.6275    2.6275    0.9322    0.1184    1.6005    0.2120    0.2681
   0    0.9984 -999.9900    2.1628    2.1628    1.7110   -0.0099    1.3572    0.1330    0.1501
   0    1.4985 -999.9900    2.9242    2.9242    0.9209   -0.1991    1.7942    0.3087    0.2090
   0    1.1223 -999.9900    2.4393    2.4393    1.6365   -0.1746    1.5132    0.1867    0.1258
    
2023011500
   0    1.2200 -999.9900    2.3358    2.3358    1.0093   -0.1005    1.5169    0.2316    0.2659
   0    0.9788 -999.9900    1.9828    1.9828    1.6214   -0.2126    1.3362    0.1745    0.1749
   0    1.3091 -999.9900    2.4931    2.4931    1.0042   -0.4190    1.6120    0.3001    0.2014
   0    1.0127 -999.9900    2.0639    2.0639    1.6043   -0.3680    1.3688    0.2127    0.1412
    
2023011600
   0    1.0830 -999.9900    2.0268    2.0268    1.1444   -0.3843    1.3758    0.2485    0.1686
   0    0.9187 -999.9900    1.8191    1.8191    1.5704   -0.3439    1.2565    0.1687    0.1147
   0    1.1835 -999.9900    2.1544    2.1544    1.1403   -0.5041    1.4961    0.3019    0.1497
   0    0.9642 -999.9900    1.8875    1.8875    1.5733   -0.4237    1.3234    0.1919    0.1032
    
2023011700
   0    1.0503 -999.9900    1.9890    1.9890    1.0843   -0.4769    1.3527    0.2288    0.1646
   0    0.9156 -999.9900    1.8457    1.8457    1.6080   -0.2745    1.2622    0.1387    0.1167
   0    1.1974 -999.9900    2.2151    2.2151    1.1002   -0.5607    1.5110    0.2666    0.1588
   0    0.9682 -999.9900    1.9354    1.9354    1.6391   -0.3653    1.3196    0.1585    0.1110
    
2023011800
   0    1.1476 -999.9900    2.1463    2.1463    1.2021   -0.3288    1.4662    0.2248    0.2176
   0    0.9286 -999.9900    1.8355    1.8355    1.6100   -0.1044    1.2533    0.1282    0.1473
   0    1.2975 -999.9900    2.4110    2.4110    1.1652   -0.4969    1.6257    0.2846    0.1957
   0    1.0026 -999.9900    2.0088    2.0088    1.6233   -0.2501    1.3603    0.1557    0.1398
    
2023011900
   0    1.1852 -999.9900    2.3641    2.3641    1.2570   -0.2513    1.5063    0.1925    0.1928
   0    0.9733 -999.9900    2.0335    2.0335    1.7352    0.0454    1.3269    0.0971    0.1575
   0    1.2470 -999.9900    2.4130    2.4130    1.1176   -0.3877    1.5544    0.2377    0.1989
   0    0.9916 -999.9900    2.0560    2.0560    1.6995   -0.0957    1.3441    0.1187    0.1490
    
2023012000
   0    1.2161 -999.9900    2.2620    2.2620    1.1236   -0.1648    1.5254    0.2230    0.2579
   0    0.9680 -999.9900    1.9179    1.9179    1.7835    0.0978    1.3160    0.1038    0.1837
   0    1.2260 -999.9900    2.2606    2.2606    1.1108   -0.2229    1.5326    0.2513    0.2359
   0    0.9820 -999.9900    1.9503    1.9503    1.7194    0.0107    1.3343    0.1183    0.1739
    
2023012100
   0    1.2413 -999.9900    2.3263    2.3263    1.1037   -0.0881    1.5179    0.2205    0.2143
   0    0.9818 -999.9900    1.9774    1.9774    1.9266    0.1941    1.3312    0.0820    0.1348
   0    1.2696 -999.9900    2.2996    2.2996    1.0945   -0.4631    1.5656    0.2773    0.1726
   0    0.9906 -999.9900    1.9597    1.9597    1.8734   -0.0874    1.3472    0.1123    0.1196
    
2023012200
   1 -999.9900 -999.9900 -999.9900 -999.9900 -999.9900 -999.9900 -999.9900 -999.9900 -999.9900
   1 -999.9900 -999.9900 -999.9900 -999.9900 -999.9900 -999.9900 -999.9900 -999.9900 -999.9900
   1 -999.9900 -999.9900 -999.9900 -999.9900 -999.9900 -999.9900 -999.9900 -999.9900 -999.9900
   1 -999.9900 -999.9900 -999.9900 -999.9900 -999.9900 -999.9900 -999.9900 -999.9900 -999.9900
    
2023012300
   0    1.1751 -999.9900    2.2238    2.2238    1.2307   -0.0319    1.4954    0.1924    0.2685
   0    1.1751 -999.9900    2.2238    2.2238    1.2307   -0.0319    1.4954    0.1924    0.2685
   0    1.1140 -999.9900    2.1275    2.1275    1.2119   -0.1272    1.4270    0.2162    0.2304
   0    0.9660 -999.9900    1.9649    1.9649    1.7983   -0.0079    1.3239    0.1073    0.1547
    
2023012400
   0    1.1819 -999.9900    2.2205    2.2205    1.0847    0.2827    1.4713    0.1632    0.3207
   0    0.9744 -999.9900    2.0333    2.0333    1.8547    0.1168    1.3362    0.0957    0.1765
   0    1.0929 -999.9900    2.0501    2.0501    1.0890    0.1014    1.3907    0.1954    0.2883
   0    0.9497 -999.9900    1.9842    1.9842    1.7086    0.0411    1.3081    0.1039    0.1655
    
2023012500
   0    1.2472 -999.9900    2.2350    2.2350    1.0920    0.2618    1.5176    0.1772    0.3604
   0    0.9892 -999.9900    1.9964    1.9964    1.9389    0.0204    1.3315    0.0967    0.1905
   0    1.3586 -999.9900    2.5053    2.5053    1.0787   -0.0255    1.6688    0.2418    0.3112
   0    1.0674 -999.9900    2.1764    2.1764    1.8609   -0.1038    1.4490    0.1347    0.1839
    
2023012600
   0    1.0734 -999.9900    1.9648    1.9648    1.0920    0.3942    1.3501    0.1609    0.3602
   0    0.8193 -999.9900    1.6367    1.6367    1.8941   -0.0344    1.1084    0.0960    0.1406
   0    1.1447 -999.9900    2.1410    2.1410    1.1450    0.1275    1.4401    0.2050    0.2947
   0    0.8808 -999.9900    1.7822    1.7822    1.8350   -0.1088    1.1985    0.1237    0.1263
    
2023012700
   0    1.0259 -999.9900    1.9544    1.9544    1.1480    0.2352    1.3027    0.1544    0.2983
   0    0.8585 -999.9900    1.7856    1.7856    1.7252    0.0113    1.1747    0.1087    0.1379
   0    1.0252 -999.9900    1.9524    1.9524    1.1795   -0.0295    1.3245    0.2079    0.2416
   0    0.8708 -999.9900    1.7793    1.7793    1.6885   -0.1027    1.1965    0.1318    0.1261
    
2023012800
   1 -999.9900 -999.9900 -999.9900 -999.9900 -999.9900 -999.9900 -999.9900 -999.9900 -999.9900
   1 -999.9900 -999.9900 -999.9900 -999.9900 -999.9900 -999.9900 -999.9900 -999.9900 -999.9900
   1 -999.9900 -999.9900 -999.9900 -999.9900 -999.9900 -999.9900 -999.9900 -999.9900 -999.9900
   1 -999.9900 -999.9900 -999.9900 -999.9900 -999.9900 -999.9900 -999.9900 -999.9900 -999.9900
    
2023012900
   0    1.3222 -999.9900    2.5550    2.5550    1.2038    0.3874    1.6721    0.1720    0.3693
   0    1.0218 -999.9900    2.1036    2.1036    1.8435    0.0796    1.4094    0.1060    0.2141
   0    1.3147 -999.9900    2.5564    2.5564    1.1928    0.2620    1.6683    0.1777    0.3539
   0    1.0427 -999.9900    2.1638    2.1638    1.7717    0.1310    1.4402    0.1049    0.2284
    
2023013000
   0    1.1426 -999.9900    2.2654    2.2654    1.2312    0.2608    1.4678    0.1874    0.2656
   0    0.9415 -999.9900    1.9985    1.9985    1.8327   -0.1017    1.2920    0.1400    0.1357
   0    1.1111 -999.9900    2.2095    2.2095    1.2897   -0.0145    1.4555    0.2393    0.2193
   0    0.9461 -999.9900    2.0029    2.0029    1.7759   -0.1944    1.3048    0.1655    0.1146
    
2023013100
   0    0.8779 -999.9900    1.7536    1.7536    1.1998    0.1005    1.1537    0.1810    0.2145
   0    0.7926 -999.9900    1.6395    1.6395    1.6421    0.0101    1.0957    0.1150    0.1353
   0    0.9468 -999.9900    1.8837    1.8837    1.1870   -0.1592    1.2427    0.2672    0.1700
   0    0.8117 -999.9900    1.6716    1.6716    1.6430   -0.1278    1.1251    0.1558    0.1091
    
2023020100
   1 -999.9900 -999.9900 -999.9900 -999.9900 -999.9900 -999.9900 -999.9900 -999.9900 -999.9900
   1 -999.9900 -999.9900 -999.9900 -999.9900 -999.9900 -999.9900 -999.9900 -999.9900 -999.9900
   1 -999.9900 -999.9900 -999.9900 -999.9900 -999.9900 -999.9900 -999.9900 -999.9900 -999.9900
   1 -999.9900 -999.9900 -999.9900 -999.9900 -999.9900 -999.9900 -999.9900 -999.9900 -999.9900
    
2023020200
   1 -999.9900 -999.9900 -999.9900 -999.9900 -999.9900 -999.9900 -999.9900 -999.9900 -999.9900
   1 -999.9900 -999.9900 -999.9900 -999.9900 -999.9900 -999.9900 -999.9900 -999.9900 -999.9900
   0    1.0639 -999.9900    1.9911    1.9911    1.0372   -0.3606    1.3698    0.3054    0.1710
   0    0.9035 -999.9900    1.7930    1.7930    1.6036   -0.1250    1.2337    0.1863    0.1270
    
2023020300
   0    1.0681 -999.9900    1.9850    1.9850    0.9205   -0.0933    1.3474    0.2701    0.2303
   0    0.9023 -999.9900    1.8106    1.8106    1.5933   -0.0037    1.2470    0.1770    0.1311
   0    1.0547 -999.9900    2.0121    2.0121    0.9734   -0.1923    1.3400    0.2430    0.2108
   0    0.8823 -999.9900    1.7834    1.7834    1.6039   -0.0811    1.2162    0.1467    0.1228
    
2023020400
   0    1.1327 -999.9900    2.1511    2.1511    1.1067   -0.1672    1.4382    0.2314    0.1922
   0    0.9057 -999.9900    1.8486    1.8486    1.7108    0.0044    1.2575    0.1300    0.1297
   0    1.2165 -999.9900    2.2521    2.2521    1.0369   -0.2545    1.4980    0.2637    0.2020
   0    0.9369 -999.9900    1.9083    1.9083    1.6704   -0.0823    1.2981    0.1430    0.1339
    
2023020500
   0    1.2142 -999.9900    2.1759    2.1759    0.8986   -0.2215    1.4744    0.2496    0.2555
   0    0.9853 -999.9900    1.9955    1.9955    1.6943   -0.0494    1.3209    0.1309    0.1541
   0    1.3071 -999.9900    2.3536    2.3536    0.9050   -0.5384    1.5905    0.3089    0.2229
   0    1.0150 -999.9900    2.0387    2.0387    1.7153   -0.2741    1.3564    0.1588    0.1401
    
2023020600
   0    1.0163 -999.9900    1.8973    1.8973    0.9519    0.1238    1.2642    0.1991    0.2580
   0    0.8896 -999.9900    1.8118    1.8118    1.6907    0.2103    1.2154    0.0900    0.1665
   0    1.1412 -999.9900    2.0545    2.0545    0.9638   -0.1765    1.4190    0.2744    0.2256
   0    0.9030 -999.9900    1.7836    1.7836    1.7439    0.0129    1.2203    0.1207    0.1502
    
2023020700
   0    0.9220 -999.9900    1.7349    1.7349    1.1183    0.0216    1.2030    0.1901    0.2032
   0    0.8449 -999.9900    1.6680    1.6680    1.7091    0.2216    1.1724    0.1006    0.1483
   0    1.0382 -999.9900    1.9124    1.9124    1.1194   -0.2976    1.3321    0.2559    0.1753
   0    0.8599 -999.9900    1.6762    1.6762    1.7360   -0.0099    1.1587    0.1059    0.1294
    
2023020800
   0    0.9249 -999.9900    1.7507    1.7507    1.1585   -0.2064    1.2107    0.2244    0.1520
   0    0.8107 -999.9900    1.5858    1.5858    1.6417    0.0529    1.1262    0.1198    0.1099
   0    1.0623 -999.9900    1.9880    1.9880    1.1522   -0.2911    1.3661    0.2614    0.1544
   0    0.8607 -999.9900    1.7028    1.7028    1.6410   -0.0498    1.1862    0.1284    0.1109
    
2023020900
   0    0.9236 -999.9900    1.7635    1.7635    1.2198    0.3229    1.2103    0.1202    0.2415
   0    0.8339 -999.9900    1.6673    1.6673    1.6385    0.3398    1.1494    0.0636    0.1601
   0    0.9853 -999.9900    1.8832    1.8832    1.2099   -0.0708    1.2937    0.1852    0.1991
   0    0.8397 -999.9900    1.6748    1.6748    1.6607    0.1002    1.1537    0.0827    0.1363
    
2023021000
   1 -999.9900 -999.9900 -999.9900 -999.9900 -999.9900 -999.9900 -999.9900 -999.9900 -999.9900
   1 -999.9900 -999.9900 -999.9900 -999.9900 -999.9900 -999.9900 -999.9900 -999.9900 -999.9900
   1 -999.9900 -999.9900 -999.9900 -999.9900 -999.9900 -999.9900 -999.9900 -999.9900 -999.9900
   1 -999.9900 -999.9900 -999.9900 -999.9900 -999.9900 -999.9900 -999.9900 -999.9900 -999.9900
    
2023021100
   0    1.0421 -999.9900    1.9880    1.9880    1.0713   -0.3803    1.3062    0.2603    0.1798
   0    0.9281 -999.9900    1.9152    1.9152    1.5600   -0.2966    1.2535    0.1730    0.1178
   0    1.0823 -999.9900    2.0493    2.0493    1.0581   -0.3080    1.3523    0.2653    0.1916
   0    0.9534 -999.9900    1.9562    1.9562    1.4897   -0.2700    1.2873    0.1735    0.1254
    
2023021200
   1 -999.9900 -999.9900 -999.9900 -999.9900 -999.9900 -999.9900 -999.9900 -999.9900 -999.9900
   1 -999.9900 -999.9900 -999.9900 -999.9900 -999.9900 -999.9900 -999.9900 -999.9900 -999.9900
   1 -999.9900 -999.9900 -999.9900 -999.9900 -999.9900 -999.9900 -999.9900 -999.9900 -999.9900
   1 -999.9900 -999.9900 -999.9900 -999.9900 -999.9900 -999.9900 -999.9900 -999.9900 -999.9900
    
2023021300
   0    1.1244 -999.9900    1.9797    1.9797    1.1621   -0.0361    1.4653    0.2087    0.2424
   0    0.8602 -999.9900    1.6391    1.6391    1.7627    0.1683    1.1820    0.0721    0.1331
   0    1.1130 -999.9900    2.0179    2.0179    1.1367   -0.0398    1.4327    0.2284    0.2135
   0    0.8662 -999.9900    1.6691    1.6691    1.7245    0.1250    1.1973    0.0882    0.1228
    
2023021400
   0    1.1334 -999.9900    2.0774    2.0774    1.2464   -0.1610    1.4548    0.1994    0.1899
   0    0.9221 -999.9900    1.8037    1.8037    1.7341    0.0399    1.2561    0.1023    0.1203
   0    1.0946 -999.9900    1.9863    1.9863    1.2347   -0.0652    1.4003    0.2034    0.1960
   0    0.9267 -999.9900    1.7898    1.7898    1.6592    0.0569    1.2531    0.1122    0.1283
    
2023021500
   0    0.9865 -999.9900    1.7408    1.7408    0.9693   -0.2393    1.2597    0.2548    0.2002
   0    0.7898 -999.9900    1.4983    1.4983    1.5588   -0.1276    1.0744    0.1109    0.1165
   0    0.9481 -999.9900    1.6811    1.6811    0.9728   -0.2007    1.2045    0.2502    0.1973
   0    0.7927 -999.9900    1.5036    1.5036    1.4713   -0.1269    1.0687    0.1203    0.1273
    
2023021600
   0    1.0121 -999.9900    1.7806    1.7806    0.8850    0.0497    1.2672    0.2209    0.2809
   0    0.8593 -999.9900    1.6412    1.6412    1.3764    0.0945    1.1681    0.1174    0.1863
   0    0.9521 -999.9900    1.6852    1.6852    0.8515   -0.0698    1.2121    0.2502    0.2476
   0    0.8204 -999.9900    1.5689    1.5689    1.3337    0.0139    1.1271    0.1296    0.1640
    
2023021700
   0    1.0746 -999.9900    1.9201    1.9201    1.0495    0.4207    1.3577    0.1497    0.3640
   0    0.8920 -999.9900    1.7023    1.7023    1.5296    0.3521    1.2263    0.0752    0.2421
   0    1.0928 -999.9900    1.9471    1.9471    1.0396    0.2163    1.3876    0.1951    0.3187
   0    0.8899 -999.9900    1.6983    1.6983    1.5258    0.2432    1.2340    0.0906    0.2181
    
2023021800
   0    1.0828 -999.9900    1.9934    1.9934    1.1640    0.3221    1.3758    0.1523    0.3418
   0    0.9276 -999.9900    1.8044    1.8044    1.5910    0.3231    1.2625    0.0927    0.2390
   0    1.0559 -999.9900    1.9570    1.9570    1.1449    0.2124    1.3525    0.1923    0.3078
   0    0.9024 -999.9900    1.7505    1.7505    1.5918    0.2569    1.2437    0.1067    0.2190
    
2023021900
   0    1.0841 -999.9900    2.0707    2.0707    1.1779    0.1201    1.3818    0.2202    0.2927
   0    0.8984 -999.9900    1.8419    1.8419    1.6329    0.1261    1.2411    0.1401    0.1816
   0    0.9971 -999.9900    1.9339    1.9339    1.1841    0.1226    1.2972    0.2091    0.2715
   0    0.8611 -999.9900    1.7699    1.7699    1.5936    0.1264    1.2001    0.1338    0.1742
    
2023022000
   0    1.0321 -999.9900    1.8874    1.8874    1.0507    0.1685    1.3206    0.1898    0.3192
   0    0.8849 -999.9900    1.7233    1.7233    1.5641    0.1752    1.2112    0.1218    0.1962
   0    1.0768 -999.9900    1.9429    1.9429    1.0404    0.1905    1.3748    0.2152    0.3157
   0    0.9019 -999.9900    1.7432    1.7432    1.5351    0.1869    1.2197    0.1317    0.1977
    
2023022100
   0    1.0283 -999.9900    1.9132    1.9132    1.1018    0.1327    1.2996    0.2162    0.2898
   0    0.9205 -999.9900    1.8395    1.8395    1.5422    0.1449    1.2283    0.1488    0.1951
   0    1.0804 -999.9900    2.0307    2.0307    1.0940    0.0655    1.3693    0.2491    0.2706
   0    0.9472 -999.9900    1.8912    1.8912    1.5131    0.1020    1.2634    0.1577    0.1990
    
2023022200
   0    1.0861 -999.9900    2.0221    2.0221    0.9702   -0.0546    1.3771    0.2614    0.3263
   0    0.9117 -999.9900    1.8051    1.8051    1.5380    0.0028    1.2440    0.1693    0.1868
   0    1.1915 -999.9900    2.1987    2.1987    1.0026   -0.0898    1.5039    0.2852    0.3221
   0    0.9844 -999.9900    1.9371    1.9371    1.5010   -0.0297    1.3453    0.1988    0.1994
    
2023022300
   0    1.0806 -999.9900    2.0259    2.0259    1.0241   -0.2153    1.3743    0.2246    0.3162
   0    0.8481 -999.9900    1.6949    1.6949    1.5877    0.0103    1.1621    0.1244    0.1768
   0    1.0393 -999.9900    1.9209    1.9209    1.0168   -0.1047    1.3321    0.2284    0.3124
   0    0.8607 -999.9900    1.7086    1.7086    1.4754    0.0316    1.1845    0.1341    0.1895
    
2023022400
   0    1.2241 -999.9900    2.2716    2.2716    1.1156   -0.4650    1.5258    0.2766    0.2422
   0    0.9243 -999.9900    1.8336    1.8336    1.7474   -0.1404    1.2384    0.1417    0.1320
   0    1.1410 -999.9900    2.1769    2.1769    1.0864   -0.2521    1.4416    0.2372    0.2725
   0    0.9373 -999.9900    1.8917    1.8917    1.5975   -0.0775    1.2725    0.1407    0.1527
    
2023022500
   0    1.1203 -999.9900    2.0529    2.0529    1.0348   -0.4398    1.4323    0.3229    0.1873
   0    0.9051 -999.9900    1.7804    1.7804    1.6449   -0.1235    1.2435    0.1914    0.1191
   0    1.0854 -999.9900    2.0533    2.0533    1.0221   -0.2596    1.3937    0.2877    0.2053
   0    0.9156 -999.9900    1.8391    1.8391    1.5391   -0.0786    1.2612    0.1827    0.1338
    
2023022600
   0    1.1927 -999.9900    2.2393    2.2393    1.0312   -0.2225    1.5003    0.2629    0.2602
   0    0.9395 -999.9900    1.9048    1.9048    1.6590    0.0280    1.2832    0.1487    0.1674
   0    1.1700 -999.9900    2.1782    2.1782    1.0247   -0.1687    1.4862    0.2729    0.2644
   0    0.9439 -999.9900    1.8856    1.8856    1.6150    0.0102    1.2959    0.1648    0.1753
    
2023022700
   0    1.1551 -999.9900    2.0865    2.0865    1.1172   -0.2990    1.4733    0.2308    0.2810
   0    0.9855 -999.9900    1.9053    1.9053    1.7012    0.0193    1.3501    0.1453    0.1875
   0    1.2006 -999.9900    2.1419    2.1419    1.1190   -0.2108    1.5222    0.2350    0.3018
   0    1.0024 -999.9900    1.9212    1.9212    1.6748    0.0086    1.3626    0.1456    0.2016
    
2023022800
   0    1.0716 -999.9900    1.8724    1.8724    0.9431    0.0507    1.3562    0.2145    0.3245
   0    0.8937 -999.9900    1.6960    1.6960    1.5891    0.3058    1.1989    0.0988    0.2324
   0    1.1106 -999.9900    1.9384    1.9384    0.9482    0.0252    1.3993    0.2128    0.3181
   0    0.9153 -999.9900    1.7171    1.7171    1.5555    0.2394    1.2321    0.0995    0.2383
    
2023030100
   0    0.9830 -999.9900    1.7596    1.7596    1.0040    0.1378    1.2620    0.2200    0.2890
   0    0.9114 -999.9900    1.7788    1.7788    1.4672    0.4925    1.2446    0.0995    0.2508
   0    1.0089 -999.9900    1.7757    1.7757    1.0613    0.2270    1.2894    0.1844    0.3084
   0    0.9059 -999.9900    1.7227    1.7227    1.4999    0.4809    1.2299    0.0875    0.2535
    
2023030200
   0    0.9174 -999.9900    1.7095    1.7095    0.8903    0.1837    1.1687    0.2225    0.2468
   0    0.8820 -999.9900    1.7710    1.7710    1.3660    0.4377    1.2028    0.1452    0.1929
   0    0.9239 -999.9900    1.6557    1.6557    0.8951    0.1647    1.1933    0.2784    0.2366
   0    0.8670 -999.9900    1.6977    1.6977    1.3302    0.3755    1.1859    0.1712    0.1853
    
2023030300
   0    1.0281 -999.9900    1.8363    1.8363    0.9635   -0.2053    1.3191    0.3328    0.1696
   0    0.9367 -999.9900    1.8029    1.8029    1.3840    0.1467    1.2840    0.2202    0.1411
   0    1.0812 -999.9900    1.8662    1.8662    0.9855   -0.0782    1.3862    0.3470    0.1884
   0    0.9711 -999.9900    1.8176    1.8176    1.3380    0.1526    1.3239    0.2385    0.1548
    
2023030400
   1 -999.9900 -999.9900 -999.9900 -999.9900 -999.9900 -999.9900 -999.9900 -999.9900 -999.9900
   1 -999.9900 -999.9900 -999.9900 -999.9900 -999.9900 -999.9900 -999.9900 -999.9900 -999.9900
   1 -999.9900 -999.9900 -999.9900 -999.9900 -999.9900 -999.9900 -999.9900 -999.9900 -999.9900
   1 -999.9900 -999.9900 -999.9900 -999.9900 -999.9900 -999.9900 -999.9900 -999.9900 -999.9900
    
2023030500
   0    1.0788 -999.9900    1.9162    1.9162    1.1037   -0.2011    1.3699    0.2739    0.2871
   0    0.8526 -999.9900    1.6652    1.6652    1.5784   -0.0368    1.1634    0.1218    0.1647
   0    0.9350 -999.9900    1.7233    1.7233    1.1705    0.0398    1.2036    0.1964    0.2748
   0    0.8320 -999.9900    1.5966    1.5966    1.5232    0.0749    1.1269    0.1116    0.1895
    
2023030600
   0    1.1840 -999.9900    2.2103    2.2103    1.1269   -0.1827    1.5050    0.3067    0.2400
   0    0.9582 -999.9900    1.8604    1.8604    1.6390   -0.0550    1.3091    0.1779    0.1580
   0    1.0807 -999.9900    2.0089    2.0089    1.1029    0.0035    1.3746    0.2375    0.2731
   0    0.9319 -999.9900    1.8160    1.8160    1.5232    0.0311    1.2691    0.1512    0.1809
    
2023030700
   0    1.1270 -999.9900    2.0871    2.0871    1.0660   -0.1415    1.4303    0.3102    0.2665
   0    0.9668 -999.9900    1.9692    1.9692    1.4465   -0.0147    1.3251    0.1800    0.1691
   0    1.0102 -999.9900    1.8576    1.8576    1.0369   -0.0987    1.2831    0.2598    0.2705
   0    0.8922 -999.9900    1.7927    1.7927    1.4483   -0.0144    1.2206    0.1646    0.1678
    
2023030800
   0    1.0899 -999.9900    2.1551    2.1551    1.1842   -0.0854    1.4180    0.3034    0.2629
   0    0.9328 -999.9900    1.9970    1.9970    1.4338   -0.1128    1.2878    0.2174    0.1452
   0    1.0089 -999.9900    1.9428    1.9428    1.1764   -0.0564    1.3118    0.2558    0.2698
   0    0.8779 -999.9900    1.8479    1.8479    1.4531   -0.0900    1.2173    0.1819    0.1481
    
2023030900
   0    0.9879 -999.9900    1.8342    1.8342    1.3245   -0.0350    1.2805    0.2226    0.2300
   0    0.8021 -999.9900    1.5807    1.5807    1.5326   -0.0873    1.1034    0.1526    0.1108
   0    0.9178 -999.9900    1.6764    1.6764    1.3890    0.0169    1.1754    0.1860    0.2536
   0    0.7643 -999.9900    1.4814    1.4814    1.5786   -0.0458    1.0312    0.1267    0.1156
    
2023031000
   0    1.0738 -999.9900    1.9672    1.9672    0.9429    0.0985    1.3497    0.2509    0.2987
   0    0.8958 -999.9900    1.7976    1.7976    1.3761    0.0778    1.2074    0.1735    0.1338
   0    1.0591 -999.9900    1.9565    1.9565    0.9805    0.1244    1.3434    0.2344    0.2975
   0    0.8959 -999.9900    1.7966    1.7966    1.3580    0.0975    1.2086    0.1685    0.1449
    
2023031100
   0    0.9656 -999.9900    1.7384    1.7384    0.8808   -0.3245    1.2020    0.3360    0.1967
   0    0.8170 -999.9900    1.5875    1.5875    1.4381   -0.1629    1.0935    0.1979    0.1083
   0    0.9014 -999.9900    1.6337    1.6337    0.8546   -0.1083    1.1362    0.2884    0.2370
   0    0.7878 -999.9900    1.5322    1.5322    1.3612   -0.0656    1.0647    0.1941    0.1240
    
2023031200
   0    0.9525 -999.9900    1.7663    1.7663    0.9288   -0.4193    1.2023    0.3303    0.1807
   0    0.8275 -999.9900    1.6447    1.6447    1.4150   -0.1575    1.1089    0.2104    0.1171
   0    0.9202 -999.9900    1.6677    1.6677    0.8557   -0.2214    1.1507    0.3001    0.2406
   0    0.7892 -999.9900    1.5575    1.5575    1.3657   -0.0911    1.0671    0.1951    0.1264
    
2023031300
   0    1.0922 -999.9900    1.9831    1.9831    0.7877   -0.5395    1.3298    0.3542    0.2170
   0    0.8386 -999.9900    1.7071    1.7071    1.4269   -0.2567    1.1483    0.1866    0.1312
   0    1.0124 -999.9900    1.8509    1.8509    0.8053   -0.3321    1.2487    0.2837    0.2541
   0    0.8173 -999.9900    1.6545    1.6545    1.3618   -0.1889    1.1154    0.1677    0.1539
    
2023031400
   0    0.9675 -999.9900    1.6968    1.6968    0.7440   -0.3834    1.1996    0.3218    0.2046
   0    0.7287 -999.9900    1.3941    1.3941    1.3504   -0.0919    0.9939    0.1551    0.1209
   0    0.8819 -999.9900    1.5921    1.5921    0.7508   -0.1347    1.0993    0.2528    0.2381
   0    0.7162 -999.9900    1.3951    1.3951    1.2489   -0.0009    0.9752    0.1332    0.1425
    
2023031500
   0    0.9514 -999.9900    1.6206    1.6206    0.7463   -0.4091    1.1845    0.3608    0.1860
   0    0.7803 -999.9900    1.4663    1.4663    1.2797   -0.1175    1.0661    0.2029    0.1137
   0    0.8766 -999.9900    1.5264    1.5264    0.7497   -0.0442    1.0953    0.2407    0.2393
   0    0.7529 -999.9900    1.4335    1.4335    1.2019    0.0431    1.0287    0.1514    0.1421
    
2023031600
   0    0.9961 -999.9900    1.7048    1.7048    0.8938   -0.2261    1.2712    0.2505    0.2372
   0    0.8379 -999.9900    1.5569    1.5569    1.3860   -0.0742    1.1397    0.1445    0.1511
   0    0.9495 -999.9900    1.6687    1.6687    0.8832    0.0974    1.1936    0.1830    0.2743
   0    0.8125 -999.9900    1.5338    1.5338    1.3375    0.0894    1.1051    0.1073    0.1687
    
2023031700
   0    0.9602 -999.9900    1.6350    1.6350    0.8799   -0.2730    1.2174    0.2981    0.2298
   0    0.7749 -999.9900    1.4433    1.4433    1.3057   -0.1785    1.0533    0.1686    0.1394
   0    0.9554 -999.9900    1.6579    1.6579    0.8747   -0.0833    1.2030    0.2494    0.2598
   0    0.7758 -999.9900    1.4514    1.4514    1.2895   -0.0835    1.0553    0.1594    0.1530
    
2023031800
   0    1.0429 -999.9900    1.8569    1.8569    0.9438   -0.3199    1.2755    0.3052    0.1877
   0    0.8442 -999.9900    1.6468    1.6468    1.3367   -0.2817    1.1466    0.1948    0.1106
   0    1.0483 -999.9900    1.8631    1.8631    0.9230   -0.2449    1.2905    0.2986    0.1995
   0    0.8499 -999.9900    1.6547    1.6547    1.3155   -0.2441    1.1475    0.1937    0.1178
    
2023031900
   0    0.9827 -999.9900    1.8250    1.8250    0.9687   -0.4378    1.2358    0.3007    0.1448
   0    0.7915 -999.9900    1.5808    1.5808    1.4820   -0.3462    1.0671    0.1815    0.0731
   0    0.9350 -999.9900    1.7691    1.7691    0.9445   -0.3208    1.1764    0.2726    0.1411
   0    0.7732 -999.9900    1.5603    1.5603    1.4269   -0.2943    1.0495    0.1696    0.0742
    
2023032000
   0    0.9901 -999.9900    1.8092    1.8092    0.8977   -0.1887    1.2530    0.2612    0.2332
   0    0.9240 -999.9900    1.8511    1.8511    1.5174    0.0637    1.2539    0.1453    0.1677
   0    0.9455 -999.9900    1.7285    1.7285    0.8898   -0.1574    1.2028    0.2663    0.2275
   0    0.8942 -999.9900    1.7751    1.7751    1.4405    0.0320    1.2126    0.1545    0.1684
    
2023032100
   0    0.9170 -999.9900    1.6602    1.6602    0.8698   -0.1163    1.1720    0.2478    0.2474
   0    0.8900 -999.9900    1.7649    1.7649    1.4072    0.2841    1.2096    0.1263    0.2224
   0    0.9022 -999.9900    1.6535    1.6535    0.8832   -0.0996    1.1614    0.2537    0.2448
   0    0.8778 -999.9900    1.7375    1.7375    1.3293    0.2140    1.1947    0.1450    0.2153
    
2023032200
   0    0.8887 -999.9900    1.6787    1.6787    0.8897    0.0028    1.1168    0.2059    0.2657
   0    0.8100 -999.9900    1.6438    1.6438    1.4430    0.4332    1.1124    0.0945    0.2131
   0    0.8495 -999.9900    1.6104    1.6104    0.8899    0.1030    1.0838    0.1948    0.2597
   0    0.8038 -999.9900    1.6203    1.6203    1.3397    0.4072    1.0977    0.1056    0.2153
    
2023032300
   0    0.8633 -999.9900    1.5737    1.5737    0.9371   -0.4310    1.1125    0.2899    0.1640
   0    0.7235 -999.9900    1.4225    1.4225    1.4970    0.0536    0.9943    0.1194    0.1391
   0    0.8634 -999.9900    1.5658    1.5658    0.9137   -0.3273    1.1145    0.2795    0.1889
   0    0.7404 -999.9900    1.4373    1.4373    1.4077    0.0189    1.0172    0.1361    0.1453
    
2023032400
   0    0.8816 -999.9900    1.5819    1.5819    0.8420   -0.0589    1.1124    0.2302    0.2522
   0    0.7599 -999.9900    1.4960    1.4960    1.3232    0.2026    1.0192    0.1216    0.1782
   0    0.9040 -999.9900    1.5988    1.5988    0.8633    0.0433    1.1531    0.2227    0.2799
   0    0.7891 -999.9900    1.5254    1.5254    1.2513    0.2115    1.0674    0.1282    0.2038
    
2023032500
   0    0.9595 -999.9900    1.7380    1.7380    0.9115   -0.1189    1.2061    0.2407    0.3343
   0    0.7754 -999.9900    1.5353    1.5353    1.3571    0.0827    1.0486    0.1484    0.2135
   0    0.9310 -999.9900    1.7440    1.7440    0.9251   -0.0208    1.1759    0.2181    0.3196
   0    0.7813 -999.9900    1.5674    1.5674    1.3068    0.1011    1.0586    0.1419    0.2162
    
2023032600
   0    0.9890 -999.9900    1.8065    1.8065    0.8694   -0.1326    1.2354    0.2313    0.3447
   0    0.7554 -999.9900    1.5035    1.5035    1.2941    0.0554    1.0287    0.1294    0.2143
   0    0.9390 -999.9900    1.7002    1.7002    0.8904    0.0285    1.1856    0.2034    0.3397
   0    0.7584 -999.9900    1.4912    1.4912    1.2384    0.1145    1.0345    0.1299    0.2270
    
2023032700
   0    0.8242 -999.9900    1.4257    1.4257    0.7338    0.0224    1.0527    0.2274    0.3116
   0    0.6939 -999.9900    1.3156    1.3156    1.1204    0.0968    0.9451    0.1508    0.1863
   0    0.8375 -999.9900    1.4539    1.4539    0.7386    0.2392    1.0632    0.1726    0.3563
   0    0.6952 -999.9900    1.3244    1.3244    1.1003    0.2119    0.9547    0.1238    0.2068
    
2023032800
   0    0.8317 -999.9900    1.5299    1.5299    0.7960   -0.1088    1.0477    0.2654    0.2486
   0    0.7132 -999.9900    1.4156    1.4156    1.2320   -0.1273    0.9657    0.1773    0.1369
   0    0.8401 -999.9900    1.5227    1.5227    0.7763    0.0160    1.0577    0.2654    0.2699
   0    0.6953 -999.9900    1.3723    1.3723    1.2275   -0.0487    0.9429    0.1793    0.1383
    
2023032900
   0    0.7309 -999.9900    1.3987    1.3987    0.7310   -0.0649    0.9249    0.2785    0.2561
   0    0.6702 -999.9900    1.3868    1.3868    1.0982   -0.0809    0.9041    0.1949    0.1393
   0    0.7403 -999.9900    1.3992    1.3992    0.7418   -0.0026    0.9446    0.2885    0.2437
   0    0.6508 -999.9900    1.3341    1.3341    1.1139   -0.0403    0.8784    0.1958    0.1356
    
2023033000
   0    0.7908 -999.9900    1.4694    1.4694    0.6737   -0.1429    0.9931    0.2540    0.3005
   0    0.6729 -999.9900    1.3334    1.3334    1.0627   -0.1408    0.9124    0.1816    0.1629
   0    0.7879 -999.9900    1.4557    1.4557    0.6869    0.0097    0.9956    0.2366    0.3307
   0    0.6598 -999.9900    1.3075    1.3075    1.0629   -0.0496    0.8983    0.1694    0.1759
    
2023033100
   0    0.8442 -999.9900    1.5100    1.5100    0.6301   -0.2235    1.0474    0.3009    0.2530
   0    0.6653 -999.9900    1.3125    1.3125    1.0863   -0.0209    0.9038    0.1749    0.1634
   0    0.7936 -999.9900    1.4268    1.4268    0.6350   -0.0550    0.9923    0.2532    0.2706
   0    0.6581 -999.9900    1.2946    1.2946    1.0219    0.0397    0.8936    0.1667    0.1739
    
2023040100
    
