2023010700
   1 -999.9900 -999.9900 -999.9900 -999.9900 -999.9900 -999.9900 -999.9900 -999.9900 -999.9900
   1 -999.9900 -999.9900 -999.9900 -999.9900 -999.9900 -999.9900 -999.9900 -999.9900 -999.9900
   1 -999.9900 -999.9900 -999.9900 -999.9900 -999.9900 -999.9900 -999.9900 -999.9900 -999.9900
   1 -999.9900 -999.9900 -999.9900 -999.9900 -999.9900 -999.9900 -999.9900 -999.9900 -999.9900
    
2023010800
   0    0.8627 -999.9900    1.4641    1.4641    0.7555   -0.0706    1.0778    0.2933    0.2541
   0    0.7780 -999.9900    1.3772    1.3772    0.9172   -0.1121    1.0135    0.2334    0.1868
   0    0.8619 -999.9900    1.4648    1.4648    0.7520   -0.0817    1.0785    0.2976    0.2499
   0    0.7932 -999.9900    1.4221    1.4221    0.9054   -0.1241    1.0298    0.2378    0.1931
    
2023010900
   0    0.9220 -999.9900    1.5889    1.5889    0.8497   -0.0283    1.1603    0.2831    0.2544
   0    0.8364 -999.9900    1.5052    1.5052    1.0196   -0.1773    1.0968    0.2474    0.1735
   0    0.9177 -999.9900    1.5816    1.5816    0.8758   -0.0330    1.1565    0.2817    0.2519
   0    0.8683 -999.9900    1.5874    1.5874    1.0228   -0.1603    1.1292    0.2369    0.1859
    
2023011000
   0    0.9665 -999.9900    1.7042    1.7042    1.0850   -0.1119    1.2224    0.3057    0.2363
   0    0.8679 -999.9900    1.5755    1.5755    1.2575   -0.2421    1.1379    0.2675    0.1512
   0    0.9642 -999.9900    1.7081    1.7081    1.1129   -0.1082    1.2217    0.3002    0.2318
   0    0.8712 -999.9900    1.5871    1.5871    1.2617   -0.2138    1.1438    0.2635    0.1557
    
2023011100
   0    0.9205 -999.9900    1.6859    1.6859    0.9903    0.0168    1.1814    0.2603    0.2520
   0    0.8408 -999.9900    1.5809    1.5809    1.1086   -0.1045    1.1109    0.2283    0.1749
   0    0.9091 -999.9900    1.6709    1.6709    0.9940    0.0122    1.1708    0.2559    0.2456
   0    0.8347 -999.9900    1.5746    1.5746    1.1145   -0.0830    1.1036    0.2232    0.1749
    
2023011200
   0    0.8707 -999.9900    1.5099    1.5099    0.8191   -0.0971    1.0963    0.3057    0.2405
   0    0.8026 -999.9900    1.4415    1.4415    0.9900   -0.1751    1.0514    0.2518    0.1739
   0    0.8673 -999.9900    1.5051    1.5051    0.8406   -0.1020    1.0931    0.3025    0.2368
   0    0.8030 -999.9900    1.4406    1.4406    0.9864   -0.1624    1.0504    0.2522    0.1770
    
2023011300
   0    0.9693 -999.9900    1.6262    1.6262    0.7970    0.0082    1.1958    0.2899    0.2937
   0    0.8837 -999.9900    1.5468    1.5468    0.9672    0.0136    1.1434    0.2331    0.2304
   0    0.9687 -999.9900    1.6305    1.6305    0.8076   -0.0016    1.1986    0.2885    0.2892
   0    0.8866 -999.9900    1.5524    1.5524    0.9626    0.0066    1.1457    0.2354    0.2312
    
2023011400
   0    0.9451 -999.9900    1.6734    1.6734    0.8978    0.0192    1.1955    0.2697    0.2677
   0    0.8657 -999.9900    1.5718    1.5718    1.0327    0.0632    1.1320    0.2133    0.2247
   0    0.9370 -999.9900    1.6639    1.6639    0.8819    0.0232    1.1852    0.2688    0.2685
   0    0.8634 -999.9900    1.5723    1.5723    1.0213    0.0568    1.1280    0.2147    0.2252
    
2023011500
   0    1.0259 -999.9900    1.8238    1.8238    1.0579   -0.0699    1.3026    0.3031    0.2775
   0    0.9097 -999.9900    1.6542    1.6542    1.2257   -0.1811    1.2006    0.2536    0.1916
   0    1.0242 -999.9900    1.8231    1.8231    1.0486   -0.0780    1.3022    0.3021    0.2780
   0    0.9143 -999.9900    1.6660    1.6660    1.2214   -0.1637    1.2078    0.2535    0.1986
    
2023011600
   0    1.0641 -999.9900    1.9967    1.9967    1.0646    0.0915    1.3482    0.2738    0.2854
   0    0.8926 -999.9900    1.6623    1.6623    1.3962   -0.1003    1.1857    0.2230    0.1839
   0    1.0575 -999.9900    1.9829    1.9829    1.0427    0.0865    1.3385    0.2774    0.2854
   0    0.9001 -999.9900    1.6924    1.6924    1.3671   -0.0649    1.1973    0.2260    0.1909
    
2023011700
   0    0.9159 -999.9900    1.6311    1.6311    0.9299    0.0855    1.1569    0.2541    0.2876
   0    0.8150 -999.9900    1.5136    1.5136    1.1122   -0.0248    1.0793    0.2036    0.1942
   0    0.9177 -999.9900    1.6440    1.6440    0.9469    0.1085    1.1658    0.2437    0.2849
   0    0.8195 -999.9900    1.5246    1.5246    1.1167    0.0111    1.0868    0.2002    0.2004
    
2023011800
   0    0.9164 -999.9900    1.6192    1.6192    0.7703    0.1727    1.1415    0.2509    0.3205
   0    0.8044 -999.9900    1.4881    1.4881    1.0454   -0.0264    1.0529    0.2089    0.2031
   0    0.9099 -999.9900    1.6093    1.6093    0.7621    0.1728    1.1346    0.2499    0.3180
   0    0.8043 -999.9900    1.4850    1.4850    1.0278    0.0135    1.0502    0.2083    0.2119
    
2023011900
   0    0.9493 -999.9900    1.6225    1.6225    0.7318    0.0155    1.1748    0.2849    0.2916
   0    0.8648 -999.9900    1.5569    1.5569    0.9912   -0.1149    1.1315    0.2373    0.1899
   0    0.9412 -999.9900    1.6180    1.6180    0.7419    0.0043    1.1695    0.2850    0.2832
   0    0.8612 -999.9900    1.5510    1.5510    0.9761   -0.0955    1.1247    0.2381    0.1948
    
2023012000
   0    0.9379 -999.9900    1.5527    1.5527    0.7364    0.0967    1.1624    0.2750    0.3154
   0    0.8331 -999.9900    1.4527    1.4527    0.9684   -0.0282    1.0838    0.2254    0.2068
   0    0.9367 -999.9900    1.5499    1.5499    0.7215    0.1009    1.1605    0.2763    0.3181
   0    0.8370 -999.9900    1.4564    1.4564    0.9431   -0.0007    1.0876    0.2274    0.2182
    
2023012100
   1 -999.9900 -999.9900 -999.9900 -999.9900 -999.9900 -999.9900 -999.9900 -999.9900 -999.9900
   1 -999.9900 -999.9900 -999.9900 -999.9900 -999.9900 -999.9900 -999.9900 -999.9900 -999.9900
   1 -999.9900 -999.9900 -999.9900 -999.9900 -999.9900 -999.9900 -999.9900 -999.9900 -999.9900
   1 -999.9900 -999.9900 -999.9900 -999.9900 -999.9900 -999.9900 -999.9900 -999.9900 -999.9900
    
2023012200
   0    0.9332 -999.9900    1.5524    1.5524    0.7921   -0.1804    1.1505    0.3408    0.2512
   0    0.9332 -999.9900    1.5524    1.5524    0.7921   -0.1804    1.1505    0.3408    0.2512
   0    0.9253 -999.9900    1.5454    1.5454    0.7949   -0.1825    1.1453    0.3380    0.2444
   0    0.8647 -999.9900    1.5045    1.5045    0.9813   -0.2289    1.1178    0.2840    0.1776
    
2023012300
   0    0.9094 -999.9900    1.5441    1.5441    0.7884    0.1192    1.1437    0.2580    0.3038
   0    0.8271 -999.9900    1.4592    1.4592    1.0020    0.0371    1.0838    0.2101    0.2216
   0    0.9012 -999.9900    1.5362    1.5362    0.8050    0.1187    1.1365    0.2502    0.2982
   0    0.8257 -999.9900    1.4570    1.4570    0.9926    0.0532    1.0813    0.2066    0.2267
    
2023012400
   0    1.0559 -999.9900    1.8494    1.8494    0.8673    0.0204    1.3096    0.2858    0.2983
   0    0.9669 -999.9900    1.7634    1.7634    1.1589   -0.0777    1.2595    0.2364    0.2109
   0    1.0594 -999.9900    1.8535    1.8535    0.8690    0.0216    1.3156    0.2836    0.2992
   0    0.9676 -999.9900    1.7601    1.7601    1.1440   -0.0574    1.2562    0.2362    0.2176
    
2023012500
   0    0.9624 -999.9900    1.6454    1.6454    0.7461   -0.0914    1.1988    0.3244    0.2623
   0    0.8477 -999.9900    1.5258    1.5258    0.9933   -0.1213    1.1119    0.2528    0.1817
   0    0.9617 -999.9900    1.6484    1.6484    0.7407   -0.0910    1.1980    0.3227    0.2622
   0    0.8525 -999.9900    1.5342    1.5342    0.9754   -0.1150    1.1155    0.2549    0.1874
    
2023012600
   0    0.9611 -999.9900    1.6159    1.6159    0.6899    0.1572    1.1902    0.2589    0.3415
   0    0.8408 -999.9900    1.4902    1.4902    0.9393    0.1112    1.1011    0.1993    0.2426
   0    0.9611 -999.9900    1.6139    1.6139    0.6740    0.1503    1.1880    0.2639    0.3411
   0    0.8474 -999.9900    1.4995    1.4995    0.9132    0.1163    1.1070    0.2047    0.2495
    
2023012700
   1 -999.9900 -999.9900 -999.9900 -999.9900 -999.9900 -999.9900 -999.9900 -999.9900 -999.9900
   1 -999.9900 -999.9900 -999.9900 -999.9900 -999.9900 -999.9900 -999.9900 -999.9900 -999.9900
   1 -999.9900 -999.9900 -999.9900 -999.9900 -999.9900 -999.9900 -999.9900 -999.9900 -999.9900
   1 -999.9900 -999.9900 -999.9900 -999.9900 -999.9900 -999.9900 -999.9900 -999.9900 -999.9900
    
2023012800
   0    1.0138 -999.9900    1.7523    1.7523    0.7805    0.0492    1.2474    0.2760    0.2909
   0    0.9114 -999.9900    1.6550    1.6550    1.0300   -0.0869    1.1754    0.2263    0.1871
   0    1.0163 -999.9900    1.7529    1.7529    0.7628    0.0556    1.2486    0.2771    0.2945
   0    0.9134 -999.9900    1.6575    1.6575    1.0065   -0.0558    1.1751    0.2252    0.1968
    
2023012900
   0    1.0993 -999.9900    1.8728    1.8728    0.8154    0.1321    1.3365    0.2810    0.3165
   0    0.9912 -999.9900    1.8090    1.8090    1.0754    0.0836    1.2796    0.2177    0.2274
   0    1.1028 -999.9900    1.8802    1.8802    0.8097    0.1401    1.3390    0.2838    0.3196
   0    0.9948 -999.9900    1.8068    1.8068    1.0602    0.0981    1.2797    0.2217    0.2374
    
2023013000
   0    0.9985 -999.9900    1.6815    1.6815    0.7098    0.0826    1.2262    0.3015    0.3077
   0    0.8894 -999.9900    1.6035    1.6035    1.0579   -0.0299    1.1622    0.2295    0.1869
   0    1.0007 -999.9900    1.6887    1.6887    0.7098    0.0947    1.2306    0.2997    0.3093
   0    0.8915 -999.9900    1.6004    1.6004    1.0349   -0.0002    1.1612    0.2324    0.1973
    
2023013100
   1 -999.9900 -999.9900 -999.9900 -999.9900 -999.9900 -999.9900 -999.9900 -999.9900 -999.9900
   1 -999.9900 -999.9900 -999.9900 -999.9900 -999.9900 -999.9900 -999.9900 -999.9900 -999.9900
   1 -999.9900 -999.9900 -999.9900 -999.9900 -999.9900 -999.9900 -999.9900 -999.9900 -999.9900
   1 -999.9900 -999.9900 -999.9900 -999.9900 -999.9900 -999.9900 -999.9900 -999.9900 -999.9900
    
2023020100
   1 -999.9900 -999.9900 -999.9900 -999.9900 -999.9900 -999.9900 -999.9900 -999.9900 -999.9900
   1 -999.9900 -999.9900 -999.9900 -999.9900 -999.9900 -999.9900 -999.9900 -999.9900 -999.9900
   1 -999.9900 -999.9900 -999.9900 -999.9900 -999.9900 -999.9900 -999.9900 -999.9900 -999.9900
   0    0.9075 -999.9900    1.6219    1.6219    1.0448   -0.2595    1.1816    0.2895    0.1679
    
2023020200
   0    0.9099 -999.9900    1.5534    1.5534    0.7509   -0.1606    1.1310    0.3189    0.2573
   0    0.8022 -999.9900    1.4398    1.4398    1.0102   -0.2107    1.0395    0.2450    0.1638
   0    0.9101 -999.9900    1.5537    1.5537    0.7742   -0.1698    1.1318    0.3180    0.2558
   0    0.8072 -999.9900    1.4467    1.4467    0.9991   -0.2062    1.0461    0.2485    0.1695
    
2023020300
   0    1.0113 -999.9900    1.7532    1.7532    0.8380   -0.0582    1.2484    0.2962    0.2923
   0    0.8967 -999.9900    1.6011    1.6011    1.1458   -0.0547    1.1730    0.2236    0.2044
   0    1.0076 -999.9900    1.7470    1.7470    0.8260   -0.0561    1.2426    0.2950    0.2924
   0    0.8971 -999.9900    1.6056    1.6056    1.1192   -0.0541    1.1697    0.2274    0.2091
    
2023020400
   0    1.1209 -999.9900    1.9451    1.9451    0.9997   -0.3904    1.3973    0.3691    0.2253
   0    1.0166 -999.9900    1.8192    1.8192    1.1901   -0.3369    1.3234    0.2865    0.1722
   0    1.1193 -999.9900    1.9605    1.9605    1.0226   -0.4052    1.4042    0.3622    0.2214
   0    1.0194 -999.9900    1.8331    1.8331    1.2002   -0.3565    1.3278    0.2870    0.1725
    
2023020500
   0    1.0411 -999.9900    1.7405    1.7405    0.9848   -0.2200    1.3094    0.3412    0.2410
   0    0.9244 -999.9900    1.6157    1.6157    1.1369   -0.2708    1.2102    0.2929    0.1628
   0    1.0440 -999.9900    1.7478    1.7478    0.9641   -0.2233    1.3125    0.3449    0.2401
   0    0.9330 -999.9900    1.6301    1.6301    1.1208   -0.2626    1.2204    0.2965    0.1691
    
2023020600
   0    1.0711 -999.9900    1.8386    1.8386    0.8364    0.0315    1.3249    0.3075    0.2869
   0    0.9543 -999.9900    1.7293    1.7293    1.1206   -0.1679    1.2403    0.2657    0.1782
   0    1.0742 -999.9900    1.8411    1.8411    0.8243    0.0127    1.3295    0.3092    0.2843
   0    0.9595 -999.9900    1.7351    1.7351    1.0931   -0.1393    1.2456    0.2658    0.1858
    
2023020700
   0    1.1024 -999.9900    1.8804    1.8804    0.8662   -0.0302    1.3599    0.3237    0.2918
   0    0.9927 -999.9900    1.7705    1.7705    1.1651   -0.1619    1.2876    0.2662    0.2001
   0    1.1046 -999.9900    1.8921    1.8921    0.8744   -0.0090    1.3633    0.3226    0.2951
   0    0.9937 -999.9900    1.7648    1.7648    1.1446   -0.1225    1.2879    0.2683    0.2106
    
2023020800
   0    0.9628 -999.9900    1.6552    1.6552    0.8919   -0.0360    1.2199    0.2745    0.2564
   0    0.8925 -999.9900    1.5980    1.5980    1.1182   -0.0896    1.1742    0.2215    0.1795
   0    0.9594 -999.9900    1.6548    1.6548    0.9011   -0.0293    1.2179    0.2716    0.2535
   0    0.8886 -999.9900    1.5907    1.5907    1.1083   -0.0749    1.1681    0.2210    0.1814
    
2023020900
   1 -999.9900 -999.9900 -999.9900 -999.9900 -999.9900 -999.9900 -999.9900 -999.9900 -999.9900
   1 -999.9900 -999.9900 -999.9900 -999.9900 -999.9900 -999.9900 -999.9900 -999.9900 -999.9900
   1 -999.9900 -999.9900 -999.9900 -999.9900 -999.9900 -999.9900 -999.9900 -999.9900 -999.9900
   1 -999.9900 -999.9900 -999.9900 -999.9900 -999.9900 -999.9900 -999.9900 -999.9900 -999.9900
    
2023021000
   0    0.9874 -999.9900    1.6565    1.6565    0.8275   -0.0272    1.2244    0.3102    0.2669
   0    0.8929 -999.9900    1.5618    1.5618    1.0789   -0.0499    1.1631    0.2378    0.1906
   0    0.9837 -999.9900    1.6562    1.6562    0.8271   -0.0242    1.2233    0.3088    0.2662
   0    0.8912 -999.9900    1.5610    1.5610    1.0631   -0.0436    1.1605    0.2413    0.1930
    
2023021100
   1 -999.9900 -999.9900 -999.9900 -999.9900 -999.9900 -999.9900 -999.9900 -999.9900 -999.9900
   1 -999.9900 -999.9900 -999.9900 -999.9900 -999.9900 -999.9900 -999.9900 -999.9900 -999.9900
   1 -999.9900 -999.9900 -999.9900 -999.9900 -999.9900 -999.9900 -999.9900 -999.9900 -999.9900
   1 -999.9900 -999.9900 -999.9900 -999.9900 -999.9900 -999.9900 -999.9900 -999.9900 -999.9900
    
2023021200
   0    0.9648 -999.9900    1.6663    1.6663    0.8755    0.1573    1.2115    0.2540    0.3008
   0    0.8412 -999.9900    1.5345    1.5345    1.0880    0.0720    1.1068    0.1956    0.2005
   0    0.9596 -999.9900    1.6601    1.6601    0.8479    0.1462    1.2037    0.2564    0.3003
   0    0.8451 -999.9900    1.5413    1.5413    1.0596    0.0825    1.1106    0.2000    0.2074
    
2023021300
   0    1.0554 -999.9900    1.8013    1.8013    0.8721    0.1327    1.3056    0.2752    0.3240
   0    0.9522 -999.9900    1.7019    1.7019    1.1159   -0.0415    1.2394    0.2471    0.2168
   0    1.0537 -999.9900    1.8001    1.8001    0.8681    0.1325    1.3054    0.2762    0.3247
   0    0.9516 -999.9900    1.7005    1.7005    1.1026   -0.0067    1.2367    0.2441    0.2235
    
2023021400
   0    1.0939 -999.9900    1.9305    1.9305    0.9484    0.1740    1.3636    0.2593    0.3017
   0    0.9889 -999.9900    1.8077    1.8077    1.2567   -0.0624    1.2915    0.2316    0.1934
   0    1.0908 -999.9900    1.9342    1.9342    0.9536    0.1625    1.3664    0.2583    0.2937
   0    0.9861 -999.9900    1.8053    1.8053    1.2481   -0.0220    1.2881    0.2278    0.1978
    
2023021500
   0    1.1228 -999.9900    1.9078    1.9078    0.9048    0.1369    1.4007    0.2965    0.3065
   0    0.9931 -999.9900    1.7653    1.7653    1.1963   -0.0167    1.3015    0.2428    0.2082
   0    1.1176 -999.9900    1.8990    1.8990    0.9068    0.1288    1.3981    0.2935    0.3036
   0    0.9972 -999.9900    1.7689    1.7689    1.1755    0.0092    1.3065    0.2439    0.2151
    
2023021600
   0    0.9977 -999.9900    1.7379    1.7379    0.7861    0.0760    1.2323    0.2995    0.3031
   0    0.8743 -999.9900    1.5826    1.5826    1.1344   -0.0691    1.1562    0.2318    0.1963
   0    1.0013 -999.9900    1.7478    1.7478    0.8030    0.0873    1.2434    0.2979    0.3044
   0    0.8793 -999.9900    1.5912    1.5912    1.1245   -0.0333    1.1601    0.2342    0.2044
    
2023021700
   0    0.9938 -999.9900    1.6550    1.6550    0.7530   -0.1359    1.2310    0.3271    0.2625
   0    0.9313 -999.9900    1.6259    1.6259    1.0161   -0.1351    1.2204    0.2582    0.1912
   0    0.9956 -999.9900    1.6522    1.6522    0.7333   -0.1398    1.2298    0.3316    0.2651
   0    0.9257 -999.9900    1.6121    1.6121    0.9898   -0.1376    1.2089    0.2624    0.1955
    
2023021800
   0    0.9756 -999.9900    1.6458    1.6458    0.7755   -0.0811    1.2106    0.3219    0.2732
   0    0.8556 -999.9900    1.5167    1.5167    1.0361   -0.0899    1.1264    0.2434    0.1801
   0    0.9770 -999.9900    1.6560    1.6560    0.7974   -0.0846    1.2147    0.3191    0.2705
   0    0.8630 -999.9900    1.5333    1.5333    1.0247   -0.0903    1.1354    0.2476    0.1854
    
2023021900
   0    0.9455 -999.9900    1.6010    1.6010    0.7558   -0.0508    1.1739    0.2997    0.2807
   0    0.8521 -999.9900    1.5250    1.5250    1.0374   -0.1751    1.1238    0.2442    0.1720
   0    0.9446 -999.9900    1.6038    1.6038    0.7955   -0.0642    1.1785    0.2932    0.2735
   0    0.8513 -999.9900    1.5212    1.5212    1.0371   -0.1583    1.1214    0.2410    0.1755
    
2023022000
   0    1.0702 -999.9900    1.8284    1.8284    0.8798   -0.0332    1.3290    0.2853    0.2887
   0    0.9583 -999.9900    1.7450    1.7450    1.2118   -0.1483    1.2579    0.2212    0.1761
   0    1.0674 -999.9900    1.8287    1.8287    0.8803   -0.0359    1.3286    0.2858    0.2818
   0    0.9595 -999.9900    1.7405    1.7405    1.1853   -0.1268    1.2546    0.2244    0.1837
    
2023022100
   0    1.0556 -999.9900    1.8190    1.8190    0.8649    0.0029    1.3246    0.2732    0.2824
   0    0.9141 -999.9900    1.6763    1.6763    1.1643   -0.1042    1.2097    0.2064    0.1708
   0    1.0640 -999.9900    1.8321    1.8321    0.8560    0.0272    1.3352    0.2712    0.2892
   0    0.9234 -999.9900    1.6878    1.6878    1.1465   -0.0682    1.2207    0.2083    0.1824
    
2023022200
   0    1.2053 -999.9900    2.1871    2.1871    0.9397    0.4322    1.4837    0.2169    0.3536
   0    1.1086 -999.9900    2.1427    2.1427    1.3502    0.2158    1.4401    0.1775    0.2291
   0    1.2025 -999.9900    2.1808    2.1808    0.9258    0.4305    1.4818    0.2178    0.3538
   0    1.1000 -999.9900    2.1210    2.1210    1.3164    0.2581    1.4263    0.1746    0.2388
    
2023022300
   0    1.2996 -999.9900    2.3253    2.3253    1.0220    0.3879    1.6114    0.2566    0.3556
   0    1.1416 -999.9900    2.1815    2.1815    1.4936    0.2081    1.5004    0.1796    0.2222
   0    1.2993 -999.9900    2.3358    2.3358    1.0377    0.4012    1.6166    0.2482    0.3548
   0    1.1372 -999.9900    2.1751    2.1751    1.4830    0.2520    1.4948    0.1784    0.2285
    
2023022400
   0    1.0341 -999.9900    1.8773    1.8773    0.9073    0.0432    1.2900    0.2905    0.2834
   0    0.9522 -999.9900    1.8048    1.8048    1.2417   -0.0737    1.2556    0.2215    0.1795
   0    1.0341 -999.9900    1.8763    1.8763    0.9186    0.0501    1.2949    0.2876    0.2825
   0    0.9475 -999.9900    1.7940    1.7940    1.2245   -0.0461    1.2474    0.2221    0.1858
    
2023022500
   0    1.1452 -999.9900    1.9118    1.9118    0.8058   -0.1823    1.3984    0.3277    0.2908
   0    0.9963 -999.9900    1.7705    1.7705    1.0769   -0.1823    1.2969    0.2456    0.1975
   0    1.1402 -999.9900    1.9116    1.9116    0.8016   -0.1823    1.3951    0.3250    0.2880
   0    1.0030 -999.9900    1.7817    1.7817    1.0569   -0.1823    1.3047    0.2503    0.2044
    
2023022600
   0    1.0298 -999.9900    1.7842    1.7842    0.9148   -0.1839    1.2789    0.3432    0.2372
   0    0.9262 -999.9900    1.6853    1.6853    1.1800   -0.2449    1.2122    0.2640    0.1585
   0    1.0232 -999.9900    1.7744    1.7744    0.9050   -0.2072    1.2729    0.3462    0.2311
   0    0.9244 -999.9900    1.6763    1.6763    1.1611   -0.2467    1.2060    0.2699    0.1615
    
2023022700
   0    1.1717 -999.9900    2.1028    2.1028    0.9807   -0.0270    1.4576    0.3303    0.2647
   0    1.0478 -999.9900    1.9421    1.9421    1.3492   -0.2806    1.3829    0.2780    0.1608
   0    1.1709 -999.9900    2.0962    2.0962    0.9715   -0.0380    1.4572    0.3315    0.2645
   0    1.0493 -999.9900    1.9446    1.9446    1.3193   -0.2365    1.3799    0.2798    0.1705
    
2023022800
   0    1.0958 -999.9900    1.8847    1.8847    1.0010   -0.0189    1.3887    0.2863    0.2642
   0    0.9874 -999.9900    1.7863    1.7863    1.3164   -0.2140    1.3174    0.2298    0.1641
   0    1.0970 -999.9900    1.8857    1.8857    1.0030   -0.0173    1.3919    0.2867    0.2637
   0    0.9872 -999.9900    1.7807    1.7807    1.3056   -0.1824    1.3163    0.2299    0.1690
    
2023030100
   0    1.0572 -999.9900    1.8400    1.8400    1.0850    0.2495    1.3493    0.2338    0.3064
   0    0.9814 -999.9900    1.8121    1.8121    1.4415    0.0166    1.3191    0.1964    0.1925
   0    1.0418 -999.9900    1.8220    1.8220    1.0770    0.2524    1.3353    0.2302    0.3035
   0    0.9665 -999.9900    1.7738    1.7738    1.4158    0.0649    1.2965    0.1923    0.1993
    
2023030200
   0    1.0634 -999.9900    1.9105    1.9105    0.9271    0.1041    1.3335    0.2642    0.2727
   0    0.9798 -999.9900    1.8066    1.8066    1.3131   -0.1478    1.2840    0.2303    0.1701
   0    1.0597 -999.9900    1.9072    1.9072    0.9126    0.1055    1.3295    0.2640    0.2734
   1 -999.9900 -999.9900 -999.9900 -999.9900 -999.9900 -999.9900 -999.9900 -999.9900 -999.9900
    
2023030300
   1 -999.9900 -999.9900 -999.9900 -999.9900 -999.9900 -999.9900 -999.9900 -999.9900 -999.9900
   1 -999.9900 -999.9900 -999.9900 -999.9900 -999.9900 -999.9900 -999.9900 -999.9900 -999.9900
   1 -999.9900 -999.9900 -999.9900 -999.9900 -999.9900 -999.9900 -999.9900 -999.9900 -999.9900
   1 -999.9900 -999.9900 -999.9900 -999.9900 -999.9900 -999.9900 -999.9900 -999.9900 -999.9900
    
2023030400
   0    1.0675 -999.9900    1.8340    1.8340    0.9754   -0.0527    1.3554    0.2812    0.2662
   0    0.9680 -999.9900    1.7302    1.7302    1.2199   -0.1928    1.2881    0.2378    0.1742
   0    1.0645 -999.9900    1.8274    1.8274    0.9671   -0.0607    1.3512    0.2827    0.2671
   0    0.9653 -999.9900    1.7244    1.7244    1.2044   -0.1696    1.2831    0.2356    0.1820
    
2023030500
   0    1.1306 -999.9900    1.9947    1.9947    0.9316    0.2317    1.4082    0.2572    0.3316
   0    1.0309 -999.9900    1.9368    1.9368    1.2764    0.0399    1.3494    0.2115    0.2161
   0    1.1154 -999.9900    1.9760    1.9760    0.9750    0.2265    1.3961    0.2539    0.3238
   0    1.0193 -999.9900    1.9096    1.9096    1.2770    0.0752    1.3344    0.2079    0.2215
    
2023030600
   0    1.0347 -999.9900    1.7846    1.7846    0.9294    0.0000    1.3054    0.2825    0.2761
   0    0.9589 -999.9900    1.7289    1.7289    1.2637   -0.1768    1.2677    0.2344    0.1791
   0    1.0285 -999.9900    1.7734    1.7734    0.9216   -0.0058    1.2983    0.2827    0.2745
   0    0.9499 -999.9900    1.7074    1.7074    1.2369   -0.1449    1.2525    0.2337    0.1850
    
2023030700
   0    0.9418 -999.9900    1.6600    1.6600    0.9210   -0.1701    1.2041    0.3010    0.2373
   0    0.8631 -999.9900    1.5858    1.5858    1.1551   -0.2368    1.1557    0.2278    0.1553
   0    0.9352 -999.9900    1.6504    1.6504    0.9036   -0.1800    1.1961    0.3003    0.2361
   0    0.8579 -999.9900    1.5780    1.5780    1.1275   -0.2294    1.1470    0.2302    0.1587
    
2023030800
   0    0.9872 -999.9900    1.7527    1.7527    0.8657   -0.3021    1.2491    0.3375    0.2342
   0    0.9081 -999.9900    1.6625    1.6625    1.0941   -0.3021    1.2094    0.2543    0.1771
   0    0.9904 -999.9900    1.7546    1.7546    0.8532   -0.3131    1.2516    0.3395    0.2354
   0    0.9080 -999.9900    1.6627    1.6627    1.0767   -0.3087    1.2054    0.2602    0.1778
    
2023030900
   0    0.9401 -999.9900    1.6317    1.6317    0.8304   -0.1237    1.1873    0.2878    0.2528
   0    0.8454 -999.9900    1.5355    1.5355    1.1506   -0.1599    1.1260    0.2021    0.1903
   0    0.9398 -999.9900    1.6330    1.6330    0.8164   -0.1301    1.1871    0.2906    0.2562
   0    0.8420 -999.9900    1.5230    1.5230    1.1333   -0.1565    1.1171    0.2072    0.1921
    
2023031000
   0    0.9169 -999.9900    1.5993    1.5993    0.8957   -0.2401    1.1621    0.3074    0.2258
   0    0.8234 -999.9900    1.4948    1.4948    1.0501   -0.1749    1.0889    0.2234    0.1767
   0    0.9091 -999.9900    1.5860    1.5860    0.8748   -0.2160    1.1525    0.3065    0.2308
   0    0.8211 -999.9900    1.4905    1.4905    1.0357   -0.1735    1.0845    0.2275    0.1790
    
2023031100
   0    1.0590 -999.9900    1.9377    1.9377    0.9200    0.0722    1.3273    0.2472    0.2872
   0    0.9795 -999.9900    1.8812    1.8812    1.2507   -0.0217    1.2860    0.1713    0.2138
   0    1.0537 -999.9900    1.9346    1.9346    0.9229    0.0681    1.3249    0.2452    0.2849
   0    0.9717 -999.9900    1.8646    1.8646    1.2334   -0.0054    1.2726    0.1737    0.2152
    
2023031200
   0    0.9706 -999.9900    1.7842    1.7842    1.0227   -0.0064    1.2456    0.2727    0.2476
   0    0.8662 -999.9900    1.6307    1.6307    1.2870   -0.0594    1.1640    0.1901    0.1748
   0    0.9661 -999.9900    1.7727    1.7727    1.0005   -0.0037    1.2376    0.2705    0.2497
   0    0.8637 -999.9900    1.6286    1.6286    1.2627   -0.0472    1.1578    0.1920    0.1793
    
2023031300
   0    0.9549 -999.9900    1.6408    1.6408    0.9464   -0.1310    1.2036    0.3093    0.2481
   0    0.8671 -999.9900    1.5615    1.5615    1.1763   -0.1665    1.1520    0.2235    0.1823
   0    0.9467 -999.9900    1.6300    1.6300    0.9514   -0.1232    1.1950    0.3018    0.2473
   0    0.8628 -999.9900    1.5503    1.5503    1.1644   -0.1547    1.1411    0.2245    0.1851
    
2023031400
   0    1.0328 -999.9900    1.8162    1.8162    1.0502   -0.0882    1.2926    0.2853    0.2830
   0    0.9416 -999.9900    1.7241    1.7241    1.3309   -0.1750    1.2410    0.2205    0.1883
   0    1.0283 -999.9900    1.8199    1.8199    1.0510   -0.0796    1.2922    0.2806    0.2808
   0    0.9366 -999.9900    1.7092    1.7092    1.3278   -0.1524    1.2308    0.2193    0.1938
    
2023031500
   0    1.0257 -999.9900    1.8068    1.8068    1.1551   -0.1210    1.3279    0.2648    0.2457
   0    0.9433 -999.9900    1.7252    1.7252    1.3644   -0.2049    1.2694    0.2094    0.1691
   0    1.0235 -999.9900    1.8041    1.8041    1.1214   -0.1120    1.3235    0.2674    0.2456
   0    0.9396 -999.9900    1.7158    1.7158    1.3395   -0.1828    1.2620    0.2107    0.1740
    
2023031600
   0    1.0744 -999.9900    1.8599    1.8599    0.9869    0.0446    1.3645    0.2715    0.2802
   0    0.9535 -999.9900    1.7153    1.7153    1.3075   -0.1186    1.2745    0.2170    0.1806
   0    1.0643 -999.9900    1.8482    1.8482    0.9710    0.0417    1.3509    0.2710    0.2786
   0    0.9502 -999.9900    1.7115    1.7115    1.2780   -0.0877    1.2680    0.2175    0.1879
    
2023031700
   0    0.9645 -999.9900    1.6435    1.6435    0.8458    0.0486    1.2048    0.2633    0.2801
   0    0.9040 -999.9900    1.6305    1.6305    1.1111   -0.0249    1.1872    0.2094    0.2103
   0    0.9615 -999.9900    1.6430    1.6430    0.8641    0.0371    1.2056    0.2613    0.2766
   0    0.8988 -999.9900    1.6143    1.6143    1.0994   -0.0171    1.1781    0.2098    0.2115
    
2023031800
   0    1.0768 -999.9900    1.8033    1.8033    0.9101   -0.0097    1.3592    0.2865    0.2854
   0    0.9368 -999.9900    1.6334    1.6334    1.1946   -0.0482    1.2349    0.2112    0.2013
   0    1.0708 -999.9900    1.8048    1.8048    0.9292    0.0000    1.3591    0.2789    0.2798
   0    0.9420 -999.9900    1.6454    1.6454    1.1866   -0.0347    1.2422    0.2118    0.2053
    
2023031900
   0    1.0535 -999.9900    1.7819    1.7819    0.9447    0.0433    1.3407    0.2714    0.2938
   0    0.9018 -999.9900    1.5898    1.5898    1.1754   -0.0497    1.2038    0.2143    0.1933
   0    1.0595 -999.9900    1.7958    1.7958    0.9629    0.0318    1.3520    0.2701    0.2891
   0    0.9142 -999.9900    1.6130    1.6130    1.1787   -0.0379    1.2218    0.2150    0.1997
    
2023032000
   0    1.0505 -999.9900    1.8391    1.8391    0.9620   -0.0795    1.3374    0.2819    0.2741
   0    0.9286 -999.9900    1.6845    1.6845    1.2083   -0.1771    1.2390    0.2187    0.1803
   0    1.0603 -999.9900    1.8654    1.8654    0.9726   -0.0789    1.3540    0.2778    0.2698
   0    0.9382 -999.9900    1.7090    1.7090    1.2038   -0.1572    1.2532    0.2193    0.1856
    
2023032100
   0    1.0292 -999.9900    1.8058    1.8058    1.0251    0.1566    1.3089    0.2546    0.2962
   0    0.9073 -999.9900    1.6499    1.6499    1.3667   -0.0782    1.2104    0.2016    0.1817
   0    1.0296 -999.9900    1.8019    1.8019    1.0306    0.1695    1.3107    0.2506    0.2986
   0    0.9088 -999.9900    1.6491    1.6491    1.3460   -0.0234    1.2121    0.2003    0.1905
    
2023032200
   0    1.0500 -999.9900    1.8483    1.8483    1.0398    0.0509    1.3339    0.2688    0.2774
   0    0.9515 -999.9900    1.7364    1.7364    1.2861   -0.0446    1.2645    0.2101    0.1987
   0    1.0519 -999.9900    1.8573    1.8573    1.0327    0.0692    1.3377    0.2660    0.2788
   0    0.9526 -999.9900    1.7382    1.7382    1.2747   -0.0145    1.2633    0.2106    0.2052
    
2023032300
   0    1.0289 -999.9900    1.8810    1.8810    0.9037    0.0737    1.2941    0.2823    0.2674
   0    0.9187 -999.9900    1.7399    1.7399    1.3055   -0.2238    1.2247    0.2402    0.1490
   0    1.0192 -999.9900    1.8644    1.8644    0.8938    0.0452    1.2837    0.2844    0.2611
   0    0.9129 -999.9900    1.7292    1.7292    1.2715   -0.1813    1.2126    0.2398    0.1552
    
2023032400
   0    1.0857 -999.9900    1.9314    1.9314    0.9003    0.0539    1.3615    0.2782    0.2888
   0    0.9814 -999.9900    1.8004    1.8004    1.2919   -0.2568    1.3084    0.2476    0.1633
   0    1.0832 -999.9900    1.9329    1.9329    0.9010    0.0462    1.3610    0.2808    0.2834
   0    0.9748 -999.9900    1.7908    1.7908    1.2780   -0.1993    1.2964    0.2466    0.1697
    
2023032500
   0    1.0493 -999.9900    1.8276    1.8276    0.9038    0.2039    1.3253    0.2303    0.3354
   0    0.9516 -999.9900    1.7577    1.7577    1.3181   -0.0535    1.2784    0.1911    0.2041
   0    1.0454 -999.9900    1.8230    1.8230    0.9013    0.1969    1.3220    0.2303    0.3328
   0    0.9437 -999.9900    1.7348    1.7348    1.2922   -0.0063    1.2627    0.1876    0.2132
    
2023032600
   0    1.0307 -999.9900    1.7887    1.7887    1.0524    0.0249    1.3197    0.2572    0.2869
   0    0.9506 -999.9900    1.7500    1.7500    1.3359   -0.1648    1.2861    0.2045    0.1911
   0    1.0206 -999.9900    1.7761    1.7761    1.0160    0.0295    1.3077    0.2588    0.2870
   0    0.9374 -999.9900    1.7173    1.7173    1.3107   -0.1241    1.2658    0.2034    0.1987
    
2023032700
   0    0.9994 -999.9900    1.7893    1.7893    1.0185    0.0977    1.2841    0.2348    0.2780
   0    0.9589 -999.9900    1.7623    1.7623    1.2926   -0.0199    1.2904    0.1954    0.1988
   0    0.9932 -999.9900    1.7800    1.7800    1.0059    0.1067    1.2770    0.2317    0.2805
   0    0.9437 -999.9900    1.7346    1.7346    1.2746    0.0091    1.2666    0.1904    0.2052
    
2023032800
   0    1.0368 -999.9900    1.8120    1.8120    1.0270   -0.0270    1.3154    0.2759    0.2814
   0    0.9324 -999.9900    1.6930    1.6930    1.3062   -0.0637    1.2374    0.2005    0.2086
   0    1.0301 -999.9900    1.7998    1.7998    0.9902   -0.0228    1.3054    0.2770    0.2852
   0    0.9295 -999.9900    1.6852    1.6852    1.2707   -0.0538    1.2317    0.2038    0.2143
    
2023032900
   0    1.1015 -999.9900    1.9031    1.9031    0.9765    0.0120    1.3653    0.2834    0.2848
   0    0.9950 -999.9900    1.8176    1.8176    1.2511   -0.0695    1.3113    0.2204    0.1955
   0    1.0891 -999.9900    1.8868    1.8868    0.9900    0.0090    1.3584    0.2820    0.2813
   0    0.9891 -999.9900    1.8022    1.8022    1.2410   -0.0550    1.3022    0.2216    0.2009
    
2023033000
   0    0.9748 -999.9900    1.6641    1.6641    0.9585    0.0907    1.2424    0.2364    0.2952
   0    0.9029 -999.9900    1.6242    1.6242    1.3049   -0.1415    1.2079    0.1977    0.1805
   0    0.9726 -999.9900    1.6607    1.6607    0.9343    0.0974    1.2389    0.2362    0.3001
   0    0.8925 -999.9900    1.5968    1.5968    1.2750   -0.0910    1.1889    0.1944    0.1907
    
2023033100
   0    1.0986 -999.9900    1.9464    1.9464    1.0685    0.0911    1.3910    0.2675    0.2804
   0    0.9733 -999.9900    1.7888    1.7888    1.5471   -0.2203    1.2999    0.2222    0.1560
   0    1.0800 -999.9900    1.9154    1.9154    1.0534    0.0998    1.3680    0.2624    0.2803
   0    0.9600 -999.9900    1.7579    1.7579    1.5092   -0.1528    1.2753    0.2171    0.1650
    
2023040100
    
