2023010700
   1 -999.9900 -999.9900 -999.9900 -999.9900 -999.9900 -999.9900 -999.9900 -999.9900 -999.9900
   1 -999.9900 -999.9900 -999.9900 -999.9900 -999.9900 -999.9900 -999.9900 -999.9900 -999.9900
   1 -999.9900 -999.9900 -999.9900 -999.9900 -999.9900 -999.9900 -999.9900 -999.9900 -999.9900
   1 -999.9900 -999.9900 -999.9900 -999.9900 -999.9900 -999.9900 -999.9900 -999.9900 -999.9900
    
2023010800
   0    1.2716 -999.9900    2.2775    2.2775    0.8547   -0.7365    1.5532    0.3464    0.1757
   0    0.8758 -999.9900    1.7278    1.7278    1.6205   -0.2077    1.1941    0.1476    0.1430
   0    1.2668 -999.9900    2.2753    2.2753    0.8654   -0.7228    1.5494    0.3396    0.1748
   0    0.8934 -999.9900    1.7728    1.7728    1.5612   -0.3112    1.2215    0.1582    0.1409
    
2023010900
   0    1.2312 -999.9900    2.2476    2.2476    0.9016   -0.5906    1.5084    0.3095    0.1880
   0    0.9188 -999.9900    1.8090    1.8090    1.6373   -0.1324    1.2357    0.1571    0.1505
   0    1.2240 -999.9900    2.2404    2.2404    0.9207   -0.5768    1.5033    0.3049    0.1879
   0    0.9105 -999.9900    1.8053    1.8053    1.5631   -0.2356    1.2295    0.1608    0.1469
    
2023011000
   0    1.1582 -999.9900    2.1569    2.1569    0.8665   -0.3973    1.4091    0.2851    0.1916
   0    0.8789 -999.9900    1.7997    1.7997    1.6109    0.0703    1.1780    0.1178    0.1516
   0    1.1481 -999.9900    2.1494    2.1494    0.8926   -0.3971    1.4014    0.2763    0.1843
   0    0.8679 -999.9900    1.7840    1.7840    1.5234   -0.0767    1.1656    0.1296    0.1436
    
2023011100
   0    1.3710 -999.9900    2.5433    2.5433    0.8304   -0.7369    1.6259    0.3364    0.1776
   0    0.9116 -999.9900    1.9128    1.9128    1.6603   -0.2454    1.2384    0.1541    0.1196
   0    1.3609 -999.9900    2.5353    2.5353    0.8385   -0.7589    1.6184    0.3357    0.1679
   0    0.9399 -999.9900    1.9796    1.9796    1.6224   -0.3568    1.2844    0.1692    0.1160
    
2023011200
   0    1.0988 -999.9900    2.0342    2.0342    0.7610   -0.5991    1.3363    0.3365    0.1940
   0    0.7968 -999.9900    1.6354    1.6354    1.5062   -0.3075    1.0821    0.1602    0.1096
   0    1.0977 -999.9900    2.0321    2.0321    0.7651   -0.5964    1.3351    0.3363    0.1953
   0    0.8046 -999.9900    1.6540    1.6540    1.4385   -0.3776    1.0971    0.1741    0.1105
    
2023011300
   0    1.0941 -999.9900    2.0016    2.0016    0.7114   -0.2346    1.3243    0.3042    0.2463
   0    0.8402 -999.9900    1.7035    1.7035    1.4547   -0.1243    1.1489    0.1371    0.1534
   0    1.0969 -999.9900    2.0100    2.0100    0.7077   -0.2283    1.3293    0.3072    0.2428
   0    0.8479 -999.9900    1.7177    1.7177    1.4095   -0.1426    1.1598    0.1457    0.1573
    
2023011400
   0    1.3599 -999.9900    2.5266    2.5266    0.6457   -0.3541    1.5803    0.3482    0.2411
   0    0.9908 -999.9900    2.0773    2.0773    1.4399   -0.3475    1.3128    0.2064    0.1482
   0    1.3529 -999.9900    2.5219    2.5219    0.6466   -0.3648    1.5747    0.3465    0.2415
   0    0.9894 -999.9900    2.0887    2.0887    1.3908   -0.3420    1.3121    0.2143    0.1487
    
2023011500
   0    1.1947 -999.9900    2.1983    2.1983    0.7099   -0.3628    1.4209    0.3277    0.2517
   0    0.8863 -999.9900    1.7995    1.7995    1.4644   -0.2839    1.1981    0.2061    0.1701
   0    1.1982 -999.9900    2.2004    2.2004    0.7149   -0.3735    1.4311    0.3344    0.2516
   0    0.9079 -999.9900    1.8352    1.8352    1.4207   -0.3061    1.2200    0.2167    0.1730
    
2023011600
   0    1.1666 -999.9900    2.0391    2.0391    0.7646   -0.5243    1.4117    0.3685    0.1850
   0    0.8512 -999.9900    1.6733    1.6733    1.4252   -0.2174    1.1490    0.1943    0.1227
   0    1.1645 -999.9900    2.0362    2.0362    0.8031   -0.5337    1.4146    0.3606    0.1805
   0    0.8714 -999.9900    1.7036    1.7036    1.3937   -0.2845    1.1733    0.2039    0.1207
    
2023011700
   0    1.1300 -999.9900    2.0423    2.0423    0.8742   -0.5070    1.3843    0.3052    0.1876
   0    0.8664 -999.9900    1.7039    1.7039    1.4753   -0.1729    1.1825    0.1602    0.1449
   0    1.1284 -999.9900    2.0469    2.0469    0.8459   -0.5098    1.3821    0.3054    0.1905
   0    0.8768 -999.9900    1.7287    1.7287    1.4313   -0.2415    1.1906    0.1721    0.1457
    
2023011800
   0    1.2229 -999.9900    2.1880    2.1880    0.8164   -0.4098    1.4793    0.3268    0.2353
   0    0.8748 -999.9900    1.7333    1.7333    1.4129   -0.1477    1.1764    0.1730    0.1534
   0    1.2251 -999.9900    2.1948    2.1948    0.8160   -0.4481    1.4848    0.3280    0.2253
   0    0.9039 -999.9900    1.7927    1.7927    1.3775   -0.2230    1.2149    0.1859    0.1545
    
2023011900
   0    1.1636 -999.9900    2.1387    2.1387    0.7939   -0.2962    1.4057    0.2791    0.2402
   0    0.8825 -999.9900    1.7854    1.7854    1.5488   -0.0574    1.1988    0.1282    0.1613
   0    1.1615 -999.9900    2.1383    2.1383    0.8200   -0.3112    1.4043    0.2773    0.2326
   0    0.8965 -999.9900    1.8086    1.8086    1.5052   -0.1142    1.2136    0.1373    0.1621
    
2023012000
   0    1.1815 -999.9900    2.1069    2.1069    0.8924   -0.3182    1.4193    0.2952    0.2612
   0    0.8833 -999.9900    1.7774    1.7774    1.5894   -0.0175    1.1836    0.1372    0.1797
   0    1.1753 -999.9900    2.0983    2.0983    0.8786   -0.2732    1.4065    0.2895    0.2646
   0    0.8931 -999.9900    1.7892    1.7892    1.5363   -0.0507    1.1974    0.1443    0.1854
    
2023012100
   1 -999.9900 -999.9900 -999.9900 -999.9900 -999.9900 -999.9900 -999.9900 -999.9900 -999.9900
   1 -999.9900 -999.9900 -999.9900 -999.9900 -999.9900 -999.9900 -999.9900 -999.9900 -999.9900
   1 -999.9900 -999.9900 -999.9900 -999.9900 -999.9900 -999.9900 -999.9900 -999.9900 -999.9900
   1 -999.9900 -999.9900 -999.9900 -999.9900 -999.9900 -999.9900 -999.9900 -999.9900 -999.9900
    
2023012200
   0    1.2475 -999.9900    2.2325    2.2325    0.8590   -0.1622    1.5132    0.2870    0.2603
   0    1.2475 -999.9900    2.2325    2.2325    0.8590   -0.1622    1.5132    0.2870    0.2603
   0    1.2527 -999.9900    2.2338    2.2338    0.8540   -0.1935    1.5238    0.2981    0.2527
   0    1.0021 -999.9900    1.9970    1.9970    1.5635   -0.0956    1.3536    0.1542    0.1672
    
2023012300
   0    1.1507 -999.9900    2.0910    2.0910    0.8439   -0.2354    1.3901    0.3118    0.2692
   0    0.9433 -999.9900    1.9688    1.9688    1.6499   -0.0381    1.2765    0.1268    0.1669
   0    1.1459 -999.9900    2.0794    2.0794    0.8372   -0.2496    1.3896    0.3145    0.2662
   0    0.9360 -999.9900    1.9323    1.9323    1.5900   -0.0860    1.2665    0.1370    0.1672
    
2023012400
   0    1.0091 -999.9900    1.7952    1.7952    0.7302   -0.0470    1.2291    0.2537    0.3440
   0    0.8675 -999.9900    1.7855    1.7855    1.4719   -0.0308    1.1747    0.1159    0.2040
   0    1.0052 -999.9900    1.7980    1.7980    0.7552   -0.0390    1.2290    0.2497    0.3377
   0    0.8572 -999.9900    1.7447    1.7447    1.4217   -0.0293    1.1558    0.1209    0.2074
    
2023012500
   0    1.1739 -999.9900    2.0771    2.0771    0.7538   -0.0811    1.3879    0.2593    0.3373
   0    0.8827 -999.9900    1.8135    1.8135    1.5796   -0.2124    1.1901    0.1464    0.1660
   0    1.1790 -999.9900    2.0819    2.0819    0.7373   -0.0903    1.3905    0.2624    0.3430
   0    0.8914 -999.9900    1.8129    1.8129    1.5221   -0.1916    1.1988    0.1526    0.1810
    
2023012600
   0    1.0589 -999.9900    1.9337    1.9337    0.7798    0.2053    1.2735    0.2298    0.3327
   0    0.8087 -999.9900    1.6759    1.6759    1.5880   -0.2116    1.1001    0.1461    0.1089
   0    1.0517 -999.9900    1.9292    1.9292    0.8006    0.1683    1.2667    0.2305    0.3156
   0    0.8089 -999.9900    1.6684    1.6684    1.5367   -0.1504    1.1016    0.1472    0.1188
    
2023012700
   1 -999.9900 -999.9900 -999.9900 -999.9900 -999.9900 -999.9900 -999.9900 -999.9900 -999.9900
   1 -999.9900 -999.9900 -999.9900 -999.9900 -999.9900 -999.9900 -999.9900 -999.9900 -999.9900
   1 -999.9900 -999.9900 -999.9900 -999.9900 -999.9900 -999.9900 -999.9900 -999.9900 -999.9900
   1 -999.9900 -999.9900 -999.9900 -999.9900 -999.9900 -999.9900 -999.9900 -999.9900 -999.9900
    
2023012800
   0    1.0691 -999.9900    1.9577    1.9577    0.9289   -0.0496    1.3216    0.2591    0.3735
   0    0.8933 -999.9900    1.8017    1.8017    1.4335   -0.0974    1.2084    0.1579    0.2170
   0    1.0844 -999.9900    1.9917    1.9917    0.9071   -0.0686    1.3397    0.2625    0.3758
   0    0.8975 -999.9900    1.7980    1.7980    1.3928   -0.0340    1.2080    0.1527    0.2383
    
2023012900
   0    1.2140 -999.9900    2.2988    2.2988    0.7915    0.1828    1.4604    0.2462    0.3677
   0    0.9409 -999.9900    1.9405    1.9405    1.6137   -0.0073    1.2754    0.1549    0.1996
   0    1.2044 -999.9900    2.2925    2.2925    0.7982    0.1931    1.4535    0.2397    0.3633
   0    0.9424 -999.9900    1.9506    1.9506    1.5703    0.0369    1.2805    0.1522    0.2099
    
2023013000
   0    1.0434 -999.9900    1.9525    1.9525    0.8021   -0.2437    1.2778    0.3444    0.2283
   0    0.8994 -999.9900    1.8774    1.8774    1.5020   -0.4109    1.2090    0.2389    0.1154
   0    1.0317 -999.9900    1.9520    1.9520    0.8237   -0.2399    1.2687    0.3427    0.2251
   0    0.8862 -999.9900    1.8434    1.8434    1.4631   -0.3751    1.1886    0.2426    0.1165
    
2023013100
   1 -999.9900 -999.9900 -999.9900 -999.9900 -999.9900 -999.9900 -999.9900 -999.9900 -999.9900
   1 -999.9900 -999.9900 -999.9900 -999.9900 -999.9900 -999.9900 -999.9900 -999.9900 -999.9900
   1 -999.9900 -999.9900 -999.9900 -999.9900 -999.9900 -999.9900 -999.9900 -999.9900 -999.9900
   1 -999.9900 -999.9900 -999.9900 -999.9900 -999.9900 -999.9900 -999.9900 -999.9900 -999.9900
    
2023020100
   1 -999.9900 -999.9900 -999.9900 -999.9900 -999.9900 -999.9900 -999.9900 -999.9900 -999.9900
   1 -999.9900 -999.9900 -999.9900 -999.9900 -999.9900 -999.9900 -999.9900 -999.9900 -999.9900
   0    1.0622 -999.9900    1.9093    1.9093    0.7659    0.0025    1.2997    0.3025    0.3201
   0    0.7906 -999.9900    1.5743    1.5743    1.3493    0.1005    1.0709    0.1710    0.2026
    
2023020200
   0    1.0007 -999.9900    1.7869    1.7869    0.6403   -0.3261    1.2125    0.3598    0.2208
   0    0.7999 -999.9900    1.5957    1.5957    1.4262   -0.0555    1.0882    0.1933    0.1347
   0    0.9945 -999.9900    1.7845    1.7845    0.6464   -0.3303    1.2083    0.3546    0.2175
   0    0.7928 -999.9900    1.5726    1.5726    1.3835   -0.1122    1.0741    0.1991    0.1333
    
2023020300
   0    1.0710 -999.9900    1.9590    1.9590    0.6530   -0.2305    1.2934    0.3054    0.2571
   0    0.8140 -999.9900    1.6372    1.6372    1.4201   -0.1013    1.1191    0.1785    0.1431
   0    1.0686 -999.9900    1.9656    1.9656    0.6573   -0.2253    1.2885    0.2949    0.2559
   0    0.8177 -999.9900    1.6518    1.6518    1.3795   -0.1241    1.1199    0.1794    0.1487
    
2023020400
   0    1.1621 -999.9900    2.0308    2.0308    0.6672   -0.2763    1.3753    0.3205    0.2717
   0    0.8375 -999.9900    1.6575    1.6575    1.5631   -0.0331    1.1403    0.1522    0.1699
   0    1.1518 -999.9900    2.0194    2.0194    0.6710   -0.2585    1.3670    0.3146    0.2712
   0    0.8421 -999.9900    1.6634    1.6634    1.5087   -0.0710    1.1521    0.1564    0.1750
    
2023020500
   0    1.1291 -999.9900    1.9760    1.9760    0.7236   -0.6007    1.3497    0.3528    0.2122
   0    0.8568 -999.9900    1.6981    1.6981    1.5476   -0.2271    1.1378    0.1751    0.1418
   0    1.1325 -999.9900    1.9815    1.9815    0.7211   -0.5946    1.3518    0.3525    0.2077
   0    0.8613 -999.9900    1.6898    1.6898    1.5052   -0.2983    1.1356    0.1851    0.1418
    
2023020600
   0    1.0209 -999.9900    1.7308    1.7308    0.6709   -0.1096    1.2329    0.3117    0.2820
   0    0.8098 -999.9900    1.5762    1.5762    1.4348    0.2134    1.0820    0.1249    0.1970
   0    1.0178 -999.9900    1.7328    1.7328    0.6980   -0.0902    1.2321    0.3004    0.2853
   0    0.8073 -999.9900    1.5547    1.5547    1.3909    0.1604    1.0770    0.1300    0.2002
    
2023020700
   0    1.0163 -999.9900    1.7861    1.7861    0.7985   -0.3412    1.2394    0.3077    0.2165
   0    0.7865 -999.9900    1.5349    1.5349    1.4532   -0.0520    1.0620    0.1300    0.1502
   0    1.0261 -999.9900    1.8033    1.8033    0.7807   -0.3120    1.2502    0.3053    0.2267
   0    0.7924 -999.9900    1.5434    1.5434    1.4074   -0.0925    1.0700    0.1362    0.1569
    
2023020800
   0    1.0041 -999.9900    1.7849    1.7849    0.7880   -0.1857    1.2379    0.3068    0.2146
   0    0.7872 -999.9900    1.5361    1.5361    1.4084    0.0088    1.0761    0.1542    0.1347
   0    0.9991 -999.9900    1.7824    1.7824    0.7998   -0.2065    1.2401    0.3076    0.2061
   0    0.7927 -999.9900    1.5444    1.5444    1.3633   -0.0426    1.0841    0.1642    0.1349
    
2023020900
   1 -999.9900 -999.9900 -999.9900 -999.9900 -999.9900 -999.9900 -999.9900 -999.9900 -999.9900
   1 -999.9900 -999.9900 -999.9900 -999.9900 -999.9900 -999.9900 -999.9900 -999.9900 -999.9900
   1 -999.9900 -999.9900 -999.9900 -999.9900 -999.9900 -999.9900 -999.9900 -999.9900 -999.9900
   1 -999.9900 -999.9900 -999.9900 -999.9900 -999.9900 -999.9900 -999.9900 -999.9900 -999.9900
    
2023021000
   0    1.1490 -999.9900    2.0480    2.0480    0.7943   -0.4138    1.3854    0.3444    0.2018
   0    0.8990 -999.9900    1.8066    1.8066    1.3425   -0.3262    1.2095    0.1993    0.1280
   0    1.1478 -999.9900    2.0419    2.0419    0.7783   -0.4131    1.3865    0.3518    0.1992
   0    0.9137 -999.9900    1.8199    1.8199    1.2953   -0.3432    1.2240    0.2118    0.1297
    
2023021100
   1 -999.9900 -999.9900 -999.9900 -999.9900 -999.9900 -999.9900 -999.9900 -999.9900 -999.9900
   1 -999.9900 -999.9900 -999.9900 -999.9900 -999.9900 -999.9900 -999.9900 -999.9900 -999.9900
   1 -999.9900 -999.9900 -999.9900 -999.9900 -999.9900 -999.9900 -999.9900 -999.9900 -999.9900
   1 -999.9900 -999.9900 -999.9900 -999.9900 -999.9900 -999.9900 -999.9900 -999.9900 -999.9900
    
2023021200
   0    1.1043 -999.9900    1.9546    1.9546    0.8377    0.4133    1.3406    0.1792    0.3820
   0    0.8712 -999.9900    1.6923    1.6923    1.4700    0.3042    1.1734    0.0894    0.2510
   0    1.0884 -999.9900    1.9353    1.9353    0.8244    0.4238    1.3138    0.1729    0.3777
   0    0.8718 -999.9900    1.6914    1.6914    1.4166    0.3322    1.1654    0.0914    0.2554
    
2023021300
   0    0.9618 -999.9900    1.6670    1.6670    0.8427   -0.0513    1.1981    0.2717    0.2409
   0    0.7596 -999.9900    1.4663    1.4663    1.3464   -0.0027    1.0457    0.1519    0.1332
   0    0.9565 -999.9900    1.6602    1.6602    0.8523   -0.0617    1.1925    0.2683    0.2386
   0    0.7648 -999.9900    1.4652    1.4652    1.3115   -0.0188    1.0487    0.1561    0.1381
    
2023021400
   0    0.9890 -999.9900    1.7078    1.7078    0.8663   -0.1834    1.2248    0.2721    0.2177
   0    0.8181 -999.9900    1.5632    1.5632    1.3872    0.0108    1.0888    0.1373    0.1415
   0    0.9849 -999.9900    1.7044    1.7044    0.8444   -0.1789    1.2185    0.2756    0.2176
   0    0.8158 -999.9900    1.5485    1.5485    1.3429   -0.0253    1.0825    0.1474    0.1421
    
2023021500
   0    0.9455 -999.9900    1.5893    1.5893    0.7631   -0.0488    1.1556    0.2874    0.2735
   0    0.7474 -999.9900    1.4004    1.4004    1.3476    0.0956    0.9920    0.1248    0.1745
   0    0.9445 -999.9900    1.5838    1.5838    0.7272   -0.0616    1.1566    0.2949    0.2753
   0    0.7486 -999.9900    1.3908    1.3908    1.2918    0.0591    0.9947    0.1358    0.1794
    
2023021600
   0    0.9381 -999.9900    1.6134    1.6134    0.6368   -0.0388    1.1283    0.2900    0.3032
   0    0.7799 -999.9900    1.4969    1.4969    1.2515    0.0101    1.0624    0.1546    0.1859
   0    0.9312 -999.9900    1.6047    1.6047    0.6265   -0.0641    1.1238    0.2926    0.2955
   0    0.7731 -999.9900    1.4777    1.4777    1.2005   -0.0148    1.0500    0.1620    0.1874
    
2023021700
   0    1.0616 -999.9900    1.8509    1.8509    0.7401    0.1302    1.2875    0.2526    0.3379
   0    0.7968 -999.9900    1.5322    1.5322    1.3734    0.1634    1.0921    0.1235    0.2123
   0    1.0621 -999.9900    1.8521    1.8521    0.7194    0.1225    1.2846    0.2606    0.3348
   0    0.8042 -999.9900    1.5481    1.5481    1.3308    0.1520    1.1026    0.1309    0.2181
    
2023021800
   0    0.9097 -999.9900    1.5620    1.5620    0.8118    0.0423    1.1265    0.2683    0.3354
   0    0.7726 -999.9900    1.4840    1.4840    1.3322    0.1602    1.0568    0.1426    0.2296
   0    0.9055 -999.9900    1.5554    1.5554    0.8047    0.0480    1.1214    0.2652    0.3352
   0    0.7627 -999.9900    1.4496    1.4496    1.2973    0.1400    1.0378    0.1460    0.2336
    
2023021900
   0    0.8673 -999.9900    1.5395    1.5395    0.7670   -0.0158    1.0806    0.2855    0.2976
   0    0.6893 -999.9900    1.3331    1.3331    1.2357    0.0314    0.9430    0.1671    0.1655
   0    0.8661 -999.9900    1.5344    1.5344    0.7740   -0.0170    1.0764    0.2844    0.2969
   0    0.6909 -999.9900    1.3324    1.3324    1.2081    0.0211    0.9428    0.1734    0.1704
    
2023022000
   0    0.9447 -999.9900    1.6651    1.6651    0.7470    0.1549    1.1571    0.2341    0.3389
   0    0.7657 -999.9900    1.4856    1.4856    1.2910    0.1354    1.0387    0.1340    0.1951
   0    0.9417 -999.9900    1.6618    1.6618    0.7546    0.1522    1.1538    0.2328    0.3369
   0    0.7666 -999.9900    1.4778    1.4778    1.2586    0.1378    1.0339    0.1359    0.2086
    
2023022100
   0    1.0050 -999.9900    1.7478    1.7478    0.7571    0.0134    1.2235    0.3087    0.3257
   0    0.8432 -999.9900    1.6442    1.6442    1.2624    0.0531    1.1261    0.1828    0.2142
   0    0.9993 -999.9900    1.7465    1.7465    0.7730    0.0153    1.2173    0.3078    0.3218
   0    0.8414 -999.9900    1.6267    1.6267    1.2375    0.0462    1.1191    0.1890    0.2215
    
2023022200
   0    1.0802 -999.9900    1.8334    1.8334    0.7191   -0.0523    1.3056    0.3200    0.3570
   0    0.8804 -999.9900    1.6752    1.6752    1.3238    0.0100    1.1822    0.1989    0.2217
   0    1.0701 -999.9900    1.8123    1.8123    0.7031   -0.0467    1.2940    0.3160    0.3545
   0    0.8797 -999.9900    1.6587    1.6587    1.2702    0.0009    1.1804    0.2046    0.2298
    
2023022300
   0    0.9749 -999.9900    1.7073    1.7073    0.7178   -0.1798    1.1922    0.2879    0.3214
   0    0.7902 -999.9900    1.5626    1.5626    1.3082   -0.0340    1.0683    0.1655    0.1799
   0    0.9626 -999.9900    1.6912    1.6912    0.7062   -0.1832    1.1806    0.2915    0.3158
   0    0.7859 -999.9900    1.5392    1.5392    1.2646   -0.0652    1.0603    0.1726    0.1902
    
2023022400
   0    1.0153 -999.9900    1.8817    1.8817    0.8098   -0.1738    1.2429    0.2698    0.2914
   0    0.8475 -999.9900    1.7148    1.7148    1.3894   -0.0569    1.1436    0.1706    0.1463
   0    1.0099 -999.9900    1.8624    1.8624    0.7843   -0.1779    1.2352    0.2745    0.2921
   0    0.8414 -999.9900    1.6987    1.6987    1.3365   -0.0827    1.1342    0.1721    0.1540
    
2023022500
   0    1.0075 -999.9900    1.8146    1.8146    0.6886   -0.0807    1.2250    0.3004    0.2667
   0    0.8575 -999.9900    1.7187    1.7187    1.2651    0.0336    1.1606    0.1930    0.1698
   0    1.0037 -999.9900    1.8136    1.8136    0.7047   -0.0822    1.2244    0.3017    0.2609
   0    0.8537 -999.9900    1.7019    1.7019    1.2300    0.0098    1.1520    0.2005    0.1728
    
2023022600
   0    0.9728 -999.9900    1.7205    1.7205    0.8106   -0.0783    1.2065    0.2797    0.2960
   0    0.7988 -999.9900    1.5564    1.5564    1.3659    0.0700    1.0809    0.1622    0.1859
   0    0.9677 -999.9900    1.7163    1.7163    0.7919   -0.0549    1.1979    0.2748    0.3024
   0    0.7915 -999.9900    1.5366    1.5366    1.3300    0.0544    1.0671    0.1614    0.1935
    
2023022700
   0    1.1192 -999.9900    1.9299    1.9299    0.7535   -0.1552    1.3483    0.2660    0.3534
   0    0.8599 -999.9900    1.6596    1.6596    1.4244    0.1106    1.1453    0.1452    0.2217
   0    1.1185 -999.9900    1.9249    1.9249    0.7439   -0.1510    1.3451    0.2689    0.3556
   0    0.8654 -999.9900    1.6605    1.6605    1.3820    0.0599    1.1557    0.1515    0.2317
    
2023022800
   0    1.0337 -999.9900    1.7393    1.7393    0.6390   -0.0142    1.2466    0.2681    0.3619
   0    0.8462 -999.9900    1.5747    1.5747    1.2801    0.2609    1.1255    0.1268    0.2728
   0    1.0292 -999.9900    1.7338    1.7338    0.6495    0.0029    1.2467    0.2649    0.3634
   0    0.8438 -999.9900    1.5638    1.5638    1.2417    0.2207    1.1217    0.1309    0.2769
    
2023030100
   0    0.9624 -999.9900    1.6920    1.6920    0.7696    0.2573    1.1894    0.2141    0.3506
   0    0.8332 -999.9900    1.6135    1.6135    1.2786    0.4392    1.1310    0.1095    0.2575
   0    0.9556 -999.9900    1.6877    1.6877    0.7684    0.2744    1.1840    0.2099    0.3516
   0    0.8256 -999.9900    1.5886    1.5886    1.2453    0.4131    1.1150    0.1118    0.2580
    
2023030200
   0    0.9732 -999.9900    1.6693    1.6693    0.8082    0.0001    1.2106    0.3165    0.2482
   0    0.8122 -999.9900    1.5389    1.5389    1.1936    0.0856    1.0997    0.2057    0.1683
   0    0.9706 -999.9900    1.6564    1.6564    0.7780    0.0023    1.2047    0.3227    0.2496
   0    0.8164 -999.9900    1.5314    1.5314    1.1512    0.0698    1.1024    0.2163    0.1740
    
2023030300
   1 -999.9900 -999.9900 -999.9900 -999.9900 -999.9900 -999.9900 -999.9900 -999.9900 -999.9900
   1 -999.9900 -999.9900 -999.9900 -999.9900 -999.9900 -999.9900 -999.9900 -999.9900 -999.9900
   1 -999.9900 -999.9900 -999.9900 -999.9900 -999.9900 -999.9900 -999.9900 -999.9900 -999.9900
   1 -999.9900 -999.9900 -999.9900 -999.9900 -999.9900 -999.9900 -999.9900 -999.9900 -999.9900
    
2023030400
   0    0.8700 -999.9900    1.4963    1.4963    0.6682    0.1489    1.0595    0.2297    0.3179
   0    0.7513 -999.9900    1.4229    1.4229    1.1181    0.1776    1.0100    0.1282    0.2104
   0    0.8650 -999.9900    1.4916    1.4916    0.6867    0.1369    1.0570    0.2296    0.3143
   0    0.7457 -999.9900    1.4069    1.4069    1.0892    0.1646    0.9993    0.1316    0.2145
    
2023030500
   0    0.9541 -999.9900    1.6786    1.6786    0.7128   -0.0397    1.1502    0.2759    0.3110
   0    0.8187 -999.9900    1.5544    1.5544    1.1831    0.0495    1.1020    0.1663    0.2159
   0    0.9455 -999.9900    1.6657    1.6657    0.6939   -0.0214    1.1382    0.2739    0.3127
   0    0.8110 -999.9900    1.5408    1.5408    1.1420    0.0427    1.0824    0.1700    0.2192
    
2023030600
   0    0.8872 -999.9900    1.5634    1.5634    0.7893    0.0233    1.0866    0.2490    0.2949
   0    0.7704 -999.9900    1.4883    1.4883    1.2558   -0.0063    1.0411    0.1568    0.1771
   0    0.8844 -999.9900    1.5614    1.5614    0.8044    0.0325    1.0845    0.2440    0.2940
   0    0.7641 -999.9900    1.4653    1.4653    1.2306    0.0050    1.0256    0.1558    0.1831
    
2023030700
   0    0.9340 -999.9900    1.5983    1.5983    0.7014   -0.1822    1.1240    0.3165    0.2944
   0    0.7662 -999.9900    1.4699    1.4699    1.1893   -0.1814    1.0470    0.1965    0.1563
   0    0.9356 -999.9900    1.6033    1.6033    0.6932   -0.1952    1.1297    0.3172    0.2924
   0    0.7676 -999.9900    1.4627    1.4627    1.1557   -0.1893    1.0447    0.2054    0.1634
    
2023030800
   0    0.8536 -999.9900    1.5041    1.5041    0.7638    0.1983    1.0456    0.2129    0.3448
   0    0.6970 -999.9900    1.4011    1.4011    1.1557    0.0389    0.9460    0.1498    0.1480
   0    0.8561 -999.9900    1.5134    1.5134    0.7855    0.2066    1.0550    0.2132    0.3410
   0    0.6993 -999.9900    1.3903    1.3903    1.1468    0.0757    0.9486    0.1489    0.1605
    
2023030900
   0    0.9036 -999.9900    1.5517    1.5517    0.7360   -0.0646    1.1075    0.2874    0.3205
   0    0.6999 -999.9900    1.3616    1.3616    1.1640   -0.1197    0.9560    0.1873    0.1196
   0    0.9047 -999.9900    1.5742    1.5742    0.7738   -0.0372    1.1145    0.2707    0.3160
   0    0.7089 -999.9900    1.3779    1.3779    1.1565   -0.0922    0.9651    0.1815    0.1347
    
2023031000
   0    0.9969 -999.9900    1.7855    1.7855    0.5762   -0.0237    1.1901    0.3257    0.3086
   0    0.8498 -999.9900    1.7052    1.7052    1.1607   -0.0253    1.1275    0.2110    0.1517
   0    0.9936 -999.9900    1.7895    1.7895    0.5877   -0.0264    1.1911    0.3236    0.3021
   0    0.8461 -999.9900    1.6925    1.6925    1.1233   -0.0266    1.1186    0.2135    0.1572
    
2023031100
   0    0.8728 -999.9900    1.5022    1.5022    0.5970   -0.0242    1.0538    0.3096    0.3081
   0    0.7626 -999.9900    1.4904    1.4904    1.1493    0.0246    1.0285    0.2093    0.1564
   0    0.8794 -999.9900    1.5084    1.5084    0.5819   -0.0275    1.0585    0.3127    0.3079
   0    0.7548 -999.9900    1.4593    1.4593    1.1087    0.0127    1.0118    0.2103    0.1646
    
2023031200
   0    0.8638 -999.9900    1.5100    1.5100    0.5504   -0.1659    1.0385    0.3339    0.2926
   0    0.7172 -999.9900    1.4596    1.4596    1.1649   -0.0271    0.9805    0.1865    0.1398
   0    0.8582 -999.9900    1.5068    1.5068    0.5567   -0.1748    1.0354    0.3344    0.2825
   0    0.7093 -999.9900    1.4281    1.4281    1.1256   -0.0602    0.9681    0.1947    0.1398
    
2023031300
   0    0.9404 -999.9900    1.6457    1.6457    0.5296   -0.2347    1.1078    0.2981    0.3312
   0    0.7002 -999.9900    1.4056    1.4056    1.1570   -0.1369    0.9355    0.1549    0.1549
   0    0.9348 -999.9900    1.6377    1.6377    0.5408   -0.2362    1.1027    0.2970    0.3291
   0    0.7065 -999.9900    1.4112    1.4112    1.1182   -0.1573    0.9421    0.1640    0.1661
    
2023031400
   0    0.9000 -999.9900    1.5690    1.5690    0.5292    0.0042    1.0721    0.2758    0.3016
   0    0.7108 -999.9900    1.3861    1.3861    1.1313    0.1339    0.9504    0.1424    0.1740
   0    0.8958 -999.9900    1.5675    1.5675    0.5341    0.0020    1.0693    0.2744    0.2931
   0    0.7106 -999.9900    1.3848    1.3848    1.0924    0.1066    0.9506    0.1461    0.1794
    
2023031500
   0    0.8388 -999.9900    1.4305    1.4305    0.6134   -0.0742    1.0238    0.2781    0.2541
   0    0.6779 -999.9900    1.2833    1.2833    1.1230    0.0392    0.9221    0.1562    0.1361
   0    0.8328 -999.9900    1.4257    1.4257    0.5986   -0.0709    1.0139    0.2788    0.2529
   0    0.6731 -999.9900    1.2737    1.2737    1.0822    0.0185    0.9139    0.1592    0.1408
    
2023031600
   0    0.8797 -999.9900    1.4971    1.4971    0.7645   -0.0127    1.0818    0.2210    0.2915
   0    0.7285 -999.9900    1.3793    1.3793    1.1761   -0.0173    0.9984    0.1236    0.1557
   0    0.8745 -999.9900    1.4908    1.4908    0.7240   -0.0008    1.0735    0.2229    0.2940
   0    0.7244 -999.9900    1.3648    1.3648    1.1341   -0.0092    0.9877    0.1295    0.1635
    
2023031700
   0    0.8952 -999.9900    1.5392    1.5392    0.6224   -0.0233    1.0804    0.2730    0.2932
   0    0.6691 -999.9900    1.2850    1.2850    1.1298   -0.1060    0.9039    0.1648    0.1386
   0    0.8956 -999.9900    1.5395    1.5395    0.6154   -0.0312    1.0793    0.2767    0.2911
   0    0.6789 -999.9900    1.3021    1.3021    1.0933   -0.0942    0.9127    0.1729    0.1460
    
2023031800
   0    0.9730 -999.9900    1.6975    1.6975    0.6353   -0.3219    1.1527    0.3395    0.2222
   0    0.7406 -999.9900    1.4394    1.4394    1.1803   -0.3351    0.9972    0.2063    0.1042
   0    0.9684 -999.9900    1.6873    1.6873    0.6132   -0.3200    1.1457    0.3428    0.2188
   0    0.7470 -999.9900    1.4509    1.4509    1.1351   -0.3313    1.0001    0.2169    0.1090
    
2023031900
   0    0.8222 -999.9900    1.4790    1.4790    0.6299   -0.3014    1.0011    0.3330    0.1813
   0    0.6924 -999.9900    1.3807    1.3807    1.2055   -0.2029    0.9303    0.1748    0.0991
   0    0.8240 -999.9900    1.4835    1.4835    0.6142   -0.3003    1.0027    0.3322    0.1840
   0    0.6804 -999.9900    1.3535    1.3535    1.1710   -0.2219    0.9108    0.1787    0.0990
    
2023032000
   0    0.8282 -999.9900    1.4382    1.4382    0.6339   -0.0679    1.0186    0.2893    0.2735
   0    0.7835 -999.9900    1.5475    1.5475    1.2132    0.2241    1.0615    0.1309    0.2119
   0    0.8272 -999.9900    1.4318    1.4318    0.6384   -0.0900    1.0191    0.2941    0.2657
   0    0.7583 -999.9900    1.4747    1.4747    1.1862    0.1524    1.0242    0.1399    0.2033
    
2023032100
   0    0.8164 -999.9900    1.4227    1.4227    0.5795   -0.0212    1.0024    0.2790    0.3215
   0    0.7360 -999.9900    1.4308    1.4308    1.0936    0.2616    0.9988    0.1389    0.2586
   0    0.8105 -999.9900    1.4187    1.4187    0.6016   -0.0462    1.0008    0.2793    0.3072
   0    0.7204 -999.9900    1.3880    1.3880    1.0727    0.1900    0.9762    0.1470    0.2457
    
2023032200
   0    0.7889 -999.9900    1.4031    1.4031    0.6175    0.0149    0.9679    0.2657    0.3059
   0    0.6758 -999.9900    1.3240    1.3240    1.1890    0.3373    0.9212    0.1136    0.2284
   0    0.7849 -999.9900    1.3989    1.3989    0.6283    0.0198    0.9674    0.2637    0.3030
   0    0.6669 -999.9900    1.2895    1.2895    1.1590    0.2758    0.9021    0.1226    0.2259
    
2023032300
   0    0.7619 -999.9900    1.3318    1.3318    0.6537   -0.2007    0.9491    0.3014    0.2469
   0    0.6353 -999.9900    1.2338    1.2338    1.1062   -0.0014    0.8717    0.1507    0.1548
   0    0.7526 -999.9900    1.3246    1.3246    0.6525   -0.1955    0.9416    0.2938    0.2460
   0    0.6298 -999.9900    1.2121    1.2121    1.0757   -0.0381    0.8589    0.1606    0.1560
    
2023032400
   0    0.8522 -999.9900    1.4449    1.4449    0.6855    0.0454    1.0412    0.2428    0.3227
   0    0.7195 -999.9900    1.3657    1.3657    1.0152    0.1526    0.9534    0.1540    0.2266
   0    0.8464 -999.9900    1.4353    1.4353    0.6898    0.0262    1.0366    0.2463    0.3155
   0    0.7185 -999.9900    1.3503    1.3503    0.9969    0.1196    0.9526    0.1610    0.2257
    
2023032500
   0    0.8553 -999.9900    1.5616    1.5616    0.6095   -0.0515    1.0364    0.2855    0.3505
   0    0.6732 -999.9900    1.3481    1.3481    1.0318    0.0124    0.9046    0.1792    0.2163
   0    0.8508 -999.9900    1.5511    1.5511    0.6166   -0.0515    1.0327    0.2834    0.3469
   0    0.6790 -999.9900    1.3555    1.3555    1.0088   -0.0003    0.9094    0.1818    0.2238
    
2023032600
   0    0.8267 -999.9900    1.4249    1.4249    0.6315    0.0940    1.0076    0.2379    0.3769
   0    0.6392 -999.9900    1.2500    1.2500    1.0072    0.0758    0.8520    0.1476    0.2085
   0    0.8219 -999.9900    1.4282    1.4282    0.6258    0.1091    1.0023    0.2278    0.3816
   0    0.6447 -999.9900    1.2585    1.2585    0.9836    0.0884    0.8620    0.1425    0.2242
    
2023032700
   0    0.7748 -999.9900    1.2907    1.2907    0.5448    0.1612    0.9394    0.2235    0.3886
   0    0.6318 -999.9900    1.2221    1.2221    0.9708    0.0851    0.8533    0.1516    0.1941
   0    0.7730 -999.9900    1.2930    1.2930    0.5398    0.1652    0.9393    0.2227    0.3900
   0    0.6296 -999.9900    1.2056    1.2056    0.9435    0.1028    0.8494    0.1523    0.2059
    
2023032800
   0    0.7329 -999.9900    1.2882    1.2882    0.5085   -0.0486    0.8828    0.3384    0.2881
   0    0.6327 -999.9900    1.2454    1.2454    0.9987   -0.1482    0.8537    0.2428    0.1302
   0    0.7297 -999.9900    1.2879    1.2879    0.5166   -0.0423    0.8811    0.3316    0.2863
   0    0.6215 -999.9900    1.2189    1.2189    0.9708   -0.1245    0.8354    0.2403    0.1344
    
2023032900
   0    0.8054 -999.9900    1.4803    1.4803    0.5288    0.0483    0.9724    0.3525    0.3061
   0    0.6470 -999.9900    1.3112    1.3112    0.9900   -0.0550    0.8674    0.2348    0.1522
   0    0.8013 -999.9900    1.4748    1.4748    0.5260    0.0399    0.9681    0.3487    0.3013
   0    0.6482 -999.9900    1.3148    1.3148    0.9567   -0.0394    0.8670    0.2363    0.1585
    
2023033000
   0    0.7274 -999.9900    1.2691    1.2691    0.4944   -0.0741    0.8830    0.3149    0.3415
   0    0.5885 -999.9900    1.1341    1.1341    0.8868   -0.0546    0.7902    0.1975    0.1830
   0    0.7261 -999.9900    1.2723    1.2723    0.4856   -0.0830    0.8832    0.3156    0.3358
   0    0.5908 -999.9900    1.1374    1.1374    0.8583   -0.0638    0.7940    0.2020    0.1899
    
2023033100
   0    0.7237 -999.9900    1.2403    1.2403    0.4540   -0.0424    0.8791    0.3191    0.3192
   0    0.5737 -999.9900    1.1210    1.1210    0.9386    0.0708    0.7778    0.1745    0.1730
   0    0.7169 -999.9900    1.2345    1.2345    0.4558   -0.0254    0.8723    0.3090    0.3172
   0    0.5740 -999.9900    1.1114    1.1114    0.9044    0.0583    0.7756    0.1788    0.1843
    
2023040100
    
