2022120700
   1 -999.9900 -999.9900 -999.9900 -999.9900 -999.9900 -999.9900 -999.9900 -999.9900 -999.9900
   1 -999.9900 -999.9900 -999.9900 -999.9900 -999.9900 -999.9900 -999.9900 -999.9900 -999.9900
   1 -999.9900 -999.9900 -999.9900 -999.9900 -999.9900 -999.9900 -999.9900 -999.9900 -999.9900
   1 -999.9900 -999.9900 -999.9900 -999.9900 -999.9900 -999.9900 -999.9900 -999.9900 -999.9900
    
2022120800
   1 -999.9900 -999.9900 -999.9900 -999.9900 -999.9900 -999.9900 -999.9900 -999.9900 -999.9900
   1 -999.9900 -999.9900 -999.9900 -999.9900 -999.9900 -999.9900 -999.9900 -999.9900 -999.9900
   1 -999.9900 -999.9900 -999.9900 -999.9900 -999.9900 -999.9900 -999.9900 -999.9900 -999.9900
   1 -999.9900 -999.9900 -999.9900 -999.9900 -999.9900 -999.9900 -999.9900 -999.9900 -999.9900
    
2022120900
   1 -999.9900 -999.9900 -999.9900 -999.9900 -999.9900 -999.9900 -999.9900 -999.9900 -999.9900
   1 -999.9900 -999.9900 -999.9900 -999.9900 -999.9900 -999.9900 -999.9900 -999.9900 -999.9900
   1 -999.9900 -999.9900 -999.9900 -999.9900 -999.9900 -999.9900 -999.9900 -999.9900 -999.9900
   1 -999.9900 -999.9900 -999.9900 -999.9900 -999.9900 -999.9900 -999.9900 -999.9900 -999.9900
    
2022121000
   1 -999.9900 -999.9900 -999.9900 -999.9900 -999.9900 -999.9900 -999.9900 -999.9900 -999.9900
   1 -999.9900 -999.9900 -999.9900 -999.9900 -999.9900 -999.9900 -999.9900 -999.9900 -999.9900
   1 -999.9900 -999.9900 -999.9900 -999.9900 -999.9900 -999.9900 -999.9900 -999.9900 -999.9900
   1 -999.9900 -999.9900 -999.9900 -999.9900 -999.9900 -999.9900 -999.9900 -999.9900 -999.9900
    
2022121100
   1 -999.9900 -999.9900 -999.9900 -999.9900 -999.9900 -999.9900 -999.9900 -999.9900 -999.9900
   1 -999.9900 -999.9900 -999.9900 -999.9900 -999.9900 -999.9900 -999.9900 -999.9900 -999.9900
   1 -999.9900 -999.9900 -999.9900 -999.9900 -999.9900 -999.9900 -999.9900 -999.9900 -999.9900
   1 -999.9900 -999.9900 -999.9900 -999.9900 -999.9900 -999.9900 -999.9900 -999.9900 -999.9900
    
2022121200
   1 -999.9900 -999.9900 -999.9900 -999.9900 -999.9900 -999.9900 -999.9900 -999.9900 -999.9900
   1 -999.9900 -999.9900 -999.9900 -999.9900 -999.9900 -999.9900 -999.9900 -999.9900 -999.9900
   1 -999.9900 -999.9900 -999.9900 -999.9900 -999.9900 -999.9900 -999.9900 -999.9900 -999.9900
   1 -999.9900 -999.9900 -999.9900 -999.9900 -999.9900 -999.9900 -999.9900 -999.9900 -999.9900
    
2022121300
   1 -999.9900 -999.9900 -999.9900 -999.9900 -999.9900 -999.9900 -999.9900 -999.9900 -999.9900
   1 -999.9900 -999.9900 -999.9900 -999.9900 -999.9900 -999.9900 -999.9900 -999.9900 -999.9900
   1 -999.9900 -999.9900 -999.9900 -999.9900 -999.9900 -999.9900 -999.9900 -999.9900 -999.9900
   1 -999.9900 -999.9900 -999.9900 -999.9900 -999.9900 -999.9900 -999.9900 -999.9900 -999.9900
    
2022121400
   1 -999.9900 -999.9900 -999.9900 -999.9900 -999.9900 -999.9900 -999.9900 -999.9900 -999.9900
   1 -999.9900 -999.9900 -999.9900 -999.9900 -999.9900 -999.9900 -999.9900 -999.9900 -999.9900
   1 -999.9900 -999.9900 -999.9900 -999.9900 -999.9900 -999.9900 -999.9900 -999.9900 -999.9900
   1 -999.9900 -999.9900 -999.9900 -999.9900 -999.9900 -999.9900 -999.9900 -999.9900 -999.9900
    
2022121500
   1 -999.9900 -999.9900 -999.9900 -999.9900 -999.9900 -999.9900 -999.9900 -999.9900 -999.9900
   1 -999.9900 -999.9900 -999.9900 -999.9900 -999.9900 -999.9900 -999.9900 -999.9900 -999.9900
   1 -999.9900 -999.9900 -999.9900 -999.9900 -999.9900 -999.9900 -999.9900 -999.9900 -999.9900
   1 -999.9900 -999.9900 -999.9900 -999.9900 -999.9900 -999.9900 -999.9900 -999.9900 -999.9900
    
2022121600
   1 -999.9900 -999.9900 -999.9900 -999.9900 -999.9900 -999.9900 -999.9900 -999.9900 -999.9900
   1 -999.9900 -999.9900 -999.9900 -999.9900 -999.9900 -999.9900 -999.9900 -999.9900 -999.9900
   1 -999.9900 -999.9900 -999.9900 -999.9900 -999.9900 -999.9900 -999.9900 -999.9900 -999.9900
   1 -999.9900 -999.9900 -999.9900 -999.9900 -999.9900 -999.9900 -999.9900 -999.9900 -999.9900
    
2022121700
   0  619.7014 -999.9900 1168.0663 1168.0663  873.3724 -231.0922  847.6486    0.2451    0.1178
   0  616.1145 -999.9900 1179.6011 1179.6011  915.4789 -211.8777  852.6614    0.2111    0.1134
   0  592.3931 -999.9900 1127.5422 1127.5422  927.0805 -216.2870  816.7070    0.1975    0.0996
   0  599.1495 -999.9900 1150.6991 1150.6991  941.3910 -206.8482  831.0463    0.1818    0.1013
    
2022121800
   0  552.8372 -999.9900 1054.1166 1054.1166 1037.6100 -120.7699  751.1547    0.1570    0.0725
   0  540.4325 -999.9900 1041.3247 1041.3247  987.6343 -115.3836  741.3898    0.1561    0.0702
   0  539.5599 -999.9900 1037.1809 1037.1809 1024.2334 -100.1327  737.8113    0.1359    0.0740
   0  534.7414 -999.9900 1033.9897 1033.9897  989.4711 -104.0890  734.9905    0.1459    0.0702
    
2022121900
   0  553.4562 -999.9900 1053.7161 1053.7161  921.5051  -66.1569  757.1074    0.1527    0.1040
   0  566.6822 -999.9900 1094.1650 1094.1650  974.0786  -41.8117  775.3959    0.1439    0.0982
   0  569.1383 -999.9900 1087.3575 1087.3575  932.4609  -34.3619  778.8501    0.1591    0.0978
   0  573.8005 -999.9900 1107.7220 1107.7220  967.6826  -27.6020  785.7997    0.1481    0.0984
    
2022122000
   0  609.9320 -999.9900 1131.0654 1131.0654  945.9765  -47.4787  831.7401    0.1921    0.1174
   0  598.4892 -999.9900 1122.3903 1122.3903  951.5892  -29.3708  819.1120    0.1772    0.1106
   0  618.0891 -999.9900 1155.3553 1155.3553  943.8569  -87.7984  849.0552    0.2002    0.1004
   0  618.0891 -999.9900 1155.3553 1155.3553  943.8569  -87.7984  849.0552    0.2002    0.1004
    
2022122100
   1 -999.9900 -999.9900 -999.9900 -999.9900 -999.9900 -999.9900 -999.9900 -999.9900 -999.9900
   0  629.0156 -999.9900 1180.8651 1180.8651  931.9399    1.2410  867.5363    0.1697    0.1540
   0  671.3249 -999.9900 1224.9054 1224.9054  889.9525  -27.4690  914.0042    0.2121    0.1754
   0  671.3249 -999.9900 1224.9054 1224.9054  889.9525  -27.4690  914.0042    0.2121    0.1754
    
2022122200
   0  698.0981 -999.9900 1301.4250 1301.4250  909.6481   17.7557  952.6181    0.2078    0.1799
   0  689.6249 -999.9900 1306.6935 1306.6935  956.8199   20.0820  953.7167    0.2005    0.1608
   0  664.1464 -999.9900 1242.6376 1242.6376  916.9033  -34.6059  910.6734    0.2129    0.1417
   0  664.1464 -999.9900 1242.6376 1242.6376  916.9033  -34.6059  910.6734    0.2129    0.1417
    
2022122300
   0  730.1044 -999.9900 1337.7838 1337.7838  964.0229   42.3829 1010.9648    0.2298    0.1957
   0  712.3182 -999.9900 1313.2795 1313.2795  998.9353   -4.3031  991.6836    0.2321    0.1729
   0  668.1281 -999.9900 1233.4823 1233.4823  951.5938  -14.0265  932.8168    0.2315    0.1449
   0  668.1281 -999.9900 1233.4823 1233.4823  951.5938  -14.0265  932.8168    0.2315    0.1449
    
2022122400
   0  719.3671 -999.9900 1317.5887 1317.5887  937.9088   99.0422  997.6097    0.2215    0.1933
   0  709.0831 -999.9900 1304.6735 1304.6735  963.9329   82.6798  990.0363    0.2100    0.1739
   0  669.8952 -999.9900 1225.2059 1225.2059  918.4317   25.0292  934.4206    0.2144    0.1566
   0  687.8790 -999.9900 1269.2589 1269.2589  967.9585   47.6881  965.7518    0.1980    0.1556
    
2022122500
   0  634.8103 -999.9900 1177.8511 1177.8511  922.5062  114.0789  867.8807    0.1705    0.1487
   0  624.5218 -999.9900 1165.1084 1165.1084  956.0215  120.3920  864.1459    0.1493    0.1432
   0  601.6089 -999.9900 1114.9535 1114.9535  914.6801   56.4000  828.5100    0.1800    0.1249
   0  614.0007 -999.9900 1149.3173 1149.3173  971.4494   90.2679  856.8328    0.1499    0.1265
    
2022122600
   0  629.1016 -999.9900 1193.9291 1193.9291  956.7059  187.6039  860.7227    0.1297    0.1747
   0  602.5027 -999.9900 1155.7758 1155.7758  991.0577  166.3127  833.9758    0.1095    0.1357
   0  562.4279 -999.9900 1068.2341 1068.2341  951.3255  139.4357  770.9033    0.1241    0.1293
   0  576.8422 -999.9900 1110.4335 1110.4335 1003.2531  146.9648  800.6729    0.1013    0.1161
    
2022122700
   0  556.5475 -999.9900 1038.9478 1038.9478  958.2726  156.1146  745.5720    0.1213    0.1500
   0  565.3886 -999.9900 1078.8960 1078.8960 1016.1570  171.7974  764.9934    0.1055    0.1308
   0  543.5465 -999.9900 1019.4689 1019.4689  946.4380  161.4229  734.7139    0.1145    0.1348
   0  555.4692 -999.9900 1058.0232 1058.0232  999.9133  172.2398  755.6949    0.1058    0.1233
    
2022122800
   0  518.0389 -999.9900  958.8579  958.8579  911.2178  209.6534  695.9589    0.0983    0.1467
   0  502.2152 -999.9900  936.4442  936.4442  914.7772  187.6687  676.9442    0.0898    0.1247
   0  500.6608 -999.9900  930.5804  930.5804  902.8189  199.5601  671.3792    0.0924    0.1307
   0  492.9304 -999.9900  919.8032  919.8032  913.7249  185.8467  663.8397    0.0857    0.1178
    
2022122900
   0  536.4188 -999.9900 1006.3036 1006.3036  919.5487  188.3627  730.2217    0.0968    0.1654
   0  520.8976 -999.9900  978.9964  978.9964  947.0450  192.3421  712.3968    0.0913    0.1550
   0  541.3992 -999.9900 1011.6335 1011.6335  914.2345  187.6661  741.1859    0.0998    0.1694
   0  525.5234 -999.9900  985.8837  985.8837  940.2365  191.9673  720.5269    0.0929    0.1569
    
2022123000
   0  562.1642 -999.9900 1084.3322 1084.3322  922.9952  251.2335  760.7103    0.0807    0.1999
   0  538.3271 -999.9900 1045.9508 1045.9508  938.9868  215.7969  736.8462    0.0722    0.1551
   0  557.6242 -999.9900 1080.8716 1080.8716  937.7372  234.3203  761.6998    0.0911    0.1782
   0  540.8777 -999.9900 1051.9589 1051.9589  943.7471  213.3685  743.0190    0.0804    0.1528
    
2022123100
   0  598.2309 -999.9900 1149.6909 1149.6909  878.9695  226.4497  813.7475    0.1343    0.1951
   0  556.4958 -999.9900 1090.9441 1090.9441  908.4606  175.6371  759.2159    0.1032    0.1513
   0  582.1375 -999.9900 1131.0222 1131.0222  895.0441  218.8861  795.9840    0.1227    0.1779
   0  555.2916 -999.9900 1091.9603 1091.9603  910.9227  181.4454  760.1503    0.1004    0.1527
    
2023010100
   0  551.5789 -999.9900 1104.0431 1104.0431  849.1333  131.1001  736.3037    0.1338    0.1459
   0  504.7307 -999.9900 1004.7915 1004.7915  861.4902  102.9209  677.9459    0.1058    0.1288
   0  540.6569 -999.9900 1079.7635 1079.7635  838.4257  130.7094  728.9438    0.1315    0.1476
   0  506.7769 -999.9900 1009.0291 1009.0291  853.6580  108.3214  683.5207    0.1046    0.1327
    
2023010200
   0  505.7481 -999.9900 1013.9936 1013.9936  910.0583  176.9238  684.1897    0.0766    0.1554
   0  502.2401 -999.9900  997.1222  997.1222  903.2462  179.1064  677.3651    0.0712    0.1435
   0  502.5820 -999.9900 1012.7525 1012.7525  896.5268  197.2460  671.7488    0.0656    0.1553
   0  500.2032 -999.9900  997.1262  997.1262  899.6049  190.8664  670.1428    0.0652    0.1408
    
2023010300
   0  547.1660 -999.9900 1046.9589 1046.9589  916.0078  178.5356  749.1041    0.0971    0.1605
   0  534.7491 -999.9900 1022.7615 1022.7615  924.4860  170.3329  732.2261    0.0829    0.1431
   0  543.3088 -999.9900 1046.7798 1046.7798  910.1371  184.6955  741.5624    0.0900    0.1498
   0  533.9562 -999.9900 1025.1832 1025.1832  921.9976  175.6684  728.4912    0.0837    0.1401
    
2023010400
   0  512.4924 -999.9900  958.6072  958.6072  853.6578  165.4805  691.5300    0.0971    0.1619
   0  514.1663 -999.9900  959.7429  959.7429  856.8640  161.4948  692.9492    0.0836    0.1610
   0  517.4014 -999.9900  965.6009  965.6009  859.6113  155.5829  695.3358    0.0960    0.1531
   0  515.6557 -999.9900  961.8323  961.8323  861.8784  156.3564  694.7959    0.0861    0.1543
    
2023010500
   0  501.0715 -999.9900  956.2889  956.2889  868.9780   64.9945  674.6597    0.1217    0.1192
   0  499.2344 -999.9900  954.6795  954.6795  886.0704   76.3520  675.7966    0.1086    0.1136
   0  495.5922 -999.9900  946.1396  946.1396  858.8943   69.0892  663.9505    0.1292    0.1183
   0  495.8262 -999.9900  947.7806  947.7806  877.9984   76.5416  668.6790    0.1113    0.1140
    
2023010600
   0  469.1537 -999.9900  888.8954  888.8954  877.8546   94.8126  631.0190    0.1039    0.1162
   0  455.0905 -999.9900  870.4134  870.4134  894.4659   83.9085  612.2897    0.0873    0.0982
   0  469.5460 -999.9900  895.1787  895.1787  873.7523   83.0537  630.6353    0.1200    0.1056
   0  457.9987 -999.9900  877.1756  877.1756  889.5183   79.0275  616.5047    0.0967    0.0972
    
2023010700
   0  444.4880 -999.9900  839.3442  839.3442  824.8135   34.9463  600.9021    0.1038    0.1155
   0  435.5763 -999.9900  822.5286  822.5286  879.3438   22.6448  591.3905    0.0796    0.0966
   0  440.7434 -999.9900  835.2458  835.2458  833.0778   53.7735  593.4682    0.0862    0.1156
   0  434.9818 -999.9900  823.4966  823.4966  873.0668   36.4196  589.2761    0.0746    0.1014
    
2023010800
   0  492.8325 -999.9900  941.5368  941.5368  860.7277   44.6057  666.7568    0.1011    0.1245
   0  447.8156 -999.9900  861.2383  861.2383  886.2513   24.3567  612.4965    0.0632    0.0950
   0  494.1793 -999.9900  948.5899  948.5899  860.2880   63.1674  675.0437    0.0943    0.1293
   0  456.7600 -999.9900  880.1985  880.1985  883.1205   39.5366  627.4280    0.0634    0.1018
    
2023010900
   0  514.9980 -999.9900  987.5682  987.5682  806.0797   50.8935  713.2617    0.1154    0.1465
   0  485.6020 -999.9900  932.2022  932.2022  844.3491   32.6041  679.7465    0.1031    0.1198
   0  506.8591 -999.9900  971.5342  971.5342  838.2997   58.7273  698.8578    0.1056    0.1347
   0  485.8314 -999.9900  931.9161  931.9161  856.9705   40.9668  677.5231    0.0996    0.1182
    
2023011000
   0  515.5820 -999.9900  949.9243  949.9243  853.4626  111.5476  695.3273    0.1095    0.1499
   0  491.7430 -999.9900  924.7701  924.7701  881.0006   90.0591  665.5178    0.0887    0.1234
   0  522.5540 -999.9900  969.2933  969.2933  852.9840  140.6300  708.2114    0.1027    0.1573
   0  498.1746 -999.9900  938.4025  938.4025  878.8545  111.8049  677.3411    0.0892    0.1300
    
2023011100
   0  588.5201 -999.9900 1081.0132 1081.0132  870.5231   99.1452  804.2506    0.1164    0.1578
   0  541.4474 -999.9900 1015.2828 1015.2828  885.5811   95.5040  745.5031    0.0922    0.1252
   0  596.1506 -999.9900 1089.1177 1089.1177  851.6182   98.3150  813.8120    0.1349    0.1619
   0  553.4382 -999.9900 1032.2064 1032.2064  873.5800   95.7399  761.9893    0.1031    0.1347
    
2023011200
   0  548.8096 -999.9900 1017.0807 1017.0807  893.3309   72.9324  732.9002    0.0927    0.1497
   0  520.7216 -999.9900  972.5854  972.5854  900.8854   59.1893  697.9492    0.0852    0.1261
   0  550.4453 -999.9900 1012.0255 1012.0255  887.7184   61.9237  732.0261    0.0926    0.1510
   0  526.3859 -999.9900  977.6403  977.6403  897.0149   55.3390  703.7859    0.0862    0.1324
    
2023011300
   0  516.1991 -999.9900  939.1983  939.1983  902.8832   33.5685  679.0375    0.1009    0.1490
   0  502.3702 -999.9900  915.6181  915.6181  903.4218   -4.4977  663.5179    0.0980    0.1212
   0  505.6694 -999.9900  929.2852  929.2852  902.9134   12.5639  671.1198    0.1021    0.1219
   0  499.1819 -999.9900  914.4958  914.4958  903.1458   -9.4861  661.3797    0.0991    0.1107
    
2023011400
   0  495.5035 -999.9900  890.8232  890.8232  863.7678  -10.8189  658.4667    0.1155    0.1220
   0  495.4766 -999.9900  895.3575  895.3575  866.3908   -9.6522  658.2896    0.1147    0.1106
   0  496.1738 -999.9900  903.3250  903.3250  865.1027    4.2144  660.2955    0.1029    0.1259
   0  495.9685 -999.9900  902.0352  902.0352  866.5444   -0.8610  660.2778    0.1082    0.1141
    
2023011500
   0  563.9957 -999.9900 1025.5139 1025.5139  909.2964  101.0450  773.1071    0.1016    0.1681
   0  532.0026 -999.9900  977.3579  977.3579  946.0098   93.3481  734.6725    0.0879    0.1361
   0  550.7434 -999.9900 1000.2822 1000.2822  901.0001   94.4271  753.8698    0.1043    0.1573
   0  530.7952 -999.9900  972.3427  972.3427  933.0164   90.9320  731.8105    0.0922    0.1371
    
2023011600
   0  612.0057 -999.9900 1111.2882 1111.2882  916.2584  117.6426  832.6668    0.1154    0.1883
   0  579.5974 -999.9900 1064.6700 1064.6700  922.5248  113.3496  803.3878    0.1077    0.1687
   0  606.2486 -999.9900 1106.0419 1106.0419  922.0641  116.2203  831.4701    0.0940    0.1895
   0  580.3679 -999.9900 1067.6107 1067.6107  928.5580  113.3386  806.2016    0.0924    0.1643
    
2023011700
   0  605.5361 -999.9900 1142.8717 1142.8717  933.9595  125.9796  848.6636    0.1329    0.1761
   0  589.4070 -999.9900 1104.7635 1104.7635  950.2558  100.1598  821.9617    0.1223    0.1519
   0  583.0578 -999.9900 1096.0490 1096.0490  897.1313  116.0068  817.1100    0.1293    0.1685
   0  579.8528 -999.9900 1084.4102 1084.4102  924.9792   99.3400  808.3308    0.1225    0.1527
    
2023011800
   0  579.3553 -999.9900 1094.9956 1094.9956  930.7128   80.5625  794.3131    0.1341    0.1487
   0  565.6462 -999.9900 1076.5508 1076.5508  929.8127   84.3014  778.4114    0.1147    0.1466
   0  556.3448 -999.9900 1048.5631 1048.5631  913.7817   68.0102  764.7991    0.1233    0.1449
   0  554.7668 -999.9900 1051.9480 1051.9480  920.3755   76.0314  762.7985    0.1127    0.1459
    
2023011900
   0  518.3394 -999.9900  957.5504  957.5504  938.3642    8.0650  712.1061    0.1320    0.1167
   0  512.7077 -999.9900  954.9437  954.9437  944.7866  -11.6737  709.5959    0.1247    0.1072
   0  525.6661 -999.9900  972.7090  972.7090  906.7439    0.6609  722.8629    0.1385    0.1269
   0  518.7262 -999.9900  964.5643  964.5643  925.0503  -12.1661  716.7041    0.1317    0.1169
    
2023012000
   0  535.6336 -999.9900  997.0461  997.0461  902.1890   23.3549  716.9444    0.1353    0.1516
   0  508.7230 -999.9900  952.3118  952.3118  934.1304    2.6408  689.0157    0.1148    0.1204
   0  513.5264 -999.9900  959.6583  959.6583  900.7330   10.4294  691.1679    0.1254    0.1328
   0  501.9269 -999.9900  940.8079  940.8079  924.2885   -0.9592  680.8661    0.1106    0.1169
    
2023012100
   0  562.4288 -999.9900 1077.3508 1077.3508  848.6196  -26.6351  761.7145    0.1490    0.1549
   0  550.2303 -999.9900 1052.1599 1052.1599  904.3727  -27.8176  757.0415    0.1256    0.1390
   0  565.5388 -999.9900 1084.3977 1084.3977  863.5939  -21.5563  770.6151    0.1419    0.1571
   0  554.0933 -999.9900 1061.0288 1061.0288  902.3649  -24.5400  762.4315    0.1265    0.1422
    
2023012200
   0  581.6649 -999.9900 1092.3383 1092.3383  852.5461 -122.2981  795.9896    0.1885    0.1511
   0  584.2034 -999.9900 1101.2063 1101.2063  892.7033 -125.3731  808.6271    0.1765    0.1472
   0  570.3317 -999.9900 1074.4376 1074.4376  855.7079 -111.0752  779.3669    0.1847    0.1475
   0  589.4926 -999.9900 1120.9777 1120.9777  906.0110 -114.2830  816.3865    0.1758    0.1393
    
2023012300
   0  575.2290 -999.9900 1080.4220 1080.4220  885.6471 -128.9863  792.3902    0.1735    0.1459
   0  580.1899 -999.9900 1101.5397 1101.5397  900.2233 -167.8629  800.4713    0.1783    0.1296
   0  561.6411 -999.9900 1061.9996 1061.9996  874.6950 -125.3395  775.1903    0.1679    0.1423
   0  569.4550 -999.9900 1083.8234 1083.8234  893.3798 -157.3894  787.7286    0.1663    0.1315
    
2023012400
   0  569.7358 -999.9900 1053.3826 1053.3826  852.3981  -71.9461  779.1377    0.1738    0.1528
   0  541.6786 -999.9900 1026.6090 1026.6090  900.9340 -106.4130  745.5630    0.1413    0.1258
   0  562.4951 -999.9900 1043.0892 1043.0892  857.2595  -78.9718  771.2031    0.1646    0.1484
   0  542.7670 -999.9900 1025.4930 1025.4930  894.1829 -103.7064  747.1899    0.1401    0.1281
    
2023012500
   0  592.9504 -999.9900 1118.1874 1118.1874  898.8212  -58.4727  808.8463    0.1512    0.1549
   0  589.0191 -999.9900 1126.2228 1126.2228  943.5293  -83.8737  805.7155    0.1387    0.1396
   0  597.5101 -999.9900 1128.0754 1128.0754  897.5746  -58.4444  812.6996    0.1553    0.1590
   0  591.5926 -999.9900 1130.1029 1130.1029  933.7578  -78.5376  808.7305    0.1436    0.1434
    
2023012600
   0  617.0887 -999.9900 1200.0140 1200.0140  935.7756 -150.0368  835.9507    0.1610    0.1430
   0  623.0018 -999.9900 1217.0184 1217.0184  948.6819 -144.4845  854.2772    0.1375    0.1428
   0  620.5275 -999.9900 1202.7076 1202.7076  915.0399 -149.4578  848.7062    0.1558    0.1517
   0  625.1451 -999.9900 1217.3770 1217.3770  931.1183 -145.2388  858.2261    0.1418    0.1481
    
2023012700
   0  631.6888 -999.9900 1171.2522 1171.2522  900.1567  -75.0811  870.4531    0.1583    0.1807
   0  606.0231 -999.9900 1145.9795 1145.9795  955.4194  -84.5842  840.9921    0.1384    0.1518
   0  636.4662 -999.9900 1186.0370 1186.0370  912.5554  -91.2650  877.0170    0.1555    0.1783
   0  614.9175 -999.9900 1162.0222 1162.0222  949.0510  -92.1151  852.7816    0.1447    0.1548
    
2023012800
   0  643.9056 -999.9900 1194.7495 1194.7495  932.8783  -15.0776  883.0940    0.1641    0.2101
   0  633.9984 -999.9900 1202.8452 1202.8452  970.6099  -48.6817  881.4134    0.1411    0.1951
   0  630.1799 -999.9900 1178.1868 1178.1868  943.1500   -8.0562  868.8899    0.1551    0.2030
   0  627.6583 -999.9900 1189.9420 1189.9420  971.5822  -37.6057  873.2704    0.1391    0.1940
    
2023012900
   0  553.3149 -999.9900 1059.3798 1059.3798  941.1878   35.3295  762.4147    0.1147    0.1539
   0  569.0992 -999.9900 1086.7900 1086.7900  974.8830    5.5471  789.3345    0.1081    0.1564
   0  569.3571 -999.9900 1100.1100 1100.1100  977.9106   36.3530  783.7795    0.1077    0.1582
   0  573.9235 -999.9900 1101.4678 1101.4678  994.2244   11.5813  795.4205    0.1073    0.1533
    
2023013000
   0  605.7466 -999.9900 1171.4447 1171.4447  993.5817  106.2979  828.6607    0.1002    0.1825
   0  604.5457 -999.9900 1163.4620 1163.4620 1003.5150   61.4752  837.0505    0.1021    0.1771
   0  593.0104 -999.9900 1142.4861 1142.4861  975.6849  105.9724  814.3913    0.0978    0.1791
   0  596.3705 -999.9900 1147.1927 1147.1927  991.5839   70.2415  825.3905    0.1006    0.1748
    
2023013100
   0  508.2253 -999.9900  934.3572  934.3572  947.5645  100.5317  676.5923    0.0769    0.1603
   0  508.7689 -999.9900  961.3141  961.3141  978.2079   54.1416  687.2944    0.0757    0.1379
   0  507.9571 -999.9900  940.9221  940.9221  921.4634   87.2698  677.2316    0.0807    0.1614
   0  507.7114 -999.9900  958.8116  958.8116  958.1181   55.4829  684.3567    0.0787    0.1423
    
2023020100
   0  472.6879 -999.9900  857.6128  857.6128  900.3192  146.1171  625.9926    0.0660    0.1679
   0  466.6682 -999.9900  866.7938  866.7938  953.4833   93.8893  624.5427    0.0606    0.1275
   0  460.6754 -999.9900  847.7859  847.7859  906.6863  128.8964  612.1640    0.0659    0.1433
   0  463.3808 -999.9900  862.1879  862.1879  943.6384   94.0079  621.0152    0.0620    0.1267
    
2023020200
   0  476.8366 -999.9900  867.0406  867.0406  928.2783  108.3314  641.5851    0.0808    0.1257
   0  446.9486 -999.9900  803.3986  803.3986  969.9712   44.0450  594.9841    0.0768    0.0784
   0  475.6897 -999.9900  867.7988  867.7988  928.3000  101.3655  640.9512    0.0818    0.1190
   0  448.0059 -999.9900  806.8118  806.8118  970.3709   52.7140  596.8318    0.0777    0.0788
    
2023020300
   0  476.0714 -999.9900  885.1002  885.1002  919.5073   65.9900  627.6487    0.0860    0.1040
   0  471.2647 -999.9900  872.0542  872.0542  966.5997   54.5746  629.4890    0.0871    0.0842
   0  467.9039 -999.9900  875.1038  875.1038  908.1857   80.1158  621.2072    0.0859    0.0994
   0  466.6119 -999.9900  866.3483  866.3483  952.8750   65.3254  625.4507    0.0862    0.0818
    
2023020400
   0  536.8762 -999.9900 1049.5558 1049.5558  931.5859   24.8928  737.1459    0.1267    0.1051
   0  547.4865 -999.9900 1062.9524 1062.9524  972.5994   34.6314  756.6232    0.1117    0.1054
   0  541.3431 -999.9900 1051.2451 1051.2451  932.9902   36.1957  745.6582    0.1210    0.1056
   0  545.5580 -999.9900 1057.1741 1057.1741  969.7812   39.4789  751.7593    0.1091    0.1037
    
2023020500
   0  601.9862 -999.9900 1189.1039 1189.1039 1024.6246    0.3991  842.8359    0.1317    0.1129
   0  579.4875 -999.9900 1143.5374 1143.5374 1013.6617    3.6144  815.4758    0.1259    0.1040
   0  584.1066 -999.9900 1157.1906 1157.1906  989.2975  -31.7426  814.3961    0.1377    0.1020
   0  564.6468 -999.9900 1114.5845 1114.5845  983.7683  -22.1319  789.5299    0.1302    0.0974
    
2023020600
   0  598.7971 -999.9900 1122.3597 1122.3597  899.2708   37.1798  811.3228    0.1311    0.2073
   0  598.7971 -999.9900 1122.3597 1122.3597  899.2708   37.1798  811.3228    0.1311    0.2073
   0  611.7769 -999.9900 1163.6245 1163.6245  932.0657   16.2104  834.6208    0.1252    0.2043
   0  598.0214 -999.9900 1144.0691 1144.0691  951.6119    0.3220  828.1661    0.1156    0.1890
    
2023020700
   0  659.3356 -999.9900 1247.5831 1247.5831  899.7249 -112.3112  889.5458    0.1698    0.2141
   0  617.4427 -999.9900 1176.8546 1176.8546  941.5017 -114.3398  851.9572    0.1597    0.1858
   0  617.9401 -999.9900 1172.6888 1172.6888  901.7208  -99.0278  841.7994    0.1638    0.1996
   0  601.6934 -999.9900 1146.1644 1146.1644  932.5362 -105.9433  830.8157    0.1552    0.1818
    
2023020800
   0  581.7933 -999.9900 1082.1980 1082.1980  919.0189  -95.6041  797.6132    0.1661    0.1464
   0  565.1065 -999.9900 1057.4100 1057.4100  963.5724  -96.2809  779.5725    0.1446    0.1268
   0  576.1970 -999.9900 1068.9476 1068.9476  942.8076  -76.1307  790.8400    0.1592    0.1477
   0  565.4595 -999.9900 1055.8362 1055.8362  966.6089  -84.4697  779.7480    0.1445    0.1328
    
2023020900
   0  568.8413 -999.9900 1075.5516 1075.5516  908.1552  -44.6316  774.3752    0.1332    0.1534
   0  561.8890 -999.9900 1082.4851 1082.4851  924.2735  -44.0811  774.4346    0.1236    0.1411
   0  555.8869 -999.9900 1062.8131 1062.8131  896.7273  -50.4404  766.9852    0.1279    0.1465
   0  556.2957 -999.9900 1074.7543 1074.7543  912.8528  -47.6758  771.3128    0.1251    0.1410
    
2023021000
   0  565.5696 -999.9900 1073.8739 1073.8739  871.2754   32.6550  761.2686    0.1431    0.1554
   0  554.4197 -999.9900 1058.6085 1058.6085  888.9897   -7.1524  751.5485    0.1384    0.1400
   0  552.0864 -999.9900 1055.2936 1055.2936  876.0097   27.3741  744.4538    0.1425    0.1485
   0  548.2260 -999.9900 1049.6376 1049.6376  889.1233   -2.3643  742.0659    0.1380    0.1389
    
2023021100
   0  506.8977 -999.9900  960.7682  960.7682  860.9957   15.5509  697.2578    0.1203    0.1451
   0  512.9639 -999.9900  979.8495  979.8495  916.8303   -2.2563  706.6196    0.1192    0.1259
   1 -999.9900 -999.9900 -999.9900 -999.9900 -999.9900 -999.9900 -999.9900 -999.9900 -999.9900
   1 -999.9900 -999.9900 -999.9900 -999.9900 -999.9900 -999.9900 -999.9900 -999.9900 -999.9900
    
2023021200
   0  547.8016 -999.9900 1020.6486 1020.6486  905.2318   22.8235  770.1909    0.1082    0.1613
   0  562.0689 -999.9900 1044.3374 1044.3374  936.3853   13.6555  792.6271    0.1212    0.1578
   0  514.0618 -999.9900  955.8846  955.8846  907.0871   -5.3598  723.5126    0.0959    0.1287
   0  545.6254 -999.9900 1025.7579 1025.7579  961.3563    2.0308  774.1933    0.1013    0.1287
    
2023021300
   0  543.1860 -999.9900  999.1454  999.1454  893.8325   27.8310  749.3685    0.1319    0.1599
   0  525.2000 -999.9900  977.7489  977.7489  911.9471   29.7503  734.4772    0.1112    0.1295
   0  547.8287 -999.9900 1019.5529 1019.5529  913.7703   32.1610  761.4770    0.1266    0.1508
   0  531.1437 -999.9900  992.4213  992.4213  922.3096   31.9639  743.7194    0.1111    0.1313
    
2023021400
   0  566.7369 -999.9900 1021.3940 1021.3940  926.0599   30.8764  767.3743    0.1402    0.1400
   0  556.2111 -999.9900 1017.4196 1017.4196  908.1063    9.2394  758.1115    0.1359    0.1347
   0  563.2189 -999.9900 1020.3618 1020.3618  912.0794   31.6167  768.5654    0.1349    0.1479
   0  556.5743 -999.9900 1018.3544 1018.3544  902.5292   14.0051  760.9324    0.1350    0.1389
    
2023021500
   0  483.6561 -999.9900  897.9052  897.9052  946.4589  -27.0771  662.3240    0.0835    0.0968
   0  476.1809 -999.9900  883.0328  883.0328  955.4800  -32.2105  651.2275    0.0720    0.0936
   0  472.0056 -999.9900  875.7156  875.7156  936.6166  -19.1833  647.8359    0.0767    0.0977
   0  470.8820 -999.9900  872.3325  872.3325  948.6263  -26.1583  644.4297    0.0735    0.0939
    
2023021600
   0  435.7191 -999.9900  811.2281  811.2281  897.6364   64.3520  580.4613    0.0724    0.0867
   0  424.0684 -999.9900  787.3041  787.3041  902.7424   29.8533  560.3554    0.0693    0.0743
   0  435.5865 -999.9900  808.6743  808.6743  926.4282   46.6991  583.3525    0.0711    0.0750
   0  426.7774 -999.9900  791.7787  791.7787  917.8817   26.8410  567.0795    0.0669    0.0714
    
2023021700
   0  487.7428 -999.9900  896.7446  896.7446  929.3743   81.8945  672.0383    0.1093    0.1065
   0  484.2327 -999.9900  896.2607  896.2607  963.4342   79.3869  662.9357    0.1008    0.1001
   0  479.4301 -999.9900  889.1552  889.1552  932.1066   72.0116  657.5724    0.1002    0.1082
   0  480.3543 -999.9900  892.6447  892.6447  957.3584   73.9673  657.3428    0.0975    0.0995
    
2023021800
   0  487.8656 -999.9900  887.7435  887.7435  917.3319   41.9662  667.8394    0.1075    0.1116
   0  483.1953 -999.9900  878.5101  878.5101  918.7878   22.9202  663.8180    0.1033    0.1027
   0  493.6576 -999.9900  895.6993  895.6993  907.3872   41.6700  677.4191    0.1107    0.1209
   0  486.2043 -999.9900  883.6751  883.6751  914.1181   26.5536  668.9992    0.1056    0.1067
    
2023021900
   0  515.8240 -999.9900  925.1203  925.1203  909.8929   24.1151  710.2204    0.1208    0.1576
   0  503.4146 -999.9900  905.9128  905.9128  910.1282   30.6008  688.6741    0.1105    0.1387
   0  493.9218 -999.9900  890.1619  890.1619  898.9757   23.8474  678.8607    0.1157    0.1314
   0  492.5054 -999.9900  888.7065  888.7065  903.5475   29.1428  673.7301    0.1104    0.1295
    
2023022000
   0  482.0908 -999.9900  893.9344  893.9344  906.4201   40.4822  657.0510    0.0746    0.1253
   0  458.3764 -999.9900  846.3671  846.3671  929.7688   26.6448  619.2834    0.0633    0.1042
   0  476.3846 -999.9900  876.3423  876.3423  912.7153   22.3136  647.0371    0.0750    0.1268
   0  460.7870 -999.9900  848.0792  848.0792  925.9412   18.5111  623.6077    0.0678    0.1079
    
2023022100
   0  509.9165 -999.9900  949.1360  949.1360  919.2657   50.4383  701.3336    0.1083    0.1276
   0  503.7243 -999.9900  946.4479  946.4479  903.8692   57.5526  695.2210    0.0946    0.1217
   0  505.8180 -999.9900  944.8105  944.8105  896.0767   44.6984  695.1271    0.1039    0.1230
   0  502.3430 -999.9900  943.8447  943.8447  893.7751   52.6980  692.0735    0.0948    0.1205
    
2023022200
   0  552.2733 -999.9900 1045.7139 1045.7139  861.1216   70.2912  757.9363    0.1313    0.1398
   0  525.0425 -999.9900 1009.0356 1009.0356  881.2209   75.8683  719.5730    0.1088    0.1309
   0  543.6826 -999.9900 1024.3167 1024.3167  880.4161   78.8065  746.2487    0.1199    0.1323
   0  525.4599 -999.9900 1004.1589 1004.1589  887.4512   79.8694  721.2080    0.1068    0.1268
    
2023022300
   0  589.6422 -999.9900 1102.5002 1102.5002  987.3475    2.4066  810.4103    0.1133    0.1444
   0  544.0292 -999.9900 1043.4720 1043.4720  959.5069   29.2341  751.9495    0.0944    0.1253
   0  555.4294 -999.9900 1052.4946 1052.4946  966.8321    6.3979  771.3972    0.1093    0.1220
   0  533.3508 -999.9900 1025.9530 1025.9530  951.2320   26.2631  740.7014    0.0906    0.1178
    
2023022400
   0  565.8068 -999.9900 1081.8796 1081.8796  897.4167   70.0439  766.5967    0.1187    0.1583
   0  553.9271 -999.9900 1070.6115 1070.6115  926.9878   50.2347  758.9287    0.1057    0.1428
   0  560.4142 -999.9900 1072.3029 1072.3029  896.4247   69.6479  763.3026    0.1122    0.1581
   0  551.4316 -999.9900 1063.7972 1063.7972  924.2221   54.4280  756.6134    0.1048    0.1425
    
2023022500
   0  639.9721 -999.9900 1170.4595 1170.4595  857.5992   83.6516  878.7087    0.1525    0.2366
   0  599.4402 -999.9900 1108.4679 1108.4679  889.9537   62.9892  823.6899    0.1308    0.2009
   0  627.2048 -999.9900 1165.9902 1165.9902  898.3580   77.2028  865.3474    0.1376    0.2112
   0  601.6072 -999.9900 1119.9996 1119.9996  905.0132   63.2535  827.9340    0.1274    0.1942
    
2023022600
   0  629.0035 -999.9900 1160.2440 1160.2440  897.5941  100.1843  858.0959    0.1294    0.2208
   0  637.2203 -999.9900 1186.1825 1186.1825  918.9983  100.4978  869.2283    0.1260    0.2281
   0  636.2518 -999.9900 1181.6162 1181.6162  900.7356  117.9597  868.5341    0.1220    0.2380
   0  638.7747 -999.9900 1191.2020 1191.2020  919.7904  111.0984  869.9534    0.1220    0.2327
    
2023022700
   1 -999.9900 -999.9900 -999.9900 -999.9900 -999.9900 -999.9900 -999.9900 -999.9900 -999.9900
   0  599.2371 -999.9900 1104.5824 1104.5824  912.0828  115.5913  831.4777    0.1409    0.1733
   0  588.4189 -999.9900 1085.1537 1085.1537  917.3689  109.6492  822.5522    0.1351    0.1601
   0  584.7687 -999.9900 1079.7485 1079.7485  925.3126  120.2306  817.2241    0.1316    0.1612
    
2023022800
   0  556.3592 -999.9900 1025.7032 1025.7032  896.8531  158.6944  768.0168    0.1403    0.1500
   0  576.7639 -999.9900 1071.8654 1071.8654  926.3157  134.4180  795.2166    0.1371    0.1469
   0  547.7812 -999.9900 1010.7649 1010.7649  887.6559  149.8519  755.6402    0.1278    0.1464
   0  568.4924 -999.9900 1055.9512 1055.9512  912.9872  133.9698  784.3738    0.1309    0.1477
    
2023030100
   0  565.3008 -999.9900 1083.6909 1083.6909  913.6860  128.1150  784.2354    0.0998    0.1746
   0  562.6727 -999.9900 1077.1079 1077.1079  927.2255  115.0996  781.6636    0.0998    0.1506
   0  554.7964 -999.9900 1072.9857 1072.9857  901.1733  112.5583  770.5926    0.0974    0.1638
   0  556.4354 -999.9900 1071.5779 1071.5779  917.6638  108.3718  773.5452    0.0986    0.1501
    
2023030200
   0  568.3514 -999.9900 1072.7804 1072.7804  915.4449   91.1600  779.6243    0.0999    0.1572
   0  571.9918 -999.9900 1087.7617 1087.7617  947.6064  115.7278  787.3264    0.0943    0.1618
   0  567.6594 -999.9900 1069.3844 1069.3844  928.5811   96.9207  781.6819    0.0954    0.1505
   0  570.2602 -999.9900 1081.7279 1081.7279  949.9232  114.2670  785.0544    0.0938    0.1558
    
2023030300
   0  565.0316 -999.9900 1033.0327 1033.0327  928.1034  112.0188  782.5922    0.1123    0.1497
   0  583.1597 -999.9900 1067.6906 1067.6906  967.7399  106.6251  814.2131    0.1134    0.1444
   0  549.0425 -999.9900 1005.3508 1005.3508  903.7186  108.3213  760.2526    0.1177    0.1466
   0  568.3305 -999.9900 1039.4396 1039.4396  951.8866  105.4791  791.7921    0.1149    0.1426
    
2023030400
   0  544.0072 -999.9900  994.8540  994.8540  950.6099   93.4509  742.8956    0.1173    0.1356
   0  563.5588 -999.9900 1028.9983 1028.9983  971.6124  115.1996  775.3411    0.1318    0.1375
   0  541.4071 -999.9900  996.2284  996.2284  942.7978   75.4328  740.0007    0.1325    0.1224
   0  557.2744 -999.9900 1021.2564 1021.2564  964.7877  100.0354  764.4186    0.1406    0.1285
    
2023030500
   0  514.1370 -999.9900  951.3460  951.3460  881.6506  114.1886  708.7223    0.1077    0.1488
   0  533.7258 -999.9900  995.0738  995.0738  910.0733  129.1749  742.6695    0.1166    0.1442
   0  496.8985 -999.9900  918.0010  918.0010  891.0477   99.1968  688.9800    0.1030    0.1344
   0  518.5009 -999.9900  965.4850  965.4850  911.7777  117.1755  723.5387    0.1075    0.1295
    
2023030600
   0  527.6286 -999.9900  995.4207  995.4207  888.8283   86.2233  733.2708    0.1268    0.1347
   0  527.5814 -999.9900  987.1021  987.1021  903.0515   96.8399  735.2019    0.1162    0.1302
   0  522.9713 -999.9900  980.8359  980.8359  889.0079   81.4900  731.3247    0.1167    0.1323
   0  524.9738 -999.9900  980.6434  980.6434  899.5366   91.8737  734.6348    0.1148    0.1305
    
2023030700
   0  534.2164 -999.9900  998.0319  998.0319  845.5062   26.3156  734.9318    0.1415    0.1390
   0  524.8820 -999.9900  969.1620  969.1620  878.1686   33.2915  721.3909    0.1410    0.1237
   0  527.0106 -999.9900  983.1254  983.1254  868.7622   32.6278  726.1767    0.1342    0.1185
   0  521.6467 -999.9900  965.6187  965.6187  885.3171   35.6945  716.8575    0.1356    0.1115
    
2023030800
   0  549.1828 -999.9900 1015.9633 1015.9633  874.0837  -25.5976  752.1891    0.1458    0.1440
   0  541.1334 -999.9900 1006.1747 1006.1747  891.7209   -9.2588  743.6978    0.1347    0.1255
   0  552.4783 -999.9900 1025.2095 1025.2095  878.2852   -4.8469  755.9172    0.1417    0.1442
   0  544.7868 -999.9900 1014.2425 1014.2425  890.0223   -0.0716  747.3774    0.1367    0.1285
    
2023030900
   0  640.2253 -999.9900 1171.9744 1171.9744  862.5485    8.5225  873.9481    0.1720    0.1789
   0  593.7697 -999.9900 1099.4539 1099.4539  908.8566   22.7510  825.0945    0.1391    0.1586
   0  626.5474 -999.9900 1145.8413 1145.8413  854.2164  -12.0718  858.5060    0.1802    0.1689
   0  595.1410 -999.9900 1099.2635 1099.2635  893.1807    7.5579  826.2889    0.1497    0.1552
    
2023031000
   0  567.7495 -999.9900 1059.3754 1059.3754  861.0050  -21.8246  783.3737    0.1611    0.1371
   0  546.0197 -999.9900 1022.8839 1022.8839  880.1423  -20.4675  751.0101    0.1291    0.1332
   0  563.3870 -999.9900 1055.6151 1055.6151  864.9347  -38.6587  771.6552    0.1553    0.1343
   0  547.8622 -999.9900 1027.7449 1027.7449  878.8061  -30.8447  750.9058    0.1339    0.1312
    
2023031100
   0  526.9728 -999.9900  966.0438  966.0438  885.9109   -8.1045  725.1162    0.1378    0.1192
   0  517.8594 -999.9900  959.8057  959.8057  886.3334   -2.8434  721.2532    0.1135    0.1101
   0  533.7244 -999.9900  982.9548  982.9548  887.2403  -24.4536  737.9120    0.1320    0.1221
   0  521.7599 -999.9900  968.3079  968.3079  890.3602  -13.7121  727.0974    0.1150    0.1101
    
2023031200
   0  557.5093 -999.9900 1008.0473 1008.0473  892.5461   85.3312  764.6615    0.1205    0.1523
   0  513.7600 -999.9900  942.3734  942.3734  922.6594   60.2865  711.5879    0.0974    0.1084
   0  552.8352 -999.9900  999.0514  999.0514  875.7306   64.3500  760.4438    0.1195    0.1511
   0  519.2617 -999.9900  950.6847  950.6847  906.4110   52.7145  720.4521    0.1006    0.1191
    
2023031300
   0  487.0991 -999.9900  896.9473  896.9473  880.7776   92.5455  652.8379    0.0872    0.1481
   0  465.5645 -999.9900  869.0157  869.0157  890.3384   75.5327  628.2514    0.0773    0.1189
   0  482.9027 -999.9900  901.1776  901.1776  890.3906  111.7604  652.8116    0.0854    0.1404
   0  466.9084 -999.9900  875.6973  875.6973  895.6265   90.4653  631.0096    0.0788    0.1150
    
2023031400
   0  474.9750 -999.9900  906.2780  906.2780  820.8148   76.3078  646.5841    0.0822    0.1370
   0  473.2085 -999.9900  909.1467  909.1467  880.1115   54.1761  642.3115    0.0634    0.1224
   0  481.4849 -999.9900  921.6064  921.6064  833.1794   84.1989  655.6812    0.0757    0.1391
   0  475.9585 -999.9900  914.6945  914.6945  878.5772   63.3396  644.8142    0.0616    0.1247
    
2023031500
   0  482.7863 -999.9900  919.4763  919.4763  831.9930   -5.5924  657.4954    0.1269    0.1210
   0  484.3054 -999.9900  930.5825  930.5825  852.6970   -3.1396  660.5188    0.1190    0.1111
   0  473.4306 -999.9900  904.0634  904.0634  839.4407    2.9391  646.5438    0.1192    0.1166
   0  475.3748 -999.9900  913.8826  913.8826  862.2935    2.3403  648.1146    0.0969    0.1119
    
2023031600
   0  478.3165 -999.9900  895.6092  895.6092  872.7484  -22.9545  644.3616    0.1063    0.1090
   0  474.0548 -999.9900  895.9072  895.9072  886.7390  -39.7891  641.6882    0.0995    0.1063
   0  482.4867 -999.9900  911.4504  911.4504  853.7945  -26.5043  654.3920    0.1132    0.1133
   0  475.8745 -999.9900  902.6777  902.6777  876.5305  -38.6362  646.7457    0.0997    0.1101
    
2023031700
   0  482.6771 -999.9900  912.5952  912.5952  825.9293    3.5347  655.2064    0.1196    0.1420
   0  492.6726 -999.9900  945.8704  945.8704  863.2863    8.7575  680.4547    0.0978    0.1377
   0  489.2724 -999.9900  926.6528  926.6528  845.8675    2.7476  671.1995    0.1171    0.1348
   0  494.8664 -999.9900  949.2280  949.2280  865.4207    6.7455  684.9681    0.1022    0.1339
    
2023031800
   0  505.2914 -999.9900  966.4089  966.4089  847.6273   -3.4552  694.0354    0.1185    0.1398
   0  497.4331 -999.9900  975.8597  975.8597  878.4999   19.6538  675.2057    0.0975    0.1340
   0  492.0422 -999.9900  942.9654  942.9654  856.4824   -9.7755  675.5212    0.1073    0.1257
   0  489.6235 -999.9900  957.9291  957.9291  879.4141   11.4218  666.5269    0.0927    0.1262
    
2023031900
   0  511.1885 -999.9900  955.3994  955.3994  841.8602   -5.9134  674.0976    0.1269    0.1534
   0  498.6931 -999.9900  946.6812  946.6812  850.1195   -1.7411  665.6806    0.1177    0.1392
   0  502.4525 -999.9900  932.5621  932.5621  837.9556  -20.7048  666.4915    0.1235    0.1507
   0  495.3043 -999.9900  933.7590  933.7590  847.2029  -11.4598  661.4167    0.1170    0.1401
    
2023032000
   0  538.8258 -999.9900 1013.4222 1013.4222  825.6534   53.7016  721.1065    0.1297    0.1724
   0  535.4399 -999.9900 1009.8433 1009.8433  831.9203   39.1247  721.7147    0.1179    0.1625
   0  543.0373 -999.9900 1015.5220 1015.5220  831.1381   39.6826  726.7463    0.1284    0.1735
   0  538.3720 -999.9900 1011.6193 1011.6193  834.1355   33.6462  724.5474    0.1181    0.1640
    
2023032100
   0  546.6030 -999.9900 1002.5063 1002.5063  800.8270   23.5129  749.5307    0.1288    0.1906
   0  549.2072 -999.9900 1013.4204 1013.4204  826.5228   20.0194  759.5496    0.1215    0.1828
   0  537.1766 -999.9900  989.0832  989.0832  807.5668   14.5634  738.0126    0.1304    0.1810
   0  542.8785 -999.9900 1003.0712 1003.0712  825.5046   15.3506  750.7889    0.1220    0.1787
    
2023032200
   0  558.2011 -999.9900 1044.4116 1044.4116  800.6239    7.8156  761.0637    0.1390    0.1905
   0  559.5845 -999.9900 1055.6047 1055.6047  826.4741   15.6638  772.8893    0.1335    0.1823
   0  556.5904 -999.9900 1042.9220 1042.9220  801.7191   -1.1572  765.3347    0.1346    0.1942
   0  558.0559 -999.9900 1051.8745 1051.8745  822.6876    8.6919  772.4294    0.1328    0.1844
    
2023032300
   0  531.5728 -999.9900 1004.1184 1004.1184  834.8193   58.6736  729.7691    0.1132    0.1897
   0  510.1040 -999.9900  970.0130  970.0130  828.1178   39.0985  702.6664    0.0972    0.1759
   0  537.5055 -999.9900 1020.2944 1020.2944  822.3679   60.3716  736.8978    0.1052    0.1928
   0  517.2003 -999.9900  985.5588  985.5588  823.7838   44.0194  712.3808    0.0970    0.1805
    
2023032400
   0  504.9436 -999.9900  946.0526  946.0526  802.1150  -25.8746  692.1089    0.1402    0.1437
   0  487.3333 -999.9900  914.8155  914.8155  817.2187   -9.1724  665.7901    0.1249    0.1357
   0  491.9666 -999.9900  922.4474  922.4474  797.3065  -19.2879  673.9393    0.1352    0.1372
   0  483.8233 -999.9900  907.9399  907.9399  809.9059   -8.5613  661.4852    0.1253    0.1338
    
2023032500
   0  524.0018 -999.9900  982.3149  982.3149  781.5835  -18.8504  714.4366    0.1758    0.1492
   0  511.5533 -999.9900  965.0427  965.0427  811.4754   -6.1185  699.8304    0.1519    0.1344
   0  525.7798 -999.9900  989.7327  989.7327  783.6790  -23.0630  715.9970    0.1754    0.1451
   0  513.9365 -999.9900  971.3584  971.3584  808.7385  -11.1811  702.5775    0.1567    0.1361
    
2023032600
   0  517.1876 -999.9900  962.5637  962.5637  802.1952  -33.5523  702.6932    0.1537    0.1518
   0  520.2842 -999.9900  979.3157  979.3157  809.6829  -29.3292  718.3717    0.1552    0.1489
   0  519.8300 -999.9900  971.5707  971.5707  817.1943  -34.9593  709.5369    0.1538    0.1458
   0  520.5081 -999.9900  980.1161  980.1161  818.4896  -31.0168  717.9830    0.1548    0.1456
    
2023032700
   0  529.3497 -999.9900 1019.7156 1019.7156  827.1931  -51.7077  726.6618    0.1616    0.1550
   0  503.5363 -999.9900  963.9465  963.9465  841.4694  -63.1303  697.0079    0.1425    0.1379
   0  532.2515 -999.9900 1020.9473 1020.9473  846.7236  -46.9065  734.6904    0.1532    0.1572
   0  511.2685 -999.9900  977.3575  977.3575  848.5965  -57.9701  707.8177    0.1401    0.1450
    
2023032800
   0  542.1473 -999.9900 1034.1443 1034.1443  806.0233 -137.8556  745.1545    0.1767    0.1291
   0  530.4361 -999.9900 1015.6767 1015.6767  832.4153 -123.0905  737.0997    0.1505    0.1288
   0  546.0447 -999.9900 1049.4968 1049.4968  799.8544 -137.2706  752.4441    0.1728    0.1319
   0  535.1575 -999.9900 1028.3373 1028.3373  824.0999 -125.6885  743.3189    0.1548    0.1311
    
2023032900
   0  475.0463 -999.9900  906.1996  906.1996  787.5060 -118.5903  649.0620    0.1542    0.1125
   0  492.6791 -999.9900  946.8759  946.8759  814.1956  -96.8842  674.6993    0.1452    0.1222
   0  476.8463 -999.9900  911.7972  911.7972  772.4205 -102.7050  648.1169    0.1496    0.1209
   0  490.4700 -999.9900  941.6351  941.6351  800.7686  -91.6841  668.8837    0.1435    0.1244
    
2023033000
   0  451.1693 -999.9900  858.2100  858.2100  805.3203  -20.7937  609.6304    0.1212    0.1111
   0  454.1537 -999.9900  869.1638  869.1638  819.4412  -24.5273  614.4573    0.1169    0.1017
   0  448.3447 -999.9900  854.0085  854.0085  780.2330  -36.2296  603.8895    0.1224    0.1103
   0  451.3935 -999.9900  863.4861  863.4861  803.1413  -33.0505  609.7589    0.1180    0.1011
    
2023033100
   0  468.0613 -999.9900  879.9816  879.9816  773.6790  -52.8541  635.1971    0.1228    0.1206
   0  467.4248 -999.9900  877.6566  877.6566  808.6611  -33.6326  637.5009    0.1167    0.1091
   0  456.7554 -999.9900  859.4876  859.4876  799.2572  -52.9046  614.3476    0.1179    0.1058
   0  460.2266 -999.9900  864.6819  864.6819  817.6154  -37.4952  623.3455    0.1133    0.1021
    
