2023010700
   0    1.2799 -999.9900    2.1754    2.1754    0.7167   -0.8349    1.5318    0.4314    0.1439
   0    0.8385 -999.9900    1.6322    1.6322    1.6237   -0.0295    1.1293    0.1260    0.1357
   0    1.1206 -999.9900    1.9359    1.9359    0.7287   -0.7494    1.3652    0.3969    0.1335
   0    0.8541 -999.9900    1.6698    1.6698    1.6905    0.0045    1.1347    0.1026    0.1266
    
2023010800
   0    1.2532 -999.9900    2.1797    2.1797    0.7156   -0.6680    1.4871    0.3490    0.1995
   0    0.8590 -999.9900    1.6971    1.6971    1.7057    0.0985    1.1506    0.0928    0.1725
   0    1.0685 -999.9900    1.8926    1.8926    0.7336   -0.5848    1.2964    0.3276    0.1816
   0    0.8617 -999.9900    1.6610    1.6610    1.7817    0.1633    1.1674    0.0904    0.1649
    
2023010900
   0    1.1938 -999.9900    2.0894    2.0894    0.6933   -0.5015    1.4349    0.3602    0.2225
   0    0.8964 -999.9900    1.7510    1.7510    1.6310    0.2074    1.2123    0.1151    0.2013
   0    1.0422 -999.9900    1.8498    1.8498    0.7244   -0.4670    1.2798    0.3262    0.2028
   0    0.8625 -999.9900    1.6897    1.6897    1.7138    0.2218    1.1801    0.0828    0.1755
    
2023011000
   0    1.4992 -999.9900    2.5996    2.5996    0.7125   -0.7425    1.7377    0.3590    0.2510
   0    0.9989 -999.9900    1.9405    1.9405    1.6650   -0.0584    1.3293    0.1238    0.2262
   0    1.4864 -999.9900    2.5920    2.5920    0.7088   -0.7706    1.7254    0.3616    0.2399
   0    0.8528 -999.9900    1.7018    1.7018    1.5530   -0.2360    1.1549    0.1183    0.1812
    
2023011100
   0    1.6262 -999.9900    2.8626    2.8626    0.6068   -0.8272    1.8326    0.3700    0.2840
   0    1.0679 -999.9900    2.1295    2.1295    1.6742   -0.2485    1.4050    0.1568    0.2164
   0    1.6301 -999.9900    2.8671    2.8671    0.6070   -0.8299    1.8377    0.3683    0.2873
   0    0.9377 -999.9900    1.8829    1.8829    1.5220   -0.3225    1.2520    0.1486    0.2002
    
2023011200
   0    1.2195 -999.9900    2.1354    2.1354    0.5840   -0.3105    1.4216    0.3458    0.2683
   0    0.8364 -999.9900    1.6733    1.6733    1.4496    0.0663    1.1273    0.1244    0.1866
   0    1.2251 -999.9900    2.1473    2.1473    0.5800   -0.3140    1.4284    0.3479    0.2665
   0    0.7416 -999.9900    1.4743    1.4743    1.2872   -0.0893    1.0133    0.1220    0.1665
    
2023011300
   0    1.2378 -999.9900    2.1842    2.1842    0.5454   -0.4349    1.4279    0.3610    0.2470
   0    0.8877 -999.9900    1.8125    1.8125    1.3920   -0.1731    1.1955    0.1672    0.1805
   0    1.0498 -999.9900    1.8697    1.8697    0.5501   -0.4123    1.2341    0.3346    0.2302
   0    0.7485 -999.9900    1.5314    1.5314    1.2528   -0.2017    1.0156    0.1442    0.1614
    
2023011400
   0    1.4578 -999.9900    2.6013    2.6013    0.5994   -0.4197    1.6649    0.3984    0.2350
   0    0.9671 -999.9900    1.9440    1.9440    1.4521   -0.1500    1.2934    0.2166    0.1838
   0    1.2378 -999.9900    2.2031    2.2031    0.6089   -0.4172    1.4435    0.3794    0.2233
   0    0.8284 -999.9900    1.6707    1.6707    1.3767   -0.1772    1.1230    0.1971    0.1606
    
2023011500
   0    1.3533 -999.9900    2.3319    2.3319    0.6583   -0.7129    1.5959    0.4444    0.1837
   0    0.9023 -999.9900    1.8077    1.8077    1.4477   -0.1916    1.2135    0.1853    0.1438
   0    1.3489 -999.9900    2.3345    2.3345    0.6997   -0.7179    1.6006    0.4274    0.1817
   0    0.9348 -999.9900    1.8674    1.8674    1.4114   -0.2913    1.2579    0.1973    0.1417
    
2023011600
   0    1.1977 -999.9900    2.0638    2.0638    0.7673   -0.7699    1.4481    0.3900    0.1773
   0    0.8522 -999.9900    1.6509    1.6509    1.5314   -0.1112    1.1527    0.1222    0.1623
   0    1.1971 -999.9900    2.0672    2.0672    0.7409   -0.7769    1.4451    0.3950    0.1788
   0    0.8559 -999.9900    1.6594    1.6594    1.4836   -0.2416    1.1539    0.1416    0.1569
    
2023011700
   0    1.3180 -999.9900    2.2173    2.2173    0.6905   -0.6587    1.5560    0.3967    0.2286
   0    0.9220 -999.9900    1.7596    1.7596    1.5118   -0.0270    1.2350    0.1441    0.1992
   0    1.3210 -999.9900    2.2255    2.2255    0.6889   -0.6818    1.5609    0.3963    0.2221
   0    0.9347 -999.9900    1.7863    1.7863    1.4711   -0.1699    1.2610    0.1616    0.1912
    
2023011800
   0    1.3627 -999.9900    2.2905    2.2905    0.6739   -0.4351    1.5780    0.3421    0.2661
   0    0.9875 -999.9900    1.8497    1.8497    1.5307    0.0729    1.2955    0.1173    0.2235
   0    1.3641 -999.9900    2.2952    2.2952    0.7000   -0.4594    1.5850    0.3407    0.2617
   0    1.0046 -999.9900    1.8848    1.8848    1.4830   -0.0508    1.3221    0.1344    0.2186
    
2023011900
   0    1.3832 -999.9900    2.3310    2.3310    0.7595   -0.3611    1.6079    0.3513    0.2638
   0    1.0295 -999.9900    1.9487    1.9487    1.6821    0.2314    1.3495    0.1303    0.2191
   0    1.3689 -999.9900    2.3147    2.3147    0.7487   -0.3275    1.5886    0.3431    0.2650
   0    1.0310 -999.9900    1.9472    1.9472    1.6156    0.1285    1.3471    0.1430    0.2191
    
2023012000
   1 -999.9900 -999.9900 -999.9900 -999.9900 -999.9900 -999.9900 -999.9900 -999.9900 -999.9900
   1 -999.9900 -999.9900 -999.9900 -999.9900 -999.9900 -999.9900 -999.9900 -999.9900 -999.9900
   1 -999.9900 -999.9900 -999.9900 -999.9900 -999.9900 -999.9900 -999.9900 -999.9900 -999.9900
   1 -999.9900 -999.9900 -999.9900 -999.9900 -999.9900 -999.9900 -999.9900 -999.9900 -999.9900
    
2023012100
   0    1.4200 -999.9900    2.3841    2.3841    0.6636   -0.4391    1.6546    0.3711    0.2532
   0    1.4200 -999.9900    2.3841    2.3841    0.6636   -0.4391    1.6546    0.3711    0.2532
   0    1.4185 -999.9900    2.3850    2.3850    0.6748   -0.4768    1.6577    0.3796    0.2412
   0    1.0219 -999.9900    1.9664    1.9664    1.5467   -0.1184    1.3556    0.1604    0.1771
    
2023012200
   0    1.4835 -999.9900    2.5018    2.5018    0.6824   -0.6624    1.7275    0.4495    0.2431
   0    1.0685 -999.9900    2.0939    2.0939    1.7116   -0.1475    1.4173    0.1628    0.1718
   0    1.4828 -999.9900    2.4970    2.4970    0.6725   -0.6766    1.7291    0.4530    0.2420
   0    1.0765 -999.9900    2.1017    2.1017    1.6504   -0.2592    1.4309    0.1774    0.1706
    
2023012300
   0    1.1753 -999.9900    2.0152    2.0152    0.6085   -0.2670    1.3806    0.3421    0.3033
   0    0.9028 -999.9900    1.8128    1.8128    1.4683    0.0245    1.1935    0.1146    0.1912
   0    1.1694 -999.9900    2.0107    2.0107    0.6232   -0.2712    1.3754    0.3390    0.2946
   0    0.9006 -999.9900    1.7950    1.7950    1.4156   -0.0304    1.1931    0.1233    0.1922
    
2023012400
   0    1.2549 -999.9900    2.1182    2.1182    0.6555   -0.2393    1.4439    0.3007    0.3493
   0    0.8963 -999.9900    1.7922    1.7922    1.4691   -0.0807    1.1906    0.1249    0.1855
   0    1.2559 -999.9900    2.1232    2.1232    0.6295   -0.2517    1.4489    0.3037    0.3485
   0    0.9089 -999.9900    1.8035    1.8035    1.4042   -0.1210    1.2108    0.1367    0.1948
    
2023012500
   0    1.2001 -999.9900    2.0664    2.0664    0.6419   -0.2192    1.3888    0.3002    0.3118
   0    0.8759 -999.9900    1.7670    1.7670    1.3661   -0.2702    1.1781    0.1658    0.1481
   0    1.1989 -999.9900    2.0672    2.0672    0.6500   -0.2369    1.3834    0.3020    0.3071
   0    0.8921 -999.9900    1.7866    1.7866    1.3128   -0.2738    1.1931    0.1795    0.1594
    
2023012600
   1 -999.9900 -999.9900 -999.9900 -999.9900 -999.9900 -999.9900 -999.9900 -999.9900 -999.9900
   1 -999.9900 -999.9900 -999.9900 -999.9900 -999.9900 -999.9900 -999.9900 -999.9900 -999.9900
   1 -999.9900 -999.9900 -999.9900 -999.9900 -999.9900 -999.9900 -999.9900 -999.9900 -999.9900
   1 -999.9900 -999.9900 -999.9900 -999.9900 -999.9900 -999.9900 -999.9900 -999.9900 -999.9900
    
2023012700
   0    1.1759 -999.9900    1.9825    1.9825    0.6735    0.0441    1.3905    0.2702    0.3971
   0    0.9391 -999.9900    1.8261    1.8261    1.3442    0.2827    1.2455    0.1171    0.2644
   0    0.9989 -999.9900    1.7111    1.7111    0.6592   -0.0118    1.2059    0.2597    0.3741
   0    0.8045 -999.9900    1.5634    1.5634    1.2864    0.2587    1.0741    0.1012    0.2399
    
2023012800
   0    1.1633 -999.9900    2.0238    2.0238    0.5581    0.0294    1.3578    0.2746    0.3974
   0    0.8773 -999.9900    1.7206    1.7206    1.4814    0.2319    1.1553    0.1203    0.2519
   0    1.1653 -999.9900    2.0284    2.0284    0.5554    0.0381    1.3609    0.2717    0.3997
   0    0.8829 -999.9900    1.7225    1.7225    1.4348    0.2082    1.1598    0.1250    0.2638
    
2023012900
   0    1.4300 -999.9900    2.5013    2.5013    0.5971   -0.4660    1.6435    0.4341    0.2619
   0    1.0065 -999.9900    2.0479    2.0479    1.5160   -0.2153    1.3213    0.2129    0.1736
   0    1.4200 -999.9900    2.4907    2.4907    0.6005   -0.4574    1.6345    0.4317    0.2609
   0    1.0276 -999.9900    2.0843    2.0843    1.4575   -0.2606    1.3557    0.2285    0.1801
    
2023013000
   1 -999.9900 -999.9900 -999.9900 -999.9900 -999.9900 -999.9900 -999.9900 -999.9900 -999.9900
   1 -999.9900 -999.9900 -999.9900 -999.9900 -999.9900 -999.9900 -999.9900 -999.9900 -999.9900
   1 -999.9900 -999.9900 -999.9900 -999.9900 -999.9900 -999.9900 -999.9900 -999.9900 -999.9900
   1 -999.9900 -999.9900 -999.9900 -999.9900 -999.9900 -999.9900 -999.9900 -999.9900 -999.9900
    
2023013100
   1 -999.9900 -999.9900 -999.9900 -999.9900 -999.9900 -999.9900 -999.9900 -999.9900 -999.9900
   1 -999.9900 -999.9900 -999.9900 -999.9900 -999.9900 -999.9900 -999.9900 -999.9900 -999.9900
   0    1.2218 -999.9900    2.1759    2.1759    0.6520   -0.7207    1.4444    0.4458    0.2166
   0    0.8687 -999.9900    1.7027    1.7027    1.4128   -0.3651    1.1604    0.2500    0.1648
    
2023020100
   0    1.1330 -999.9900    2.0211    2.0211    0.5698   -0.5980    1.3335    0.4274    0.1972
   0    0.8130 -999.9900    1.6262    1.6262    1.5755   -0.0579    1.0951    0.1722    0.1446
   0    1.1304 -999.9900    2.0232    2.0232    0.5705   -0.6049    1.3328    0.4244    0.1944
   0    0.8129 -999.9900    1.6224    1.6224    1.5357   -0.1625    1.0952    0.1852    0.1412
    
2023020200
   0    1.2070 -999.9900    2.0631    2.0631    0.5365   -0.6140    1.4105    0.4378    0.2155
   0    0.8962 -999.9900    1.7878    1.7878    1.4638   -0.1207    1.2078    0.2062    0.1556
   0    1.2060 -999.9900    2.0759    2.0759    0.5412   -0.6137    1.4107    0.4285    0.2129
   0    0.9004 -999.9900    1.7795    1.7795    1.4172   -0.2159    1.2077    0.2201    0.1540
    
2023020300
   0    1.3443 -999.9900    2.2692    2.2692    0.5688   -0.4973    1.5455    0.4121    0.2572
   0    0.8855 -999.9900    1.7456    1.7456    1.6736   -0.0303    1.1934    0.1664    0.1732
   0    1.3343 -999.9900    2.2602    2.2602    0.5748   -0.4868    1.5390    0.4079    0.2518
   0    0.8996 -999.9900    1.7699    1.7699    1.6067   -0.1134    1.2123    0.1795    0.1743
    
2023020400
   0    1.3460 -999.9900    2.3326    2.3326    0.6634   -0.9751    1.5674    0.4395    0.1756
   0    0.9311 -999.9900    1.8547    1.8547    1.6385   -0.2759    1.2369    0.1723    0.1383
   0    1.3396 -999.9900    2.3252    2.3252    0.6663   -0.9680    1.5613    0.4363    0.1696
   0    0.9417 -999.9900    1.8762    1.8762    1.5801   -0.4098    1.2469    0.1873    0.1309
    
2023020500
   0    1.9994 -999.9900    3.1542    3.1542    0.6023   -1.9579    2.2450    0.6680    0.0955
   0    1.3326 -999.9900    2.4543    2.4543    1.5782   -1.3119    1.7669    0.4239    0.0725
   0    1.9904 -999.9900    3.1517    3.1517    0.6191   -1.9497    2.2421    0.6648    0.0975
   0    1.3840 -999.9900    2.5448    2.5448    1.5231   -1.4260    1.8256    0.4516    0.0734
    
2023020600
   0    1.1770 -999.9900    2.0445    2.0445    0.6879   -0.5085    1.3941    0.3408    0.2358
   0    0.8840 -999.9900    1.7447    1.7447    1.5577    0.1522    1.1876    0.0935    0.1940
   0    1.1790 -999.9900    2.0455    2.0455    0.6633   -0.4857    1.3953    0.3373    0.2480
   0    0.8798 -999.9900    1.7337    1.7337    1.4899    0.0270    1.1803    0.1068    0.1926
    
2023020700
   0    1.2686 -999.9900    2.1330    2.1330    0.6932   -0.4068    1.5000    0.3881    0.2478
   0    0.8945 -999.9900    1.7145    1.7145    1.5509    0.1171    1.1909    0.1442    0.1958
   0    1.2565 -999.9900    2.1230    2.1230    0.6967   -0.4262    1.4940    0.3915    0.2367
   0    0.9001 -999.9900    1.7301    1.7301    1.4917   -0.0095    1.2045    0.1614    0.1880
    
2023020800
   1 -999.9900 -999.9900 -999.9900 -999.9900 -999.9900 -999.9900 -999.9900 -999.9900 -999.9900
   1 -999.9900 -999.9900 -999.9900 -999.9900 -999.9900 -999.9900 -999.9900 -999.9900 -999.9900
   1 -999.9900 -999.9900 -999.9900 -999.9900 -999.9900 -999.9900 -999.9900 -999.9900 -999.9900
   1 -999.9900 -999.9900 -999.9900 -999.9900 -999.9900 -999.9900 -999.9900 -999.9900 -999.9900
    
2023020900
   0    1.6579 -999.9900    2.6137    2.6137    0.6637   -1.2453    1.9082    0.5514    0.1736
   0    1.2284 -999.9900    2.2154    2.2154    1.3784   -0.8309    1.6165    0.3345    0.1458
   0    1.6625 -999.9900    2.6181    2.6181    0.6516   -1.2528    1.9122    0.5550    0.1721
   0    1.2642 -999.9900    2.2638    2.2638    1.3225   -0.9164    1.6563    0.3609    0.1428
    
2023021000
   1 -999.9900 -999.9900 -999.9900 -999.9900 -999.9900 -999.9900 -999.9900 -999.9900 -999.9900
   1 -999.9900 -999.9900 -999.9900 -999.9900 -999.9900 -999.9900 -999.9900 -999.9900 -999.9900
   1 -999.9900 -999.9900 -999.9900 -999.9900 -999.9900 -999.9900 -999.9900 -999.9900 -999.9900
   1 -999.9900 -999.9900 -999.9900 -999.9900 -999.9900 -999.9900 -999.9900 -999.9900 -999.9900
    
2023021100
   0    1.9801 -999.9900    3.0311    3.0311    0.7558   -1.6120    2.2668    0.5889    0.1778
   0    1.4233 -999.9900    2.5181    2.5181    1.4733   -1.2331    1.8626    0.3981    0.1273
   0    1.9634 -999.9900    3.0179    3.0179    0.7456   -1.5950    2.2446    0.5848    0.1766
   0    1.4685 -999.9900    2.5796    2.5796    1.4138   -1.2976    1.9073    0.4196    0.1275
    
2023021200
   0    2.2339 -999.9900    3.5412    3.5412    0.7061   -1.7421    2.5050    0.5670    0.1877
   0    1.6365 -999.9900    2.9184    2.9184    1.4832   -1.3906    2.0837    0.4130    0.1239
   0    2.2327 -999.9900    3.5379    3.5379    0.7311   -1.7595    2.5085    0.5675    0.1836
   0    1.7021 -999.9900    3.0179    3.0179    1.4329   -1.4732    2.1538    0.4347    0.1243
    
2023021300
   0    1.9521 -999.9900    3.1417    3.1417    0.7709   -1.7273    2.2653    0.6021    0.1333
   0    1.3898 -999.9900    2.4982    2.4982    1.5297   -1.2044    1.8287    0.3899    0.0969
   0    1.9466 -999.9900    3.1357    3.1357    0.7606   -1.7263    2.2519    0.5956    0.1289
   0    1.4387 -999.9900    2.5893    2.5893    1.4842   -1.3008    1.8831    0.4072    0.0939
    
2023021400
   0    2.0486 -999.9900    3.2413    3.2413    0.6996   -1.6520    2.3192    0.5721    0.1732
   0    1.3203 -999.9900    2.3884    2.3884    1.7543   -1.0128    1.7779    0.3292    0.1292
   0    2.0656 -999.9900    3.2520    3.2520    0.6726   -1.6638    2.3308    0.5801    0.1721
   0    1.3882 -999.9900    2.5168    2.5168    1.7012   -1.1319    1.8638    0.3591    0.1300
    
2023021500
   0    1.9584 -999.9900    2.9771    2.9771    0.6573   -1.6304    2.2069    0.6257    0.1686
   0    1.4480 -999.9900    2.4754    2.4754    1.4724   -1.2068    1.8665    0.4198    0.1321
   0    1.9546 -999.9900    2.9754    2.9754    0.6544   -1.6381    2.2062    0.6249    0.1654
   0    1.4889 -999.9900    2.5415    2.5415    1.4191   -1.2973    1.9132    0.4430    0.1309
    
2023021600
   0    2.1762 -999.9900    3.2369    3.2369    0.6106   -1.4697    2.4429    0.6324    0.2149
   0    1.5476 -999.9900    2.6244    2.6244    1.4223   -1.1336    2.0128    0.4780    0.1493
   0    2.1780 -999.9900    3.2350    3.2350    0.5979   -1.4807    2.4424    0.6362    0.2127
   0    1.6155 -999.9900    2.7217    2.7217    1.3624   -1.2093    2.0859    0.5061    0.1522
    
2023021700
   0    2.0063 -999.9900    3.2130    3.2130    0.6804   -1.7786    2.2679    0.6233    0.1475
   0    1.4528 -999.9900    2.6459    2.6459    1.4389   -1.2950    1.8674    0.4080    0.1127
   0    2.0044 -999.9900    3.2124    3.2124    0.6809   -1.7781    2.2685    0.6206    0.1484
   0    1.5048 -999.9900    2.7306    2.7306    1.3912   -1.3871    1.9258    0.4300    0.1139
    
2023021800
   0    1.6710 -999.9900    2.6643    2.6643    0.6489   -1.3731    1.9148    0.5738    0.2020
   0    1.1169 -999.9900    2.0681    2.0681    1.3710   -0.8777    1.4788    0.3463    0.1381
   0    1.6681 -999.9900    2.6640    2.6640    0.6549   -1.3771    1.9142    0.5726    0.2014
   0    1.1651 -999.9900    2.1476    2.1476    1.3312   -0.9755    1.5372    0.3697    0.1422
    
2023021900
   0    1.5366 -999.9900    2.5958    2.5958    0.6266   -1.1091    1.7647    0.5216    0.2123
   0    1.0633 -999.9900    2.0711    2.0711    1.3810   -0.7568    1.4090    0.3268    0.1222
   0    1.5344 -999.9900    2.5954    2.5954    0.6348   -1.1081    1.7645    0.5200    0.2126
   0    1.1060 -999.9900    2.1450    2.1450    1.3359   -0.8237    1.4570    0.3484    0.1269
    
