2022120700
   1 -999.9900 -999.9900 -999.9900 -999.9900 -999.9900 -999.9900 -999.9900 -999.9900 -999.9900
   1 -999.9900 -999.9900 -999.9900 -999.9900 -999.9900 -999.9900 -999.9900 -999.9900 -999.9900
   1 -999.9900 -999.9900 -999.9900 -999.9900 -999.9900 -999.9900 -999.9900 -999.9900 -999.9900
   1 -999.9900 -999.9900 -999.9900 -999.9900 -999.9900 -999.9900 -999.9900 -999.9900 -999.9900
    
2022120800
   1 -999.9900 -999.9900 -999.9900 -999.9900 -999.9900 -999.9900 -999.9900 -999.9900 -999.9900
   1 -999.9900 -999.9900 -999.9900 -999.9900 -999.9900 -999.9900 -999.9900 -999.9900 -999.9900
   1 -999.9900 -999.9900 -999.9900 -999.9900 -999.9900 -999.9900 -999.9900 -999.9900 -999.9900
   1 -999.9900 -999.9900 -999.9900 -999.9900 -999.9900 -999.9900 -999.9900 -999.9900 -999.9900
    
2022120900
   1 -999.9900 -999.9900 -999.9900 -999.9900 -999.9900 -999.9900 -999.9900 -999.9900 -999.9900
   1 -999.9900 -999.9900 -999.9900 -999.9900 -999.9900 -999.9900 -999.9900 -999.9900 -999.9900
   1 -999.9900 -999.9900 -999.9900 -999.9900 -999.9900 -999.9900 -999.9900 -999.9900 -999.9900
   1 -999.9900 -999.9900 -999.9900 -999.9900 -999.9900 -999.9900 -999.9900 -999.9900 -999.9900
    
2022121000
   1 -999.9900 -999.9900 -999.9900 -999.9900 -999.9900 -999.9900 -999.9900 -999.9900 -999.9900
   1 -999.9900 -999.9900 -999.9900 -999.9900 -999.9900 -999.9900 -999.9900 -999.9900 -999.9900
   1 -999.9900 -999.9900 -999.9900 -999.9900 -999.9900 -999.9900 -999.9900 -999.9900 -999.9900
   1 -999.9900 -999.9900 -999.9900 -999.9900 -999.9900 -999.9900 -999.9900 -999.9900 -999.9900
    
2022121100
   1 -999.9900 -999.9900 -999.9900 -999.9900 -999.9900 -999.9900 -999.9900 -999.9900 -999.9900
   1 -999.9900 -999.9900 -999.9900 -999.9900 -999.9900 -999.9900 -999.9900 -999.9900 -999.9900
   1 -999.9900 -999.9900 -999.9900 -999.9900 -999.9900 -999.9900 -999.9900 -999.9900 -999.9900
   1 -999.9900 -999.9900 -999.9900 -999.9900 -999.9900 -999.9900 -999.9900 -999.9900 -999.9900
    
2022121200
   1 -999.9900 -999.9900 -999.9900 -999.9900 -999.9900 -999.9900 -999.9900 -999.9900 -999.9900
   1 -999.9900 -999.9900 -999.9900 -999.9900 -999.9900 -999.9900 -999.9900 -999.9900 -999.9900
   1 -999.9900 -999.9900 -999.9900 -999.9900 -999.9900 -999.9900 -999.9900 -999.9900 -999.9900
   1 -999.9900 -999.9900 -999.9900 -999.9900 -999.9900 -999.9900 -999.9900 -999.9900 -999.9900
    
2022121300
   1 -999.9900 -999.9900 -999.9900 -999.9900 -999.9900 -999.9900 -999.9900 -999.9900 -999.9900
   1 -999.9900 -999.9900 -999.9900 -999.9900 -999.9900 -999.9900 -999.9900 -999.9900 -999.9900
   1 -999.9900 -999.9900 -999.9900 -999.9900 -999.9900 -999.9900 -999.9900 -999.9900 -999.9900
   1 -999.9900 -999.9900 -999.9900 -999.9900 -999.9900 -999.9900 -999.9900 -999.9900 -999.9900
    
2022121400
   1 -999.9900 -999.9900 -999.9900 -999.9900 -999.9900 -999.9900 -999.9900 -999.9900 -999.9900
   1 -999.9900 -999.9900 -999.9900 -999.9900 -999.9900 -999.9900 -999.9900 -999.9900 -999.9900
   1 -999.9900 -999.9900 -999.9900 -999.9900 -999.9900 -999.9900 -999.9900 -999.9900 -999.9900
   1 -999.9900 -999.9900 -999.9900 -999.9900 -999.9900 -999.9900 -999.9900 -999.9900 -999.9900
    
2022121500
   1 -999.9900 -999.9900 -999.9900 -999.9900 -999.9900 -999.9900 -999.9900 -999.9900 -999.9900
   1 -999.9900 -999.9900 -999.9900 -999.9900 -999.9900 -999.9900 -999.9900 -999.9900 -999.9900
   1 -999.9900 -999.9900 -999.9900 -999.9900 -999.9900 -999.9900 -999.9900 -999.9900 -999.9900
   1 -999.9900 -999.9900 -999.9900 -999.9900 -999.9900 -999.9900 -999.9900 -999.9900 -999.9900
    
2022121600
   1 -999.9900 -999.9900 -999.9900 -999.9900 -999.9900 -999.9900 -999.9900 -999.9900 -999.9900
   1 -999.9900 -999.9900 -999.9900 -999.9900 -999.9900 -999.9900 -999.9900 -999.9900 -999.9900
   1 -999.9900 -999.9900 -999.9900 -999.9900 -999.9900 -999.9900 -999.9900 -999.9900 -999.9900
   1 -999.9900 -999.9900 -999.9900 -999.9900 -999.9900 -999.9900 -999.9900 -999.9900 -999.9900
    
2022121700
   0  582.6008  346.2266 1130.1704 1130.1704  914.2643 -283.7003  815.6252    0.2353    0.0900
   0  577.2628  342.4165 1136.8885 1136.8885  960.3814 -255.6762  817.0602    0.1978    0.0876
   0  551.9752  331.7247 1081.8267 1081.8267  971.8424 -266.3335  778.9391    0.1741    0.0744
   0  558.5990  332.1239 1104.0337 1104.0337  987.6752 -250.8456  792.2725    0.1641    0.0760
    
2022121800
   0  509.2293  322.3913 1007.8350 1007.8350 1087.2959 -167.1502  705.6967    0.1461    0.0452
   0  494.8080  320.0164  987.8312  987.8312 1033.3835 -152.1992  692.8634    0.1436    0.0416
   0  492.4755  335.8379  979.8892  979.8892 1072.8260 -142.8108  689.2233    0.1215    0.0470
   0  487.1927  329.2533  975.3087  975.3087 1035.3480 -140.5856  685.1555    0.1318    0.0414
    
2022121900
   0  498.0702  307.1948  978.6113  978.6113  962.9513  -88.9127  698.5474    0.1334    0.0686
   0  516.9271  311.4894 1035.0002 1035.0002 1017.4526  -53.3631  724.1873    0.1246    0.0668
   0  517.5635  308.3782 1021.7670 1021.7670  981.1629  -48.1133  724.7065    0.1392    0.0637
   0  525.1220  311.9005 1051.0498 1051.0498 1014.7096  -35.9945  735.5505    0.1287    0.0649
    
2022122000
   0  572.0764  299.6737 1093.8965 1093.8965  995.9288  -72.5481  796.6710    0.1767    0.0878
   0  561.4520  306.9381 1081.6007 1081.6007  998.8677  -43.6243  786.0524    0.1627    0.0874
   0  579.9461  296.7719 1119.9075 1119.9075  992.8989 -113.4302  812.9471    0.1869    0.0676
   0  579.9461  296.7719 1119.9075 1119.9075  992.8989 -113.4302  812.9471    0.1869    0.0676
    
2022122100
   1 -999.9900 -999.9900 -999.9900 -999.9900 -999.9900 -999.9900 -999.9900 -999.9900 -999.9900
   0  588.9606  308.7004 1145.3290 1145.3290  980.5145  -12.3433  835.4030    0.1420    0.1323
   0  633.1437  309.4848 1196.6261 1196.6261  936.9972  -48.1499  882.0255    0.1855    0.1493
   0  633.1437  309.4848 1196.6261 1196.6261  936.9972  -48.1499  882.0255    0.1855    0.1493
    
2022122200
   0  670.3841  311.2161 1288.0499 1288.0499  961.7002   -9.3676  936.6534    0.2021    0.1545
   0  665.6392  304.4555 1299.8301 1299.8301 1008.0569   -4.2335  941.2382    0.1990    0.1365
   0  633.0647  290.0645 1230.5222 1230.5222  967.8598  -64.6315  887.3489    0.2024    0.1146
   0  633.0647  290.0645 1230.5222 1230.5222  967.8598  -64.6315  887.3489    0.2024    0.1146
    
2022122300
   0  705.5837  286.2104 1328.2179 1328.2179 1007.8663   -1.0751  990.2404    0.2279    0.1763
   0  693.1696  287.4848 1307.4130 1307.4130 1040.0605  -48.5647  981.6607    0.2375    0.1526
   0  641.9548  261.5671 1221.1233 1221.1233  996.6393  -59.0303  912.7366    0.2256    0.1197
   0  641.9548  261.5671 1221.1233 1221.1233  996.6393  -59.0303  912.7366    0.2256    0.1197
    
2022122400
   0  678.6965  305.7413 1287.8256 1287.8256  985.3172   64.6753  965.3715    0.2116    0.1673
   0  669.1780  294.5587 1273.4094 1273.4094 1007.9056   50.3836  953.6907    0.2049    0.1474
   0  631.2822  277.2752 1194.8344 1194.8344  961.9553  -12.8625  905.8665    0.1989    0.1297
   0  641.7900  275.4023 1221.8306 1221.8306  993.0778   18.9758  919.6990    0.1900    0.1323
    
2022122500
   0  581.8799  280.8453 1126.5439 1126.5439  969.6242   86.6413  816.3821    0.1445    0.1174
   0  568.5698  299.5371 1104.5170 1104.5170  999.1536  100.3556  806.2879    0.1188    0.1158
   0  548.8112  270.1808 1058.8901 1058.8901  961.1808   27.7961  777.7520    0.1526    0.0929
   0  547.1053  283.2343 1062.7094 1062.7094  996.6340   74.2029  780.1343    0.1181    0.0984
    
2022122600
   0  567.5129  311.8963 1123.5626 1123.5626  990.5938  171.3607  798.3037    0.0980    0.1495
   0  538.8637  305.6901 1077.5546 1077.5546 1028.6063  154.1748  765.1870    0.0699    0.1101
   0  500.5546  292.7424  986.4456  986.4456  987.8199  123.1614  707.6310    0.0908    0.1024
   0  500.5297  288.0752  998.5946  998.5946 1025.3175  139.8264  712.5825    0.0582    0.0899
    
2022122700
   0  507.5783  294.7458  982.0663  982.0663 1002.3807  157.7529  699.0490    0.0884    0.1291
   0  514.2324  286.2165 1016.9655 1016.9655 1058.8429  173.2870  711.0754    0.0667    0.1115
   0  492.2082  282.3340  955.8295  955.8295  988.3057  160.8063  684.0663    0.0829    0.1151
   0  503.3084  279.9563  993.6230  993.6230 1041.4041  172.9323  700.8145    0.0681    0.1031
    
2022122800
   0  477.8134  303.3210  929.9415  929.9415  955.5700  228.8775  650.9764    0.0638    0.1277
   0  457.1381  294.0309  889.5999  889.5999  958.0165  205.0899  626.7214    0.0514    0.0986
   0  458.5946  291.4666  896.4158  896.4158  945.1581  215.8573  625.9286    0.0593    0.1082
   0  447.7438  286.6438  872.7352  872.7352  955.9683  202.5229  613.6416    0.0481    0.0916
    
2022122900
   0  478.7328  303.5048  924.0039  924.0039  961.3051  200.1888  671.4393    0.0621    0.1315
   0  462.9226  310.3611  893.0620  893.0620  986.3380  209.0828  651.5938    0.0566    0.1231
   0  486.3075  307.9543  935.6714  935.6714  958.3509  200.8013  688.6460    0.0696    0.1334
   0  469.1267  310.5897  904.3087  904.3087  981.8572  208.5004  663.8983    0.0587    0.1247
    
2022123000
   0  501.1466  307.9373  998.5971  998.5971  969.5692  266.9717  697.2282    0.0519    0.1632
   0  475.5431  306.9083  953.5981  953.5981  982.1978  231.2052  670.6796    0.0361    0.1106
   0  496.3165  305.5995  993.2947  993.2947  983.9645  247.2464  697.4239    0.0669    0.1393
   0  478.3531  305.5079  960.0222  960.0222  987.7725  227.7944  676.9894    0.0486    0.1078
    
2022123100
   0  528.7110  340.6263 1063.9543 1063.9543  922.5637  231.8861  733.0608    0.1033    0.1581
   0  484.5287  301.0593  998.3084  998.3084  948.5421  180.4176  674.1122    0.0680    0.1087
   0  513.0487  321.0399 1043.6349 1043.6349  936.2394  223.7691  715.1653    0.0918    0.1377
   0  483.8731  297.0038  999.4290  999.4290  950.6485  186.2222  675.8305    0.0649    0.1097
    
2023010100
   0  491.6000  279.3484 1029.6482 1029.6482  888.1265  123.1737  673.4112    0.0969    0.1085
   0  440.9691  264.3741  915.0894  915.0894  900.8481  102.5029  607.2626    0.0688    0.0905
   0  477.8979  273.5699 1000.6220 1000.6220  877.1465  125.1754  665.8463    0.0954    0.1061
   0  442.3118  262.6383  919.3990  919.3990  892.5980  107.8361  614.0692    0.0673    0.0917
    
2023010200
   0  445.6818  293.1542  933.5536  933.5536  950.4859  184.2563  616.7029    0.0441    0.1289
   0  446.8745  281.9265  921.6226  921.6226  944.1163  191.6459  615.1355    0.0419    0.1175
   0  443.8278  289.0180  932.4854  932.4854  936.5080  206.6452  602.4498    0.0347    0.1291
   0  444.7464  280.9074  920.3957  920.3957  940.1034  203.6055  605.5595    0.0359    0.1149
    
2023010300
   0  502.2610  305.9368  994.0679  994.0679  958.5729  195.0540  709.0054    0.0797    0.1386
   0  484.6235  287.8952  958.9946  958.9946  964.5632  186.8140  682.9897    0.0563    0.1203
   0  498.1613  294.6899  993.0007  993.0007  954.1101  199.7797  699.2869    0.0675    0.1253
   0  484.7155  283.4702  962.8461  962.8461  963.3793  191.2937  679.5815    0.0573    0.1182
    
2023010400
   0  457.4196  279.0907  874.8919  874.8919  896.7017  182.6722  635.3098    0.0695    0.1283
   0  460.7428  266.8517  877.6751  877.6751  895.3983  184.1492  641.1932    0.0552    0.1304
   0  460.8852  279.0840  881.7836  881.7836  902.3787  170.0305  635.3644    0.0683    0.1192
   0  460.9862  267.3646  878.7952  878.7952  901.4817  176.2626  640.1566    0.0585    0.1222
    
2023010500
   0  451.0298  281.4855  883.6507  883.6507  909.0139   51.2154  617.7150    0.0970    0.0922
   0  447.3945  271.0826  876.7812  876.7812  925.1578   70.4689  613.6468    0.0827    0.0805
   0  442.0632  277.2391  867.2609  867.2609  898.5142   54.0735  602.2764    0.1010    0.0891
   0  442.5134  270.0428  867.2538  867.2538  916.7969   68.3340  604.6519    0.0840    0.0797
    
2023010600
   0  427.2119  285.7184  827.1738  827.1738  917.2581   91.6563  592.1606    0.0753    0.0901
   0  413.6660  279.5637  806.2397  806.2397  934.6789   84.3321  572.9335    0.0584    0.0649
   0  429.3782  275.7599  837.7829  837.7829  915.9024   77.9074  593.5458    0.0934    0.0771
   0  417.4442  274.3069  815.7498  815.7498  931.4596   77.5476  578.1362    0.0683    0.0641
    
2023010700
   0  397.2513  268.3008  765.2649  765.2649  869.6407   46.4629  551.9968    0.0747    0.0884
   0  390.8018  270.6478  743.6740  743.6740  920.8516   37.7748  542.9074    0.0533    0.0745
   0  395.0193  266.3378  765.5447  765.5447  875.7722   67.1164  544.6772    0.0565    0.0896
   0  390.6107  269.0043  748.1323  748.1323  914.1757   51.8913  540.8441    0.0477    0.0780
    
2023010800
   0  445.7308  263.7566  872.0647  872.0647  906.1651   61.7193  618.7518    0.0704    0.1068
   0  396.5115  271.8410  772.2552  772.2552  930.8852   45.4688  557.1771    0.0269    0.0758
   0  447.8194  268.9135  879.9007  879.9007  903.3770   82.3701  628.0565    0.0618    0.1139
   0  406.5936  271.9679  795.8901  795.8901  926.4831   61.1167  574.2867    0.0272    0.0837
    
2023010900
   0  469.0087  269.0505  924.0806  924.0806  845.4690   72.9218  666.4872    0.0804    0.1305
   0  440.3321  270.3148  862.5267  862.5267  883.0404   58.1531  636.4739    0.0678    0.1038
   0  461.2358  260.0501  907.6491  907.6491  882.9625   79.9128  651.5579    0.0717    0.1162
   0  440.3502  263.0553  862.6177  862.6177  899.2822   65.3017  632.9407    0.0659    0.1013
    
2023011000
   0  475.2704  249.6409  892.5889  892.5889  890.3784  140.7010  660.5508    0.0794    0.1327
   0  448.5957  250.3981  858.7482  858.7482  919.9483  120.0964  624.5544    0.0567    0.1082
   0  483.4089  260.8833  915.4822  915.4822  890.2495  174.1179  673.5328    0.0729    0.1408
   0  455.9919  254.9183  875.9054  875.9054  917.7772  144.2645  637.9698    0.0583    0.1153
    
2023011100
   0  570.2344  269.3279 1056.8932 1056.8932  911.3305  128.9719  794.2350    0.0945    0.1494
   0  513.8642  259.4702  972.5602  972.5602  929.5111  122.4641  721.1072    0.0688    0.1128
   0  577.1243  267.0651 1062.4752 1062.4752  890.5879  126.1141  801.7806    0.1137    0.1531
   0  527.1302  258.7236  991.7672  991.7672  915.8007  122.0483  739.0078    0.0797    0.1230
    
2023011200
   0  526.9641  271.4384  989.9436  989.9436  932.3551   65.7980  709.1296    0.0782    0.1301
   0  497.2136  268.3715  939.8890  939.8890  941.5012   53.8605  670.5078    0.0690    0.1055
   0  531.8760  265.6102  989.9118  989.9118  927.8171   53.4391  711.6069    0.0793    0.1334
   0  505.0486  264.6844  948.9359  948.9359  938.1767   48.8191  679.7986    0.0696    0.1117
    
2023011300
   0  490.3412  282.2539  895.3661  895.3661  939.3246   -2.4728  654.7496    0.0918    0.1326
   0  477.9232  269.2199  874.1221  874.1221  942.4506  -42.8569  640.4794    0.0846    0.1027
   0  482.5734  269.6428  890.6119  890.6119  943.3252  -27.0031  651.6519    0.0925    0.1040
   0  475.9601  264.4628  875.3172  875.3172  944.3553  -49.4874  641.0432    0.0862    0.0926
    
2023011400
   0  470.4196  268.3148  842.4890  842.4890  910.3799  -52.2974  641.1791    0.1062    0.0958
   0  469.3528  255.1716  844.7053  844.7053  909.2651  -51.0582  639.9537    0.1053    0.0775
   0  470.6508  266.0609  855.7872  855.7872  913.9671  -35.4027  643.0051    0.0887    0.1002
   0  469.3263  256.1544  851.9802  851.9802  911.8743  -41.1702  641.6883    0.0978    0.0820
    
2023011500
   0  531.3942  287.8455  976.9689  976.9689  957.9083   84.6350  748.0809    0.0863    0.1420
   0  497.4509  274.7006  919.8727  919.8727  991.8179   76.6171  706.3624    0.0741    0.1029
   0  518.1603  271.6677  949.2883  949.2883  948.2385   73.6596  727.9037    0.0903    0.1241
   0  496.7048  267.7976  914.9932  914.9932  978.7219   71.6375  703.4279    0.0789    0.1040
    
2023011600
   0  582.6279  253.8464 1078.2509 1078.2509  957.2324  100.5932  809.3923    0.0924    0.1706
   0  544.8193  246.9531 1018.1765 1018.1765  962.3082   98.0979  772.8483    0.0870    0.1484
   0  577.8392  260.7984 1074.7101 1074.7101  964.2951  100.8429  809.0916    0.0702    0.1730
   0  547.2938  250.9353 1024.7395 1024.7395  969.2513   98.7395  777.5074    0.0708    0.1429
    
2023011700
   0  572.6225  266.5413 1101.4128 1101.4128  984.4846  110.9185  823.5722    0.1117    0.1558
   0  556.4000  251.8371 1059.1807 1059.1807  995.5594   83.0406  793.6781    0.1044    0.1318
   0  547.6570  254.7741 1047.7898 1047.7898  946.1269  101.9767  788.9973    0.1095    0.1488
   0  545.1211  247.7333 1035.4269 1035.4269  970.3991   83.2583  778.9658    0.1052    0.1317
    
2023011800
   0  547.2624  281.0644 1057.6885 1057.6885  973.0862   62.6814  776.5322    0.1174    0.1311
   0  532.8314  273.5188 1034.2064 1034.2064  971.8552   75.9377  757.4690    0.0907    0.1329
   0  525.5200  266.5832 1009.3461 1009.3461  961.2560   48.8462  749.4532    0.1014    0.1314
   0  522.4324  265.7535 1008.5188 1008.5188  966.3544   64.9821  743.1727    0.0871    0.1334
    
2023011900
   0  471.8951  278.3614  889.7546  889.7546  978.7528  -22.9531  669.4457    0.1167    0.0904
   0  464.5953  272.2352  881.6061  881.6061  984.1491  -42.9526  662.6631    0.1081    0.0838
   0  479.6131  270.2746  906.9591  906.9591  946.7405  -31.9567  680.6450    0.1225    0.1040
   0  471.1691  268.7024  893.6935  893.6935  964.3024  -44.3409  671.0856    0.1145    0.0944
    
2023012000
   0  481.6133  287.7382  917.3933  917.3933  939.3139   12.6960  659.2300    0.1106    0.1261
   0  452.5886  267.5585  864.4807  864.4807  973.3947  -11.1335  627.7052    0.0915    0.0961
   0  458.0193  278.3801  873.5286  873.5286  939.5178   -2.3565  632.0710    0.0977    0.1066
   0  445.1339  267.0332  850.5518  850.5518  964.3328  -15.4036  619.5644    0.0866    0.0903
    
2023012100
   0  505.9004  254.1668 1011.3981 1011.3981  889.5822  -47.7087  709.1751    0.1228    0.1091
   0  497.4631  257.7197  983.3912  983.3912  947.9007  -42.0830  707.2346    0.1046    0.0924
   0  511.0155  256.4618 1020.5205 1020.5205  908.4189  -39.6376  721.5487    0.1183    0.1104
   0  501.6331  258.2260  994.3879  994.3879  947.2320  -38.3663  714.1766    0.1065    0.0963
    
2023012200
   0  533.5967  256.5613 1036.2906 1036.2906  894.7953 -158.6197  754.4985    0.1818    0.1162
   0  540.5136  254.7142 1051.3406 1051.3406  934.4817 -168.5059  768.8049    0.1645    0.1095
   0  525.7102  255.1094 1021.0480 1021.0480  900.0608 -148.3456  739.8539    0.1743    0.1112
   0  535.4682  254.2290 1038.9907 1038.9907  932.0734 -151.3695  759.4360    0.1630    0.1084
    
2023012300
   0  538.2936  277.4367 1032.2542 1032.2542  932.3244 -172.2092  757.7344    0.1583    0.1189
   0  547.6316  266.4468 1062.8120 1062.8120  946.5616 -212.6589  771.2224    0.1616    0.1085
   0  523.5768  274.0152 1011.6778 1011.6778  919.6727 -168.8280  738.6235    0.1516    0.1122
   0  535.3896  265.1007 1041.6737 1041.6737  939.3057 -200.8563  756.1959    0.1484    0.1064
    
2023012400
   0  519.0873  272.2036  974.3278  974.3278  899.4398  -97.3521  730.7220    0.1587    0.1225
   0  490.0435  257.7272  942.6172  942.6172  946.7568 -131.1348  693.2711    0.1239    0.0942
   0  510.7884  267.9567  962.6378  962.6378  902.8061 -104.4764  721.9072    0.1477    0.1183
   0  490.5082  258.1083  941.4421  941.4421  939.6788 -128.6666  694.9963    0.1223    0.0968
    
2023012500
   0  533.3107  264.2815 1027.0392 1027.0392  955.8925  -60.7908  737.5997    0.1255    0.1252
   0  529.1035  257.4052 1035.1306 1035.1306  994.7110  -86.6307  732.6168    0.1083    0.1100
   0  537.0124  262.9919 1037.3604 1037.3604  951.7866  -63.9679  741.6824    0.1281    0.1280
   0  530.4208  257.8108 1038.1835 1038.1835  984.6718  -84.0864  734.9594    0.1136    0.1131
    
2023012600
   0  564.9216  273.4960 1135.5945 1135.5945  981.1622 -160.2388  787.0865    0.1379    0.1147
   0  573.4506  258.3316 1157.8107 1157.8107  992.4630 -150.2273  809.7710    0.1047    0.1211
   0  570.1786  258.0522 1138.3400 1138.3400  963.6304 -157.0107  799.5504    0.1269    0.1248
   0  576.0936  253.7151 1157.4178 1157.4178  977.0345 -150.2914  812.4835    0.1099    0.1257
    
2023012700
   0  586.4024  283.9468 1123.1595 1123.1595  945.6401  -70.5029  832.0817    0.1313    0.1552
   0  561.5396  264.0253 1096.2460 1096.2460 1001.4356  -84.3057  800.8623    0.1126    0.1296
   0  592.3742  271.8831 1137.9254 1137.9254  955.9961  -90.4781  838.7680    0.1317    0.1545
   0  570.7919  262.1965 1112.4983 1112.4983  993.5807  -94.0061  813.1468    0.1204    0.1325
    
2023012800
   0  591.5325  307.6213 1134.1992 1134.1992  982.5853   -1.7251  833.8837    0.1313    0.1862
   0  582.8132  296.1054 1142.7168 1142.7168 1018.6461  -38.4025  830.5070    0.1127    0.1745
   0  576.9221  316.2489 1116.5398 1116.5398  992.2460    6.3845  818.0668    0.1201    0.1798
   0  575.4911  301.7186 1128.4867 1128.4867 1019.7852  -26.3918  820.8956    0.1077    0.1726
    
2023012900
   0  496.8222  288.7227  983.3817  983.3817  982.0511   52.8925  707.6074    0.0857    0.1255
   0  517.8591  286.5142 1018.5793 1018.5793 1017.0572   13.5493  741.8787    0.0855    0.1292
   0  515.7689  305.0825 1031.4659 1031.4659 1023.6002   52.7049  730.7679    0.0797    0.1295
   0  523.4819  294.6653 1036.1620 1036.1620 1038.8339   22.7371  748.3347    0.0828    0.1290
    
2023013000
   0  568.6790  348.1323 1128.6088 1128.6088 1037.3529  127.7580  799.5859    0.0762    0.1776
   0  569.7644  329.6245 1120.8955 1120.8955 1047.7424   78.9510  810.6768    0.0808    0.1691
   0  557.4020  338.8743 1099.9132 1099.9132 1018.0010  126.1276  788.9979    0.0765    0.1719
   0  561.9910  326.8102 1104.6272 1104.6272 1034.9548   87.7285  800.4199    0.0809    0.1667
    
2023013100
   0  466.6883  324.2385  857.7243  857.7243  990.4532  127.8292  639.5341    0.0494    0.1505
   0  466.6612  299.0080  885.8945  885.8945 1019.5827   73.3272  647.4216    0.0515    0.1274
   0  466.6439  320.2022  866.9698  866.9698  963.2827  110.2504  640.3087    0.0551    0.1530
   0  465.9976  300.8399  884.7400  884.7400  999.0104   73.6794  645.0767    0.0552    0.1323
    
2023020100
   0  434.3307  331.8817  775.7664  775.7664  939.7855  169.1514  592.4380    0.0360    0.1632
   0  423.5067  295.5737  777.9449  777.9449  996.7382  112.1553  583.8854    0.0284    0.1111
   0  419.5331  313.3081  762.4268  762.4268  946.2855  150.0730  576.5054    0.0351    0.1315
   0  419.8100  293.7615  773.0983  773.0983  986.2311  112.0976  580.6109    0.0298    0.1091
    
2023020200
   0  423.9496  319.5697  766.4371  766.4371  967.2765  124.9622  586.2980    0.0505    0.1080
   0  389.1758  270.9437  684.9217  684.9217 1007.4834   54.0671  532.5954    0.0423    0.0548
   0  420.1265  316.8238  763.8291  763.8291  967.0765  116.8629  582.6412    0.0500    0.0969
   0  389.8267  274.4939  688.4459  688.4459 1007.6420   63.3795  533.6855    0.0428    0.0534
    
2023020300
   0  428.8160  289.7494  799.0342  799.0342  957.3257   89.0710  584.1682    0.0585    0.0829
   0  423.0933  285.8299  782.5117  782.5117 1003.3110   74.2462  587.0895    0.0606    0.0577
   0  419.0077  281.3892  785.6320  785.6320  945.9395  105.7059  575.9650    0.0585    0.0773
   0  417.7022  281.2920  775.0187  775.0187  989.7720   87.1906  581.7260    0.0597    0.0558
    
2023020400
   0  488.7912  269.2615  978.1430  978.1430  970.4954   61.8875  692.0286    0.1017    0.0766
   0  501.4812  278.7070  997.9247  997.9247 1009.8350   65.9138  713.2695    0.0863    0.0811
   0  493.6686  276.4953  981.2065  981.2065  971.5830   72.0047  700.6208    0.0954    0.0802
   0  499.3943  278.7915  991.0715  991.0715 1007.3392   71.1723  707.5659    0.0829    0.0818
    
2023020500
   0  552.4622  322.2730 1129.1302 1129.1302 1068.4104   42.6713  799.1608    0.1040    0.0824
   0  527.6963  309.5402 1077.5919 1077.5919 1054.0437   38.9325  768.2449    0.0979    0.0718
   0  529.1904  305.4149 1089.6862 1089.6862 1032.1658    7.0555  762.2419    0.1067    0.0662
   0  509.5625  296.6029 1040.5895 1040.5895 1022.6719    9.4279  735.8972    0.1012    0.0606
    
2023020600
   0  558.5486  316.3836 1085.9808 1085.9808  943.3334   93.7433  770.1663    0.1022    0.1926
   0  558.5486  316.3836 1085.9808 1085.9808  943.3334   93.7433  770.1663    0.1022    0.1926
   0  571.7382  305.9477 1131.5421 1131.5421  974.6334   69.1686  789.9910    0.0987    0.1878
   0  559.2291  297.8024 1112.6073 1112.6073  993.0035   48.5280  786.1180    0.0895    0.1686
    
2023020700
   0  612.2318  315.4153 1202.1195 1202.1195  932.1830  -94.4610  838.1167    0.1402    0.1851
   0  570.1878  291.1743 1125.6085 1125.6085  975.3954 -106.4409  798.4280    0.1332    0.1592
   0  569.0954  302.3941 1119.8429 1119.8429  936.9591  -79.5666  787.8604    0.1336    0.1721
   0  553.4160  289.4414 1091.4037 1091.4037  967.8038  -95.1176  776.1263    0.1279    0.1562
    
2023020800
   0  530.2678  303.4396 1013.4009 1013.4009  952.3252  -91.0914  745.1839    0.1385    0.1251
   0  514.8964  290.8992  987.4470  987.4470 1000.3389 -105.0812  726.2836    0.1180    0.0974
   0  527.1092  302.8800 1002.6154 1002.6154  978.9662  -69.0008  739.5212    0.1324    0.1271
   0  516.3498  293.1961  987.4854  987.4854 1004.5880  -89.0233  727.1599    0.1180    0.1062
    
2023020900
   0  529.0704  330.3712 1014.3127 1014.3127  945.2999  -33.7292  735.9233    0.1073    0.1367
   0  516.2881  326.3477 1012.9293 1012.9293  960.9799  -41.2281  728.8579    0.0991    0.1201
   0  512.4472  317.2049  996.7106  996.7106  935.2870  -38.9485  725.4017    0.1020    0.1304
   0  509.6683  319.9567 1004.1396 1004.1396  950.3835  -42.8534  725.1841    0.0997    0.1206
    
2023021000
   0  539.7319  314.5885 1036.3337 1036.3337  917.9827   54.9745  744.1195    0.1269    0.1353
   0  522.0482  307.7901 1009.4359 1009.4359  931.0408    5.7367  724.5006    0.1212    0.1147
   0  525.3580  305.8596 1016.3643 1016.3643  920.8146   51.9215  725.4297    0.1260    0.1285
   0  516.4020  303.3339 1001.6956 1001.6956  931.1293   13.7680  715.7825    0.1203    0.1149
    
2023021100
   0  462.6041  309.5678  894.0566  894.0566  897.6065   37.8430  656.3495    0.0960    0.1254
   0  470.6693  296.1876  913.3131  913.3131  955.4647    9.0323  667.8802    0.0958    0.1080
   1 -999.9900 -999.9900 -999.9900 -999.9900 -999.9900 -999.9900 -999.9900 -999.9900 -999.9900
   1 -999.9900 -999.9900 -999.9900 -999.9900 -999.9900 -999.9900 -999.9900 -999.9900 -999.9900
    
2023021200
   0  504.0855  302.9427  967.8493  967.8493  949.5488   29.4587  730.3417    0.0785    0.1397
   0  520.7480  308.0552  997.1821  997.1821  978.3445   13.7697  753.1956    0.0968    0.1359
   0  471.2543  300.7311  895.4485  895.4485  952.5614   -3.5094  681.9822    0.0726    0.1047
   0  491.3843  295.9558  934.5103  934.5103  984.3630    6.8755  712.7938    0.0773    0.1102
    
2023021300
   0  495.1880  304.1832  937.6029  937.6029  932.0961   19.8218  706.1570    0.1055    0.1374
   0  484.0139  300.6565  923.2262  923.2262  954.3430   12.4609  697.6931    0.0919    0.1043
   0  501.6484  302.2471  961.3448  961.3448  953.1912   25.0419  720.2027    0.1012    0.1302
   0  489.4440  298.8596  937.8334  937.8334  964.9068   17.0396  707.1621    0.0893    0.1054
    
2023021400
   0  529.4308  320.7157  976.0940  976.0940  965.4579   36.8212  740.8152    0.1274    0.1197
   0  522.2103  305.2816  976.1512  976.1512  947.3976    1.5691  732.8097    0.1243    0.1155
   0  523.0104  312.6802  971.8211  971.8211  951.9074   36.9444  736.9644    0.1175    0.1272
   0  519.7800  303.5133  973.8937  973.8937  942.6636    8.6912  732.5155    0.1199    0.1180
    
2023021500
   0  426.7686  307.3093  797.9142  797.9142  988.9268  -30.3525  602.2029    0.0373    0.0717
   0  419.4535  304.0657  779.1261  779.1261 1000.0552  -42.7607  587.7804    0.0328    0.0683
   0  412.1581  299.8524  768.8558  768.8558  978.5192  -21.9336  584.0123    0.0313    0.0715
   0  411.9006  299.6747  764.1751  764.1751  992.3165  -34.9825  578.4836    0.0322    0.0694
    
2023021600
   0  384.1382  340.9896  701.9531  701.9531  942.5154   62.8738  524.8820    0.0421    0.0621
   0  374.3094  319.6295  680.1559  680.1559  944.7245   14.8313  507.0999    0.0405    0.0428
   0  382.5466  310.8029  696.2620  696.2620  971.0585   43.1381  525.0923    0.0409    0.0483
   0  375.2205  306.2544  680.9094  680.9094  960.7795   13.3809  511.2959    0.0383    0.0408
    
2023021700
   0  447.8097  305.4736  820.5377  820.5377  974.5714   93.4995  639.3179    0.0968    0.0759
   0  440.2704  311.4561  811.3792  811.3792 1004.9939   79.4519  625.1816    0.0844    0.0656
   0  437.1442  295.1292  806.0226  806.0226  978.3481   81.8710  620.7591    0.0809    0.0767
   0  435.8263  304.2796  805.7515  805.7515  999.9902   75.2781  618.2756    0.0788    0.0650
    
2023021800
   0  433.7915  281.5179  785.1998  785.1998  963.2513   43.6878  612.5457    0.0833    0.0799
   0  430.4569  284.5483  777.4319  777.4319  961.7849   14.1074  610.0460    0.0820    0.0697
   0  440.0607  278.4478  796.1572  796.1572  949.9131   44.0853  625.6099    0.0881    0.0909
   0  433.1297  280.4439  783.1498  783.1498  956.2921   20.2674  617.0873    0.0843    0.0725
    
2023021900
   0  455.0670  278.9323  822.2571  822.2571  951.9037   47.0458  642.1378    0.0861    0.1378
   0  443.5912  270.4731  801.3769  801.3769  947.8895   48.1572  622.0798    0.0792    0.1193
   0  431.4745  276.2135  780.1598  780.1598  941.8787   48.2861  607.9908    0.0806    0.1040
   0  431.3008  270.1458  779.9404  779.9404  942.8763   48.6785  605.2484    0.0775    0.1046
    
2023022000
   0  422.8649  292.3367  791.2367  791.2367  953.5358   68.9051  581.9557    0.0356    0.0981
   0  397.3380  271.8594  731.4119  731.4119  972.2950   45.6437  544.1835    0.0241    0.0759
   0  415.6068  279.3681  768.7432  768.7432  956.9792   49.4613  572.8327    0.0341    0.0988
   0  399.1730  270.0714  733.0727  733.0727  967.7255   38.6106  548.8740    0.0289    0.0774
    
2023022100
   0  441.9192  302.0051  846.8647  846.8647  960.6440   68.7981  615.9813    0.0639    0.0989
   0  438.1197  291.3652  844.5797  844.5797  942.5372   67.8856  611.4845    0.0563    0.0924
   0  439.4859  296.8033  844.2672  844.2672  937.5421   62.7162  610.6797    0.0603    0.0932
   0  437.2750  289.8195  842.7903  842.7903  933.0798   64.4260  608.8617    0.0567    0.0904
    
2023022200
   0  504.9337  342.1073  980.8198  980.8198  903.4944   88.4117  708.5489    0.1010    0.1140
   0  476.1246  300.7802  937.6059  937.6059  920.4058   84.5592  666.0162    0.0808    0.1029
   0  497.2006  320.0291  957.8757  957.8757  923.8923   99.2279  697.4876    0.0919    0.1068
   0  477.1786  296.6935  932.8409  932.8409  928.2744   91.8335  669.2476    0.0789    0.0983
    
2023022300
   0  537.6338  327.4654 1027.3427 1027.3427 1030.7207    2.2146  755.4142    0.0832    0.1251
   0  489.2159  293.8454  961.7457  961.7457  998.0966   23.2867  690.9653    0.0651    0.1011
   0  503.3737  300.7124  974.9565  974.9565 1012.1319    7.1764  716.4875    0.0824    0.0982
   0  479.1125  285.4970  944.2973  944.2973  991.7529   22.0401  681.0645    0.0622    0.0910
    
2023022400
   0  519.5845  272.5678 1029.5507 1029.5507  936.2839   62.3180  723.1169    0.0921    0.1322
   0  511.6797  269.0803 1018.6609 1018.6609  962.5187   29.3557  718.8936    0.0851    0.1145
   0  515.7794  265.0361 1019.9755 1019.9755  937.9413   63.4624  722.6119    0.0855    0.1349
   0  508.8977  263.2071 1010.8348 1010.8348  961.7288   39.0444  717.1188    0.0828    0.1151
    
2023022500
   0  606.7104  265.8798 1153.6134 1153.6134  895.0032  100.7862  852.2195    0.1310    0.2207
   0  565.1121  260.3016 1082.8014 1082.8014  927.9414   70.4133  791.6270    0.1097    0.1850
   0  592.2614  257.5628 1150.7029 1150.7029  941.2301   94.7751  834.1305    0.1146    0.2010
   0  566.5801  257.8860 1097.6216 1097.6216  945.6740   72.8963  795.2905    0.1060    0.1818
    
2023022600
   0  587.9999  267.1194 1106.3463 1106.3463  940.9777  123.4527  827.3099    0.1108    0.2053
   0  595.8224  264.8885 1134.1974 1134.1974  959.4174  117.8261  835.7892    0.1082    0.2100
   0  596.4274  265.0840 1130.6906 1130.6906  940.2010  141.0397  839.2426    0.1039    0.2303
   0  597.9128  262.5563 1140.1912 1140.1912  958.7370  129.5033  838.1511    0.1051    0.2155
    
2023022700
   1 -999.9900 -999.9900 -999.9900 -999.9900 -999.9900 -999.9900 -999.9900 -999.9900 -999.9900
   0  554.0453  270.0513 1044.0524 1044.0524  948.3038  120.6209  793.4141    0.1271    0.1476
   0  542.0715  261.2498 1020.6153 1020.6153  956.7734  118.3211  783.6638    0.1181    0.1354
   0  539.4298  262.7893 1016.8329 1016.8329  961.7073  126.4727  779.0532    0.1173    0.1366
    
2023022800
   0  497.4146  297.1332  933.7104  933.7104  939.0370  165.9565  707.9185    0.1071    0.1235
   0  525.6473  277.5568  993.8550  993.8550  962.4135  133.3656  745.2427    0.1114    0.1251
   0  489.4825  281.4449  919.3073  919.3073  929.6031  157.2117  695.1688    0.0940    0.1202
   0  516.2947  273.3381  976.2626  976.2626  949.7952  134.6156  732.7998    0.1030    0.1244
    
2023030100
   0  507.5397  281.0721 1006.2521 1006.2521  958.1608  130.5530  725.2216    0.0720    0.1495
   0  508.6519  282.9652 1001.7323 1001.7323  967.4792  106.2967  727.8741    0.0778    0.1246
   0  496.0369  280.1774  992.7379  992.7379  944.3038  112.1563  708.8724    0.0685    0.1341
   0  500.9487  281.7145  994.0285  994.0285  957.9911  100.1232  716.7399    0.0725    0.1224
    
2023030200
   0  519.2117  305.6986 1003.8641 1003.8641  951.5074   89.2536  724.7490    0.0848    0.1309
   0  521.9910  295.0243 1018.1984 1018.1984  982.8608  107.8299  730.8491    0.0826    0.1356
   0  518.5670  298.1575 1001.7935 1001.7935  963.6921   96.9398  727.2639    0.0800    0.1234
   0  520.2238  291.7517 1012.5040 1012.5040  985.2852  108.7208  728.0580    0.0810    0.1293
    
2023030300
   0  525.4455 -999.9900  988.3864  988.3864  965.5432  110.8931  739.3366    0.1017    0.1310
   0  544.1343 -999.9900 1019.1320 1019.1320 1002.8857   95.2546  774.3391    0.0994    0.1253
   0  509.8947 -999.9900  958.7086  958.7086  941.4695  105.3903  718.7213    0.1049    0.1277
   0  529.4855 -999.9900  990.2952  990.2952  987.2972   95.0965  751.9125    0.1005    0.1238
    
2023030400
   0  487.9980 -999.9900  905.1672  905.1672  985.7097  103.7095  679.1423    0.1010    0.1130
   0  511.7024 -999.9900  946.7498  946.7498 1005.9324  116.3760  717.0059    0.1174    0.1138
   0  484.5415 -999.9900  903.8366  903.8366  978.4174   86.1175  674.6046    0.1139    0.0997
   0  503.8459 -999.9900  935.6634  935.6634  999.6541  103.2999  703.3703    0.1213    0.1055
    
2023030500
   0  453.5972 -999.9900  847.0389  847.0389  921.6099  123.4351  639.1263    0.0596    0.1341
   0  478.8462 -999.9900  900.7604  900.7604  948.1628  128.2641  683.2858    0.0855    0.1289
   0  435.4552 -999.9900  806.9219  806.9219  932.2650  109.5426  617.4631    0.0532    0.1219
   0  461.6233 -999.9900  865.0994  865.0994  951.3378  118.9612  660.8831    0.0655    0.1153
    
2023030600
   0  461.1381 -999.9900  894.1897  894.1897  927.5427   91.3973  662.1698    0.0880    0.1076
   0  466.5650 -999.9900  888.4697  888.4697  937.9295   89.8299  672.0426    0.0816    0.1020
   0  456.2778 -999.9900  877.5330  877.5330  927.7291   86.8050  659.8764    0.0768    0.1024
   0  462.6696 -999.9900  880.2739  880.2739  935.2863   87.3768  669.6711    0.0772    0.1007
    
2023030700
   0  461.6497 -999.9900  894.5413  894.5413  882.5330   28.4667  650.1793    0.0875    0.1083
   0  458.7468 -999.9900  867.2534  867.2534  913.4354   26.1701  643.8243    0.0952    0.0940
   0  455.7942 -999.9900  878.7167  878.7167  904.9724   35.9847  641.2426    0.0790    0.0874
   0  454.7058 -999.9900  862.5055  862.5055  920.7607   31.1339  636.7009    0.0869    0.0820
    
2023030800
   0  484.2556 -999.9900  931.9296  931.9296  908.7267  -30.6682  677.7892    0.0963    0.1159
   0  481.5901 -999.9900  924.6354  924.6354  924.3000  -23.5338  674.0915    0.0945    0.0969
   0  488.2678 -999.9900  941.3976  941.3976  915.6519   -6.2426  680.9036    0.0913    0.1164
   0  484.3163 -999.9900  932.2094  932.2094  924.8026  -10.2992  676.3193    0.0925    0.0994
    
2023030900
   0  583.8369 -999.9900 1111.7765 1111.7765  897.0249    9.1072  817.0579    0.1364    0.1569
   0  538.9715 -999.9900 1031.7526 1031.7526  944.9971   16.2704  767.3634    0.1072    0.1330
   0  569.7156 -999.9900 1081.8485 1081.8485  887.8148  -11.0411  800.9644    0.1458    0.1462
   0  539.3757 -999.9900 1030.4547 1030.4547  928.8772    2.7519  768.3163    0.1163    0.1297
    
2023031000
   0  507.3462 -999.9900  982.2605  982.2605  897.9016  -29.8914  714.6755    0.1302    0.1073
   0  493.4395 -999.9900  952.1102  952.1102  917.4906  -42.8474  691.5953    0.1009    0.1065
   0  502.7800 -999.9900  978.1433  978.1433  901.8198  -49.2211  702.6708    0.1250    0.1056
   0  493.8308 -999.9900  955.7036  955.7036  915.7891  -51.8608  689.9286    0.1051    0.1041
    
2023031100
   0  489.7111 -999.9900  916.8615  916.8615  923.0355  -27.9080  692.2175    0.1178    0.0986
   0  487.9730 -999.9900  921.4256  921.4256  922.6277  -31.9781  696.7141    0.0954    0.0915
   0  496.7518 -999.9900  935.7316  935.7316  923.9905  -42.9277  705.6994    0.1097    0.1008
   0  490.2803 -999.9900  928.0673  928.0673  927.1413  -40.1718  700.1865    0.0953    0.0905
    
2023031200
   0  521.3041 -999.9900  960.3102  960.3102  935.4340   67.4094  730.9623    0.0993    0.1311
   0  482.8029 -999.9900  899.9700  899.9700  958.8837   33.2192  681.5475    0.0755    0.0836
   0  515.9985 -999.9900  949.4526  949.4526  917.1926   44.9576  725.9963    0.0975    0.1292
   0  486.9108 -999.9900  906.3123  906.3123  942.8229   26.6079  689.7624    0.0786    0.0939
    
2023031300
   0  435.3441 -999.9900  813.3891  813.3891  920.0045   92.9968  593.3813    0.0622    0.1228
   0  412.9915 -999.9900  781.5059  781.5059  927.4422   65.5050  566.7374    0.0520    0.0912
   0  433.4895 -999.9900  821.9883  821.9883  927.7310  112.9022  598.4799    0.0620    0.1111
   0  415.9167 -999.9900  791.3016  791.3016  932.2329   82.9476  572.4729    0.0552    0.0859
    
2023031400
   0  419.9609 -999.9900  822.8918  822.8918  856.8165   70.0423  589.7171    0.0520    0.1068
   0  422.6746 -999.9900  830.5332  830.5332  915.8095   39.0865  588.5162    0.0395    0.0928
   0  426.8294 -999.9900  838.8552  838.8552  874.3193   80.7994  598.6615    0.0448    0.1109
   0  424.4382 -999.9900  834.6075  834.6075  917.6223   51.7300  589.3948    0.0350    0.0955
    
2023031500
   0  423.8812 -999.9900  825.5203  825.5203  864.8301  -10.1916  594.4494    0.0921    0.0941
   0  424.7320 -999.9900  837.0518  837.0518  886.8925  -13.2139  595.9290    0.0898    0.0814
   0  413.2204 -999.9900  806.1223  806.1223  873.4561   -0.5983  580.6193    0.0796    0.0882
   0  416.0044 -999.9900  818.7563  818.7563  897.2259   -8.2194  581.3975    0.0725    0.0821
    
2023031600
   0  418.7060 -999.9900  799.1494  799.1494  918.0915  -34.4030  570.3811    0.0778    0.0802
   0  417.6223 -999.9900  803.4650  803.4650  924.6064  -59.8648  572.6807    0.0761    0.0781
   0  421.5759 -999.9900  817.3121  817.3121  899.4092  -38.9356  582.2765    0.0775    0.0823
   0  417.9131 -999.9900  809.8175  809.8175  915.8853  -56.5595  577.5285    0.0758    0.0809
    
2023031700
   0  420.6373 -999.9900  819.1284  819.1284  866.6175   -4.1048  588.1211    0.0849    0.1134
   0  436.9376 -999.9900  862.6177  862.6177  902.3567   -6.8515  620.0068    0.0686    0.1086
   0  428.3181 -999.9900  836.4935  836.4935  887.0981   -6.8820  604.7225    0.0791    0.1065
   0  438.5257 -999.9900  866.2629  866.2629  905.0522   -8.5392  623.5612    0.0707    0.1050
    
2023031800
   0  453.8728 -999.9900  900.6220  900.6220  886.1234  -10.7888  642.6969    0.0876    0.1165
   0  445.0432 -999.9900  908.3932  908.3932  911.9211    5.8387  618.5441    0.0667    0.1079
   0  439.2749 -999.9900  870.3381  870.3381  896.4596  -19.0729  624.0099    0.0740    0.0997
   0  436.0591 -999.9900  885.4814  885.4814  914.9102   -1.2648  610.2823    0.0593    0.0984
    
2023031900
   0  456.8372 -999.9900  877.8113  877.8113  879.8275  -10.5490  615.3385    0.0882    0.1300
   0  443.7774 -999.9900  869.6002  869.6002  887.2019   -8.5700  605.2141    0.0819    0.1127
   0  446.7399 -999.9900  849.9120  849.9120  875.8153  -24.6634  606.9050    0.0824    0.1272
   0  439.6323 -999.9900  853.2358  853.2358  884.5770  -17.4263  600.5825    0.0798    0.1136
    
2023032000
   0  489.2495 -999.9900  935.5107  935.5107  860.4453   53.2777  679.1882    0.1071    0.1566
   0  485.1501 -999.9900  931.1603  931.1603  866.2570   33.5713  677.3541    0.1001    0.1451
   0  494.3039 -999.9900  938.7396  938.7396  866.1273   36.1010  686.5680    0.1081    0.1560
   0  488.6186 -999.9900  933.8079  933.8079  868.6131   27.2182  681.8098    0.1019    0.1456
    
2023032100
   0  502.9066 -999.9900  930.9485  930.9485  842.7565    9.0742  712.9822    0.1029    0.1827
   0  503.2342 -999.9900  941.4040  941.4040  865.8392   -0.1189  719.2372    0.0982    0.1668
   0  493.0355 -999.9900  918.1164  918.1164  849.2535   -3.4193  700.5012    0.1050    0.1735
   0  497.3165 -999.9900  932.0499  932.0499  864.5661   -5.7762  710.9348    0.0981    0.1635
    
2023032200
   0  514.2944 -999.9900  987.6107  987.6107  840.5890  -23.5187  720.2276    0.1212    0.1721
   0  515.9343 -999.9900  999.3429  999.3429  862.6464  -22.0646  731.1359    0.1164    0.1585
   0  511.0673 -999.9900  982.8323  982.8323  841.3067  -31.5733  724.2900    0.1162    0.1760
   0  513.1399 -999.9900  993.4481  993.4481  859.4651  -27.1753  730.3502    0.1148    0.1617
    
2023032300
   0  480.5332 -999.9900  935.1453  935.1453  875.7842   33.9400  677.3293    0.0923    0.1695
   0  459.5222 -999.9900  898.8277  898.8277  868.0959    7.1006  648.7330    0.0758    0.1505
   0  488.1927 -999.9900  955.6485  955.6485  861.0726   34.5957  687.3879    0.0861    0.1709
   0  467.4202 -999.9900  917.2574  917.2574  862.7743   12.8606  660.3831    0.0764    0.1543
    
2023032400
   0  454.1061 -999.9900  877.9755  877.9755  835.6973  -61.3057  647.9950    0.1195    0.1163
   0  432.9787 -999.9900  832.0665  832.0665  851.0148  -43.1255  612.5760    0.1024    0.1035
   0  436.3401 -999.9900  842.9787  842.9787  833.8838  -52.7258  623.0371    0.1116    0.1091
   0  427.4988 -999.9900  821.3353  821.3353  845.2297  -41.6150  605.8832    0.1015    0.1034
    
2023032500
   0  462.4152 -999.9900  895.6606  895.6606  813.0598  -45.1615  656.1166    0.1591    0.1212
   0  452.4022 -999.9900  878.1875  878.1875  842.2112  -34.4183  640.2914    0.1311    0.1050
   0  464.3993 -999.9900  902.7913  902.7913  816.3733  -49.4691  656.8890    0.1540    0.1188
   0  454.1000 -999.9900  884.0151  884.0151  840.4635  -39.1624  642.7719    0.1329    0.1084
    
2023032600
   0  462.1551 -999.9900  884.8931  884.8931  837.6531  -52.5483  647.1749    0.1387    0.1293
   0  465.8212 -999.9900  903.6443  903.6443  842.0015  -51.7982  662.5929    0.1437    0.1240
   0  465.4734 -999.9900  897.0769  897.0769  853.3360  -54.3411  655.7613    0.1371    0.1241
   0  466.3333 -999.9900  905.7968  905.7968  851.8564  -53.0181  663.0568    0.1412    0.1210
    
2023032700
   0  477.9017 -999.9900  954.1799  954.1799  867.2891  -63.3737  674.2924    0.1484    0.1288
   0  453.0522 -999.9900  890.6606  890.6606  876.9710  -80.3492  643.8772    0.1348    0.1075
   0  481.6602 -999.9900  957.9776  957.9776  884.7392  -60.3610  682.6577    0.1459    0.1323
   0  461.1029 -999.9900  907.4696  907.4696  883.8680  -75.1557  655.1083    0.1322    0.1183
    
2023032800
   0  498.3632 -999.9900  975.7247  975.7247  842.9984 -161.9674  705.1133    0.1577    0.1089
   0  487.5283 -999.9900  954.9783  954.9783  866.1040 -145.8809  697.5684    0.1386    0.1089
   0  501.7531 -999.9900  991.5371  991.5371  836.2127 -160.2952  711.7097    0.1555    0.1110
   0  491.6852 -999.9900  968.2467  968.2467  858.2111 -148.0885  703.0869    0.1433    0.1104
    
2023032900
   0  411.0499 -999.9900  803.5768  803.5768  818.0552 -138.0388  585.3952    0.1247    0.0865
   0  432.2403 -999.9900  851.7955  851.7955  844.5591 -113.8469  614.6287    0.1165    0.0965
   0  413.3011 -999.9900  808.6292  808.6292  802.9321 -122.7067  583.7111    0.1220    0.0958
   0  429.4540 -999.9900  844.5304  844.5304  831.2836 -109.4695  607.7280    0.1158    0.0993
    
2023033000
   0  392.1030 -999.9900  752.1453  752.1453  837.5325  -25.3619  546.2402    0.0955    0.0843
   0  392.1523 -999.9900  756.2406  756.2406  851.1617  -32.6398  543.8881    0.0912    0.0758
   0  386.2110 -999.9900  744.2042  744.2042  814.3981  -41.0517  534.7910    0.0941    0.0804
   0  388.1959 -999.9900  749.4891  749.4891  836.0669  -40.5966  537.3064    0.0894    0.0725
    
2023033100
   0  413.9352 -999.9900  785.3477  785.3477  808.3848  -56.1115  582.6007    0.0955    0.1028
   0  409.5839 -999.9900  776.0836  776.0836  840.7977  -37.0706  577.7508    0.0911    0.0880
   0  401.2817 -999.9900  759.8408  759.8408  835.7498  -55.3499  556.2728    0.0928    0.0859
   0  402.2208 -999.9900  761.0981  761.0981  851.4554  -40.4153  561.9659    0.0874    0.0795
    
