2023010700
   1 -999.9900 -999.9900 -999.9900 -999.9900 -999.9900 -999.9900 -999.9900 -999.9900 -999.9900
   1 -999.9900 -999.9900 -999.9900 -999.9900 -999.9900 -999.9900 -999.9900 -999.9900 -999.9900
   1 -999.9900 -999.9900 -999.9900 -999.9900 -999.9900 -999.9900 -999.9900 -999.9900 -999.9900
   1 -999.9900 -999.9900 -999.9900 -999.9900 -999.9900 -999.9900 -999.9900 -999.9900 -999.9900
    
2023010800
   0    1.4885 -999.9900    3.0297    3.0297    2.6043    0.3396    1.9488    0.1786    0.2893
   0    1.4151 -999.9900    2.7716    2.7716    2.5041    0.2347    1.8824    0.1593    0.2274
   0    1.4926 -999.9900    3.0571    3.0571    2.6165    0.3368    1.9516    0.1775    0.2893
   0    1.4692 -999.9900    2.8474    2.8474    2.5789    0.2808    1.9277    0.1653    0.2249
    
2023010900
   0    1.4406 -999.9900    2.7706    2.7706    2.5944    0.1822    1.8555    0.1925    0.2754
   0    1.3071 -999.9900    2.5143    2.5143    2.3701    0.0995    1.7277    0.1729    0.1954
   0    1.4354 -999.9900    2.7720    2.7720    2.6111    0.1474    1.8619    0.1944    0.2625
   0    1.3454 -999.9900    2.5325    2.5325    2.4572    0.1328    1.7839    0.1787    0.1975
    
2023011000
   0    1.5836 -999.9900    2.8389    2.8389    2.1385    0.3715    2.0554    0.2081    0.3352
   0    1.4631 -999.9900    2.6633    2.6633    2.0103    0.3114    1.9342    0.1848    0.2636
   0    1.5841 -999.9900    2.8284    2.8284    2.1766    0.3657    2.0649    0.2042    0.3257
   0    1.4716 -999.9900    2.6822    2.6822    2.0749    0.3199    1.9523    0.1776    0.2613
    
2023011100
   0    1.4644 -999.9900    2.5118    2.5118    1.5600    0.2461    1.8372    0.2365    0.3268
   0    1.3303 -999.9900    2.3275    2.3275    1.6058    0.1974    1.7312    0.1871    0.2639
   0    1.4563 -999.9900    2.5009    2.5009    1.5592    0.2368    1.8337    0.2334    0.3197
   0    1.3334 -999.9900    2.3395    2.3395    1.6246    0.2016    1.7339    0.1861    0.2623
    
2023011200
   0    1.2889 -999.9900    2.2198    2.2198    1.3435   -0.0866    1.6167    0.2602    0.2973
   0    1.2096 -999.9900    2.1328    2.1328    1.5618   -0.2281    1.5820    0.2119    0.2234
   0    1.2823 -999.9900    2.2082    2.2082    1.4137   -0.0724    1.6081    0.2531    0.2952
   0    1.2010 -999.9900    2.1191    2.1191    1.5905   -0.1913    1.5638    0.2060    0.2268
    
2023011300
   0    1.2749 -999.9900    2.3024    2.3024    1.6966    0.0163    1.6204    0.2396    0.2713
   0    1.2099 -999.9900    2.2328    2.2328    1.7860   -0.0921    1.6001    0.1834    0.2137
   0    1.2919 -999.9900    2.3517    2.3517    1.7016    0.0269    1.6458    0.2388    0.2739
   0    1.2126 -999.9900    2.2476    2.2476    1.8094   -0.0640    1.6002    0.1836    0.2163
    
2023011400
   0    1.1967 -999.9900    2.0933    2.0933    1.5071    0.1542    1.5423    0.2277    0.2881
   0    1.0961 -999.9900    1.9681    1.9681    1.5861   -0.0043    1.4642    0.1831    0.2000
   0    1.1886 -999.9900    2.0798    2.0798    1.4620    0.1513    1.5333    0.2284    0.2883
   0    1.0921 -999.9900    1.9654    1.9654    1.5705    0.0257    1.4575    0.1845    0.2027
    
2023011500
   0    1.2918 -999.9900    2.2737    2.2737    1.7602    0.2880    1.6480    0.2018    0.3233
   0    1.1408 -999.9900    2.1160    2.1160    1.8591    0.2847    1.5180    0.1420    0.2214
   0    1.2781 -999.9900    2.2503    2.2503    1.7640    0.3245    1.6309    0.1946    0.3206
   0    1.1399 -999.9900    2.1112    2.1112    1.8677    0.3073    1.5175    0.1424    0.2235
    
2023011600
   0    1.5477 -999.9900    2.9128    2.9128    1.9674    0.7186    1.9958    0.1938    0.3697
   0    1.3452 -999.9900    2.6237    2.6237    2.1440    0.5606    1.7956    0.1340    0.2504
   0    1.5313 -999.9900    2.8873    2.8873    1.9996    0.7137    1.9784    0.1910    0.3616
   0    1.3525 -999.9900    2.6459    2.6459    2.1544    0.5893    1.8051    0.1368    0.2528
    
2023011700
   0    1.4215 -999.9900    2.5406    2.5406    1.5809    0.3763    1.7977    0.2208    0.3503
   0    1.2494 -999.9900    2.3600    2.3600    1.7791    0.2137    1.6467    0.1636    0.2419
   0    1.3995 -999.9900    2.4996    2.4996    1.5751    0.3537    1.7748    0.2194    0.3462
   0    1.2469 -999.9900    2.3452    2.3452    1.7731    0.2326    1.6404    0.1666    0.2448
    
2023011800
   0    1.5489 -999.9900    2.8282    2.8282    1.7377    0.4002    1.9534    0.2312    0.3559
   0    1.4085 -999.9900    2.6818    2.6818    1.9472    0.2642    1.8522    0.1778    0.2637
   0    1.5510 -999.9900    2.8390    2.8390    1.7489    0.3994    1.9585    0.2321    0.3556
   0    1.4099 -999.9900    2.6876    2.6876    1.9563    0.2909    1.8502    0.1787    0.2667
    
2023011900
   0    1.3872 -999.9900    2.3533    2.3533    1.3163    0.2859    1.7304    0.2316    0.3527
   0    1.2547 -999.9900    2.2559    2.2559    1.6555    0.1069    1.6240    0.1818    0.2389
   0    1.3903 -999.9900    2.3614    2.3614    1.3521    0.2902    1.7335    0.2293    0.3498
   0    1.2577 -999.9900    2.2571    2.2571    1.6434    0.1453    1.6217    0.1836    0.2439
    
2023012000
   0    1.6790 -999.9900    2.9622    2.9622    1.4567   -0.0931    2.0752    0.2862    0.3339
   0    1.4743 -999.9900    2.7307    2.7307    1.7805   -0.0981    1.8993    0.2104    0.2448
   0    1.6720 -999.9900    2.9353    2.9353    1.4467   -0.0964    2.0677    0.2866    0.3353
   0    1.4852 -999.9900    2.7431    2.7431    1.7441   -0.0991    1.9138    0.2174    0.2510
    
2023012100
   1 -999.9900 -999.9900 -999.9900 -999.9900 -999.9900 -999.9900 -999.9900 -999.9900 -999.9900
   1 -999.9900 -999.9900 -999.9900 -999.9900 -999.9900 -999.9900 -999.9900 -999.9900 -999.9900
   1 -999.9900 -999.9900 -999.9900 -999.9900 -999.9900 -999.9900 -999.9900 -999.9900 -999.9900
   1 -999.9900 -999.9900 -999.9900 -999.9900 -999.9900 -999.9900 -999.9900 -999.9900 -999.9900
    
2023012200
   0    1.5789 -999.9900    2.7037    2.7037    1.6586   -0.0545    1.9483    0.3028    0.2553
   0    1.5789 -999.9900    2.7037    2.7037    1.6586   -0.0545    1.9483    0.3028    0.2553
   0    1.5747 -999.9900    2.7084    2.7084    1.6763   -0.0945    1.9502    0.3036    0.2476
   0    1.5281 -999.9900    2.7645    2.7645    1.9901   -0.0919    1.9715    0.2344    0.1979
    
2023012300
   0    1.4840 -999.9900    2.5643    2.5643    1.7631    0.5939    1.8680    0.1971    0.3425
   0    1.3273 -999.9900    2.3648    2.3648    1.9342    0.4867    1.7270    0.1462    0.2607
   0    1.4680 -999.9900    2.5310    2.5310    1.7443    0.6009    1.8448    0.1910    0.3432
   0    1.3267 -999.9900    2.3621    2.3621    1.9191    0.5123    1.7263    0.1454    0.2651
    
2023012400
   0    1.3674 -999.9900    2.3806    2.3806    1.4265    0.4117    1.7102    0.2173    0.3452
   0    1.2280 -999.9900    2.1995    2.1995    1.5993    0.2056    1.5956    0.1748    0.2447
   0    1.3726 -999.9900    2.3865    2.3865    1.4201    0.3996    1.7224    0.2183    0.3441
   0    1.2410 -999.9900    2.2235    2.2235    1.5869    0.2396    1.6118    0.1771    0.2527
    
2023012500
   0    1.3773 -999.9900    2.2844    2.2844    1.2300    0.4094    1.6979    0.2288    0.3760
   0    1.1917 -999.9900    2.1094    2.1094    1.4379    0.3125    1.5449    0.1603    0.2712
   0    1.3706 -999.9900    2.2779    2.2779    1.2219    0.4013    1.6906    0.2268    0.3742
   0    1.1996 -999.9900    2.1184    2.1184    1.4291    0.3271    1.5506    0.1643    0.2772
    
2023012600
   0    1.5360 -999.9900    2.7449    2.7449    1.3249   -0.3048    1.8869    0.2925    0.2754
   0    1.4908 -999.9900    2.7682    2.7682    1.5931   -0.4777    1.8920    0.2534    0.1886
   0    1.5381 -999.9900    2.7554    2.7554    1.3587   -0.3087    1.8942    0.2885    0.2727
   0    1.4810 -999.9900    2.7513    2.7513    1.5927   -0.4454    1.8765    0.2504    0.1907
    
2023012700
   1 -999.9900 -999.9900 -999.9900 -999.9900 -999.9900 -999.9900 -999.9900 -999.9900 -999.9900
   1 -999.9900 -999.9900 -999.9900 -999.9900 -999.9900 -999.9900 -999.9900 -999.9900 -999.9900
   1 -999.9900 -999.9900 -999.9900 -999.9900 -999.9900 -999.9900 -999.9900 -999.9900 -999.9900
   1 -999.9900 -999.9900 -999.9900 -999.9900 -999.9900 -999.9900 -999.9900 -999.9900 -999.9900
    
2023012800
   0    1.3368 -999.9900    2.2666    2.2666    1.5202    0.0396    1.6741    0.2616    0.2730
   0    1.2637 -999.9900    2.2048    2.2048    1.5704   -0.1796    1.6334    0.2472    0.2024
   0    1.3421 -999.9900    2.2837    2.2837    1.4756    0.0001    1.6835    0.2692    0.2706
   0    1.2656 -999.9900    2.2121    2.2121    1.5578   -0.1594    1.6342    0.2483    0.2067
    
2023012900
   0    1.7573 -999.9900    2.9473    2.9473    1.3119   -0.4708    2.1096    0.3585    0.2669
   0    1.6040 -999.9900    2.8730    2.8730    1.5079   -0.6494    2.0112    0.3254    0.1822
   0    1.7562 -999.9900    2.9588    2.9588    1.3396   -0.4554    2.1160    0.3550    0.2631
   0    1.6132 -999.9900    2.8757    2.8757    1.5228   -0.6045    2.0232    0.3243    0.1889
    
2023013000
   0    1.3390 -999.9900    2.3048    2.3048    1.3993   -0.2407    1.6877    0.3025    0.2385
   0    1.1929 -999.9900    2.1523    2.1523    1.5743   -0.2518    1.5630    0.2388    0.1746
   0    1.3454 -999.9900    2.3166    2.3166    1.3535   -0.2262    1.6955    0.3011    0.2378
   0    1.2034 -999.9900    2.1661    2.1661    1.5521   -0.2409    1.5748    0.2398    0.1803
    
2023013100
   1 -999.9900 -999.9900 -999.9900 -999.9900 -999.9900 -999.9900 -999.9900 -999.9900 -999.9900
   1 -999.9900 -999.9900 -999.9900 -999.9900 -999.9900 -999.9900 -999.9900 -999.9900 -999.9900
   1 -999.9900 -999.9900 -999.9900 -999.9900 -999.9900 -999.9900 -999.9900 -999.9900 -999.9900
   1 -999.9900 -999.9900 -999.9900 -999.9900 -999.9900 -999.9900 -999.9900 -999.9900 -999.9900
    
2023020100
   1 -999.9900 -999.9900 -999.9900 -999.9900 -999.9900 -999.9900 -999.9900 -999.9900 -999.9900
   1 -999.9900 -999.9900 -999.9900 -999.9900 -999.9900 -999.9900 -999.9900 -999.9900 -999.9900
   0    1.2461 -999.9900    2.1740    2.1740    1.3091    0.0415    1.5723    0.2699    0.2543
   0    1.1862 -999.9900    2.1176    2.1176    1.4633    0.0462    1.5359    0.2218    0.2094
    
2023020200
   0    1.2222 -999.9900    2.0820    2.0820    1.3780   -0.0280    1.5399    0.2822    0.2953
   0    1.1401 -999.9900    2.0048    2.0048    1.5564    0.0477    1.4913    0.2034    0.2335
   0    1.2103 -999.9900    2.0691    2.0691    1.4469   -0.0360    1.5306    0.2741    0.2829
   0    1.1325 -999.9900    1.9950    1.9950    1.5820    0.0277    1.4802    0.2037    0.2305
    
2023020300
   0    1.2719 -999.9900    2.2162    2.2162    1.4274   -0.0172    1.5992    0.2714    0.2983
   0    1.1278 -999.9900    2.0453    2.0453    1.5709    0.0055    1.4693    0.1993    0.2121
   0    1.2858 -999.9900    2.2327    2.2327    1.4549   -0.0260    1.6169    0.2720    0.3000
   0    1.1413 -999.9900    2.0678    2.0678    1.5895   -0.0043    1.4876    0.2048    0.2141
    
2023020400
   0    1.2931 -999.9900    2.3486    2.3486    1.6301    0.1617    1.6573    0.2457    0.3240
   0    1.1415 -999.9900    2.1319    2.1319    1.8747    0.0584    1.5183    0.1739    0.2214
   0    1.2883 -999.9900    2.3484    2.3484    1.6320    0.1618    1.6521    0.2421    0.3211
   0    1.1440 -999.9900    2.1426    2.1426    1.8693    0.0791    1.5171    0.1782    0.2231
    
2023020500
   0    1.3269 -999.9900    2.4301    2.4301    1.7246    0.4257    1.6839    0.2000    0.3389
   0    1.2162 -999.9900    2.3100    2.3100    1.8514    0.3774    1.5991    0.1474    0.2383
   0    1.3293 -999.9900    2.4453    2.4453    1.7449    0.4192    1.6948    0.1971    0.3371
   0    1.2171 -999.9900    2.3178    2.3178    1.8713    0.3832    1.5974    0.1480    0.2410
    
2023020600
   0    1.4916 -999.9900    2.5720    2.5720    1.4881    0.6244    1.8378    0.2054    0.3780
   0    1.3571 -999.9900    2.4983    2.4983    1.6464    0.4613    1.7336    0.1621    0.2584
   0    1.4632 -999.9900    2.5445    2.5445    1.4738    0.5620    1.8117    0.2061    0.3651
   0    1.3488 -999.9900    2.4827    2.4827    1.6291    0.4565    1.7233    0.1640    0.2604
    
2023020700
   0    1.4126 -999.9900    2.4530    2.4530    1.4289    0.0349    1.7764    0.2576    0.3013
   0    1.2812 -999.9900    2.3118    2.3118    1.6261    0.0029    1.6740    0.2021    0.2099
   0    1.4116 -999.9900    2.4503    2.4503    1.4207    0.0179    1.7729    0.2570    0.3017
   0    1.2878 -999.9900    2.3255    2.3255    1.6036   -0.0009    1.6805    0.2065    0.2149
    
2023020800
   0    1.2267 -999.9900    2.2618    2.2618    1.5839    0.0280    1.5765    0.2406    0.2640
   0    1.1551 -999.9900    2.2043    2.2043    1.7690    0.0329    1.5357    0.1832    0.1883
   0    1.2244 -999.9900    2.2520    2.2520    1.6239    0.0020    1.5756    0.2353    0.2583
   0    1.1496 -999.9900    2.1873    2.1873    1.7834    0.0163    1.5249    0.1842    0.1874
    
2023020900
   1 -999.9900 -999.9900 -999.9900 -999.9900 -999.9900 -999.9900 -999.9900 -999.9900 -999.9900
   1 -999.9900 -999.9900 -999.9900 -999.9900 -999.9900 -999.9900 -999.9900 -999.9900 -999.9900
   1 -999.9900 -999.9900 -999.9900 -999.9900 -999.9900 -999.9900 -999.9900 -999.9900 -999.9900
   1 -999.9900 -999.9900 -999.9900 -999.9900 -999.9900 -999.9900 -999.9900 -999.9900 -999.9900
    
2023021000
   0    1.2986 -999.9900    2.2492    2.2492    1.7049    0.3601    1.6397    0.2248    0.3120
   0    1.2327 -999.9900    2.2047    2.2047    1.9000    0.2778    1.5925    0.1641    0.2410
   0    1.2978 -999.9900    2.2672    2.2672    1.6892    0.3764    1.6446    0.2235    0.3087
   0    1.2235 -999.9900    2.1906    2.1906    1.8943    0.3040    1.5804    0.1663    0.2395
    
2023021100
   1 -999.9900 -999.9900 -999.9900 -999.9900 -999.9900 -999.9900 -999.9900 -999.9900 -999.9900
   1 -999.9900 -999.9900 -999.9900 -999.9900 -999.9900 -999.9900 -999.9900 -999.9900 -999.9900
   1 -999.9900 -999.9900 -999.9900 -999.9900 -999.9900 -999.9900 -999.9900 -999.9900 -999.9900
   1 -999.9900 -999.9900 -999.9900 -999.9900 -999.9900 -999.9900 -999.9900 -999.9900 -999.9900
    
2023021200
   0    1.3952 -999.9900    2.5136    2.5136    1.7047    0.3768    1.7801    0.2120    0.3394
   0    1.2459 -999.9900    2.3078    2.3078    1.8747    0.1796    1.6429    0.1636    0.2290
   0    1.3929 -999.9900    2.4940    2.4940    1.6420    0.3775    1.7745    0.2156    0.3442
   0    1.2471 -999.9900    2.3097    2.3097    1.8436    0.2195    1.6373    0.1653    0.2367
    
2023021300
   0    1.2759 -999.9900    2.3916    2.3916    1.5304   -0.1760    1.6291    0.2629    0.2474
   0    1.1781 -999.9900    2.2525    2.2525    1.8504   -0.3111    1.5640    0.1992    0.1594
   0    1.2710 -999.9900    2.3904    2.3904    1.5131   -0.1790    1.6272    0.2642    0.2480
   0    1.1643 -999.9900    2.2330    2.2330    1.8411   -0.2859    1.5443    0.2003    0.1599
    
2023021400
   0    1.3709 -999.9900    2.3730    2.3730    1.3478    0.2023    1.7086    0.2743    0.3229
   0    1.2982 -999.9900    2.3970    2.3970    1.6597    0.1412    1.6861    0.2097    0.2350
   0    1.3664 -999.9900    2.3691    2.3691    1.3264    0.1979    1.7051    0.2737    0.3225
   0    1.2894 -999.9900    2.3709    2.3709    1.6191    0.1508    1.6708    0.2123    0.2401
    
2023021500
   0    1.2895 -999.9900    2.2720    2.2720    1.0649   -0.2757    1.5699    0.3233    0.2998
   0    1.2846 -999.9900    2.4216    2.4216    1.3752   -0.3911    1.6474    0.2485    0.2334
   0    1.2878 -999.9900    2.2619    2.2619    1.0446   -0.2507    1.5674    0.3244    0.3027
   0    1.2647 -999.9900    2.3654    2.3654    1.3471   -0.3530    1.6158    0.2504    0.2373
    
2023021600
   0    1.4828 -999.9900    2.6837    2.6837    1.3816   -0.1944    1.8228    0.3499    0.2775
   0    1.4035 -999.9900    2.5867    2.5867    1.6626   -0.3332    1.8306    0.2728    0.2048
   0    1.4658 -999.9900    2.6544    2.6544    1.4012   -0.1861    1.8107    0.3465    0.2765
   0    1.3867 -999.9900    2.5682    2.5682    1.6516   -0.3005    1.8048    0.2723    0.2070
    
2023021700
   0    1.3359 -999.9900    2.3997    2.3997    1.5305    0.1270    1.6986    0.2639    0.2635
   0    1.2343 -999.9900    2.2693    2.2693    1.7474    0.0470    1.6294    0.2029    0.1969
   0    1.3324 -999.9900    2.3886    2.3886    1.4968    0.1086    1.6908    0.2650    0.2622
   0    1.2362 -999.9900    2.2741    2.2741    1.7080    0.0520    1.6250    0.2084    0.2010
    
2023021800
   0    1.3116 -999.9900    2.4626    2.4626    1.7868    0.0607    1.6967    0.2468    0.2839
   0    1.2395 -999.9900    2.4132    2.4132    1.9358   -0.0440    1.6661    0.2106    0.1901
   0    1.3006 -999.9900    2.4408    2.4408    1.7859    0.0687    1.6833    0.2475    0.2824
   0    1.2267 -999.9900    2.3872    2.3872    1.9348   -0.0182    1.6496    0.2072    0.1943
    
2023021900
   0    1.1457 -999.9900    2.1404    2.1404    1.3174    0.0697    1.4618    0.2408    0.2912
   0    1.1017 -999.9900    2.1121    2.1121    1.4923   -0.1049    1.4559    0.2004    0.1950
   0    1.1315 -999.9900    2.1107    2.1107    1.3074    0.0973    1.4467    0.2374    0.2952
   0    1.0806 -999.9900    2.0772    2.0772    1.4859   -0.0534    1.4292    0.1945    0.2003
    
2023022000
   0    1.2741 -999.9900    2.3528    2.3528    1.5703   -0.1507    1.6299    0.2990    0.2630
   0    1.1807 -999.9900    2.2630    2.2630    1.8039   -0.3314    1.5630    0.2410    0.1591
   0    1.2717 -999.9900    2.3558    2.3558    1.5572   -0.1565    1.6284    0.2976    0.2599
   0    1.1747 -999.9900    2.2512    2.2512    1.7934   -0.2986    1.5571    0.2408    0.1631
    
2023022100
   0    1.4964 -999.9900    2.5777    2.5777    1.1935   -0.1635    1.8119    0.3199    0.2832
   0    1.4431 -999.9900    2.7081    2.7081    1.5003   -0.3832    1.8259    0.2635    0.1934
   0    1.4978 -999.9900    2.6005    2.6005    1.2253   -0.1928    1.8183    0.3156    0.2736
   0    1.4384 -999.9900    2.6835    2.6835    1.4815   -0.3568    1.8154    0.2650    0.1987
    
2023022200
   0    1.5134 -999.9900    2.5306    2.5306    1.5606   -0.0028    1.8612    0.3066    0.2981
   0    1.4000 -999.9900    2.4426    2.4426    1.7752   -0.2393    1.8037    0.2660    0.2049
   0    1.5221 -999.9900    2.5555    2.5555    1.5661   -0.0212    1.8731    0.3068    0.2940
   0    1.4069 -999.9900    2.4571    2.4571    1.7634   -0.2031    1.8077    0.2665    0.2094
    
2023022300
   0    1.4892 -999.9900    2.4468    2.4468    1.2864   -0.1435    1.8382    0.3240    0.2902
   0    1.4125 -999.9900    2.4123    2.4123    1.4895   -0.2298    1.8232    0.2747    0.2222
   0    1.4876 -999.9900    2.4449    2.4449    1.2997   -0.1613    1.8389    0.3235    0.2857
   0    1.4080 -999.9900    2.4020    2.4020    1.4842   -0.2232    1.8147    0.2741    0.2246
    
2023022400
   0    1.5698 -999.9900    2.5781    2.5781    1.3973   -0.2635    1.9336    0.3228    0.2617
   0    1.3892 -999.9900    2.4018    2.4018    1.7222   -0.2530    1.8086    0.2491    0.1836
   0    1.5719 -999.9900    2.5809    2.5809    1.3997   -0.2853    1.9337    0.3237    0.2618
   0    1.3970 -999.9900    2.4112    2.4112    1.7044   -0.2681    1.8149    0.2542    0.1867
    
2023022500
   0    1.5355 -999.9900    2.6537    2.6537    1.3701   -0.2089    1.8962    0.3275    0.2463
   0    1.4594 -999.9900    2.6321    2.6321    1.6445   -0.1864    1.8785    0.2732    0.1916
   0    1.5220 -999.9900    2.6357    2.6357    1.3739   -0.2064    1.8819    0.3263    0.2423
   0    1.4468 -999.9900    2.6066    2.6066    1.6257   -0.1894    1.8591    0.2754    0.1920
    
2023022600
   0    1.3563 -999.9900    2.4127    2.4127    1.3640   -0.2525    1.7131    0.3055    0.2301
   0    1.3107 -999.9900    2.3916    2.3916    1.6225   -0.1687    1.7112    0.2494    0.1861
   0    1.3521 -999.9900    2.4056    2.4056    1.3417   -0.2920    1.7062    0.3121    0.2277
   0    1.2973 -999.9900    2.3688    2.3688    1.5967   -0.2091    1.6923    0.2557    0.1820
    
2023022700
   0    1.4197 -999.9900    2.4595    2.4595    1.3950   -0.4337    1.7644    0.3647    0.2381
   0    1.2602 -999.9900    2.2567    2.2567    1.6318   -0.3033    1.6421    0.2589    0.1752
   0    1.4071 -999.9900    2.4469    2.4469    1.3635   -0.4199    1.7519    0.3622    0.2386
   0    1.2636 -999.9900    2.2694    2.2694    1.6012   -0.3210    1.6443    0.2680    0.1770
    
2023022800
   0    1.5343 -999.9900    2.7419    2.7419    1.3030   -0.0327    1.8863    0.3530    0.2813
   0    1.3905 -999.9900    2.6108    2.6108    1.5854   -0.0557    1.7922    0.2599    0.2155
   0    1.5068 -999.9900    2.7007    2.7007    1.3536   -0.0625    1.8674    0.3493    0.2740
   0    1.3879 -999.9900    2.6034    2.6034    1.5794   -0.0701    1.7911    0.2664    0.2154
    
2023030100
   0    1.5090 -999.9900    2.6590    2.6590    1.3908    0.2235    1.8489    0.2733    0.3068
   0    1.4410 -999.9900    2.5914    2.5914    1.6284    0.1787    1.8519    0.2197    0.2527
   0    1.4957 -999.9900    2.6298    2.6298    1.3994    0.2037    1.8377    0.2723    0.3020
   0    1.4248 -999.9900    2.5643    2.5643    1.6248    0.1758    1.8271    0.2193    0.2525
    
2023030200
   0    1.3925 -999.9900    2.5104    2.5104    1.5108   -0.1573    1.7246    0.2995    0.2713
   0    1.3218 -999.9900    2.4160    2.4160    1.7232   -0.1338    1.7167    0.2394    0.2251
   0    1.3897 -999.9900    2.5045    2.5045    1.4720   -0.1338    1.7241    0.2946    0.2748
   0    1.3174 -999.9900    2.4102    2.4102    1.6931   -0.1244    1.7061    0.2390    0.2299
    
2023030300
   1 -999.9900 -999.9900 -999.9900 -999.9900 -999.9900 -999.9900 -999.9900 -999.9900 -999.9900
   1 -999.9900 -999.9900 -999.9900 -999.9900 -999.9900 -999.9900 -999.9900 -999.9900 -999.9900
   1 -999.9900 -999.9900 -999.9900 -999.9900 -999.9900 -999.9900 -999.9900 -999.9900 -999.9900
   1 -999.9900 -999.9900 -999.9900 -999.9900 -999.9900 -999.9900 -999.9900 -999.9900 -999.9900
    
2023030400
   0    1.6741 -999.9900    3.0349    3.0349    1.1594   -0.5954    1.9952    0.3847    0.2688
   0    1.6271 -999.9900    3.0839    3.0839    1.3991   -0.6056    2.0191    0.3232    0.1995
   0    1.6509 -999.9900    3.0157    3.0157    1.2209   -0.6080    1.9862    0.3811    0.2631
   0    1.6057 -999.9900    3.0474    3.0474    1.4195   -0.6111    1.9954    0.3219    0.2023
    
2023030500
   0    1.6492 -999.9900    2.7187    2.7187    1.0259    0.0602    1.9631    0.3375    0.3450
   0    1.6073 -999.9900    2.7469    2.7469    1.3359   -0.0538    2.0120    0.2916    0.2723
   0    1.6631 -999.9900    2.7447    2.7447    1.0126    0.0499    1.9754    0.3418    0.3429
   0    1.5997 -999.9900    2.7397    2.7397    1.3097   -0.0371    1.9953    0.2906    0.2742
    
2023030600
   0    1.4842 -999.9900    2.4055    2.4055    1.2650    0.0281    1.8015    0.3332    0.3324
   0    1.4577 -999.9900    2.4517    2.4517    1.5646   -0.1218    1.8767    0.2981    0.2551
   0    1.4689 -999.9900    2.3912    2.3912    1.2473    0.0499    1.7892    0.3269    0.3297
   0    1.4301 -999.9900    2.4095    2.4095    1.5395   -0.0788    1.8380    0.2895    0.2581
    
2023030700
   0    1.5295 -999.9900    2.5886    2.5886    1.1445    0.2723    1.8466    0.3086    0.3587
   0    1.4731 -999.9900    2.5897    2.5897    1.3897    0.1781    1.8552    0.2569    0.2768
   0    1.5329 -999.9900    2.5967    2.5967    1.1417    0.2800    1.8535    0.3075    0.3581
   0    1.4700 -999.9900    2.5841    2.5841    1.3620    0.2016    1.8455    0.2575    0.2807
    
2023030800
   0    1.2117 -999.9900    2.0489    2.0489    1.0199    0.0805    1.5092    0.2893    0.3184
   0    1.0870 -999.9900    1.8938    1.8938    1.2527    0.0472    1.4177    0.2258    0.2498
   0    1.1960 -999.9900    2.0263    2.0263    1.0142    0.0858    1.4928    0.2859    0.3149
   0    1.0854 -999.9900    1.8969    1.8969    1.2292    0.0571    1.4140    0.2270    0.2517
    
2023030900
   0    1.2601 -999.9900    2.0605    2.0605    0.9406    0.1264    1.5439    0.2828    0.3276
   0    1.2283 -999.9900    2.0932    2.0932    1.2088    0.1723    1.5676    0.2227    0.2756
   0    1.2644 -999.9900    2.0705    2.0705    0.9750    0.1261    1.5533    0.2787    0.3215
   0    1.2245 -999.9900    2.0807    2.0807    1.1972    0.1629    1.5588    0.2268    0.2739
    
2023031000
   0    1.3615 -999.9900    2.1807    2.1807    0.8949    0.0541    1.6396    0.3150    0.3664
   0    1.2246 -999.9900    2.0836    2.0836    1.1309   -0.0069    1.5601    0.2615    0.2727
   0    1.3571 -999.9900    2.1773    2.1773    0.8942    0.0320    1.6398    0.3180    0.3607
   0    1.2313 -999.9900    2.0878    2.0878    1.1126   -0.0080    1.5661    0.2663    0.2776
    
2023031100
   0    1.1696 -999.9900    1.9653    1.9653    0.7272    0.5446    1.4072    0.2156    0.4291
   0    1.0705 -999.9900    1.9029    1.9029    1.1145    0.5035    1.3738    0.1537    0.3047
   0    1.1751 -999.9900    1.9726    1.9726    0.7147    0.5592    1.4113    0.2142    0.4339
   0    1.0687 -999.9900    1.8991    1.8991    1.0806    0.5205    1.3671    0.1542    0.3141
    
2023031200
   0    1.1437 -999.9900    1.8485    1.8485    0.7780    0.3420    1.3796    0.2627    0.3973
   0    1.0195 -999.9900    1.7586    1.7586    1.1588    0.2952    1.3138    0.1692    0.2862
   0    1.1413 -999.9900    1.8512    1.8512    0.7884    0.3426    1.3815    0.2597    0.3933
   0    1.0198 -999.9900    1.7569    1.7569    1.1317    0.3049    1.3112    0.1712    0.2946
    
2023031300
   0    1.1332 -999.9900    1.8465    1.8465    0.7966   -0.0667    1.3674    0.3166    0.3346
   0    1.0283 -999.9900    1.7957    1.7957    1.1195   -0.0807    1.3401    0.2233    0.2340
   0    1.1282 -999.9900    1.8396    1.8396    0.7877   -0.0541    1.3620    0.3117    0.3387
   0    1.0275 -999.9900    1.7880    1.7880    1.0812   -0.0703    1.3319    0.2288    0.2435
    
2023031400
   0    1.1025 -999.9900    1.8337    1.8337    0.8445   -0.0345    1.3395    0.3039    0.3017
   0    0.9806 -999.9900    1.7214    1.7214    1.1488   -0.0052    1.2691    0.2136    0.2123
   0    1.0935 -999.9900    1.8276    1.8276    0.8648   -0.0490    1.3336    0.3012    0.2929
   0    0.9804 -999.9900    1.7233    1.7233    1.1302   -0.0198    1.2648    0.2197    0.2122
    
2023031500
   0    1.4024 -999.9900    2.3336    2.3336    0.9173    0.6776    1.6707    0.2334    0.4306
   0    1.2949 -999.9900    2.2611    2.2611    1.1814    0.6713    1.6234    0.1621    0.3419
   0    1.4098 -999.9900    2.3469    2.3469    0.9260    0.6845    1.6807    0.2344    0.4287
   0    1.3019 -999.9900    2.2714    2.2714    1.1621    0.6767    1.6287    0.1669    0.3484
    
2023031600
   0    1.4620 -999.9900    2.4461    2.4461    1.0167    0.4077    1.7579    0.2758    0.4080
   0    1.3957 -999.9900    2.4187    2.4187    1.2692    0.3731    1.7296    0.2065    0.3104
   0    1.4582 -999.9900    2.4312    2.4312    1.0073    0.3818    1.7507    0.2792    0.4083
   0    1.3899 -999.9900    2.4064    2.4064    1.2350    0.3644    1.7211    0.2118    0.3180
    
2023031700
   0    1.4502 -999.9900    2.3222    2.3222    0.9916    0.2717    1.7348    0.2827    0.3842
   0    1.3791 -999.9900    2.3085    2.3085    1.2284    0.2908    1.7171    0.2136    0.3274
   0    1.4615 -999.9900    2.3391    2.3391    0.9727    0.2797    1.7467    0.2868    0.3857
   0    1.3822 -999.9900    2.3080    2.3080    1.2013    0.2918    1.7168    0.2199    0.3302
    
2023031800
   0    1.7303 -999.9900    2.9047    2.9047    1.4176    0.2504    2.0688    0.2959    0.4011
   0    1.5202 -999.9900    2.6441    2.6441    1.6053    0.1961    1.9113    0.2157    0.3123
   0    1.7092 -999.9900    2.8835    2.8835    1.3983    0.2242    2.0519    0.2988    0.3949
   0    1.5299 -999.9900    2.6649    2.6649    1.5926    0.1913    1.9226    0.2232    0.3190
    
2023031900
   0    1.3945 -999.9900    2.5252    2.5252    1.6034   -0.1601    1.7260    0.3112    0.2875
   0    1.2939 -999.9900    2.3894    2.3894    1.5972   -0.1595    1.6656    0.2587    0.2399
   0    1.3761 -999.9900    2.4506    2.4506    1.5850   -0.1713    1.7058    0.3089    0.2822
   0    1.2895 -999.9900    2.3637    2.3637    1.5981   -0.1663    1.6566    0.2593    0.2396
    
2023032000
   0    1.5275 -999.9900    2.6870    2.6870    1.4093   -0.3935    1.9224    0.3669    0.2362
   0    1.5022 -999.9900    2.7469    2.7469    1.6604   -0.4952    1.9592    0.3097    0.1879
   0    1.5215 -999.9900    2.6981    2.6981    1.4175   -0.3644    1.9194    0.3638    0.2358
   0    1.4851 -999.9900    2.7216    2.7216    1.6507   -0.4575    1.9364    0.3090    0.1890
    
2023032100
   0    1.2944 -999.9900    2.2753    2.2753    1.2694   -0.0008    1.6232    0.2797    0.2819
   0    1.1855 -999.9900    2.1674    2.1674    1.5571   -0.0575    1.5572    0.2196    0.1950
   0    1.2895 -999.9900    2.2744    2.2744    1.3280    0.0443    1.6294    0.2704    0.2831
   0    1.1866 -999.9900    2.1688    2.1688    1.5615   -0.0192    1.5586    0.2179    0.2013
    
2023032200
   0    1.3095 -999.9900    2.3214    2.3214    1.1178    0.0022    1.6106    0.3063    0.2747
   0    1.2109 -999.9900    2.1781    2.1781    1.5290   -0.0310    1.5686    0.2407    0.1939
   0    1.3084 -999.9900    2.3325    2.3325    1.1146    0.0236    1.6106    0.3021    0.2755
   0    1.2058 -999.9900    2.1813    2.1813    1.5035   -0.0115    1.5574    0.2406    0.1987
    
2023032300
   0    1.2423 -999.9900    2.1907    2.1907    1.1973    0.0618    1.5577    0.2992    0.2989
   0    1.1168 -999.9900    2.0047    2.0047    1.5078    0.0917    1.4737    0.2217    0.2094
   0    1.2341 -999.9900    2.1720    2.1720    1.2078    0.0412    1.5498    0.2996    0.2915
   0    1.1168 -999.9900    2.0094    2.0094    1.4855    0.0734    1.4716    0.2267    0.2119
    
2023032400
   0    1.1905 -999.9900    2.0839    2.0839    1.2105   -0.1644    1.5002    0.3135    0.2635
   0    1.0847 -999.9900    2.0035    2.0035    1.6184   -0.1473    1.4542    0.2212    0.1795
   0    1.1848 -999.9900    2.0899    2.0899    1.2413   -0.1691    1.5015    0.3051    0.2600
   0    1.0803 -999.9900    1.9908    1.9908    1.6008   -0.1536    1.4442    0.2232    0.1836
    
2023032500
   0    1.8631 -999.9900    3.3771    3.3771    1.0502   -1.0142    2.1939    0.4327    0.2433
   0    1.8266 -999.9900    3.5655    3.5655    1.3821   -1.1659    2.2351    0.3725    0.1535
   0    1.8638 -999.9900    3.3904    3.3904    1.0725   -1.0217    2.2022    0.4298    0.2408
   0    1.8125 -999.9900    3.5218    3.5218    1.3702   -1.1400    2.2172    0.3730    0.1582
    
2023032600
   0    1.4054 -999.9900    2.3385    2.3385    0.8865   -0.7415    1.7044    0.4239    0.2125
   0    1.3464 -999.9900    2.3505    2.3505    1.2294   -0.8479    1.7252    0.3794    0.1355
   0    1.4125 -999.9900    2.3419    2.3419    0.8802   -0.7426    1.7098    0.4246    0.2144
   0    1.3387 -999.9900    2.3308    2.3308    1.2038   -0.8273    1.7083    0.3768    0.1414
    
2023032700
   0    1.3068 -999.9900    2.1529    2.1529    0.9341   -0.0824    1.5899    0.3258    0.2770
   0    1.1960 -999.9900    2.0684    2.0684    1.1403   -0.0904    1.5211    0.2627    0.2072
   0    1.2981 -999.9900    2.1374    2.1374    0.9073   -0.0691    1.5784    0.3224    0.2804
   0    1.1947 -999.9900    2.0630    2.0630    1.1129   -0.0808    1.5167    0.2641    0.2135
    
2023032800
   0    1.5421 -999.9900    2.6996    2.6996    1.1120   -0.5237    1.8227    0.3550    0.2774
   0    1.4928 -999.9900    2.7645    2.7645    1.3585   -0.6095    1.8426    0.3141    0.1976
   0    1.5435 -999.9900    2.7121    2.7121    1.0778   -0.5324    1.8277    0.3543    0.2802
   0    1.4808 -999.9900    2.7414    2.7414    1.3326   -0.5975    1.8243    0.3121    0.2036
    
2023032900
   0    1.3633 -999.9900    2.1933    2.1933    0.8878   -0.1979    1.6499    0.3709    0.2762
   0    1.2928 -999.9900    2.2498    2.2498    1.1908   -0.2097    1.6537    0.2960    0.2131
   0    1.3515 -999.9900    2.1836    2.1836    0.8980   -0.2012    1.6402    0.3671    0.2729
   0    1.2798 -999.9900    2.2167    2.2167    1.1722   -0.2093    1.6328    0.2983    0.2177
    
2023033000
   0    1.0513 -999.9900    1.6460    1.6460    0.7222    0.0150    1.2748    0.3408    0.3015
   0    0.9433 -999.9900    1.5789    1.5789    0.9905   -0.0038    1.2184    0.2512    0.2283
   0    1.0449 -999.9900    1.6438    1.6438    0.7238    0.0225    1.2708    0.3350    0.2992
   0    0.9442 -999.9900    1.5765    1.5765    0.9675    0.0045    1.2159    0.2555    0.2327
    
2023033100
   0    1.0955 -999.9900    1.8318    1.8318    0.8503    0.0661    1.3197    0.2977    0.3219
   0    1.0202 -999.9900    1.7852    1.7852    1.1547    0.0272    1.3248    0.2262    0.2243
   0    1.0870 -999.9900    1.8117    1.8117    0.8143    0.0728    1.3086    0.2958    0.3240
   0    1.0120 -999.9900    1.7679    1.7679    1.1071    0.0390    1.3054    0.2291    0.2323
    
2023040100
    
