2023010700
   1 -999.9900 -999.9900 -999.9900 -999.9900 -999.9900 -999.9900 -999.9900 -999.9900 -999.9900
   1 -999.9900 -999.9900 -999.9900 -999.9900 -999.9900 -999.9900 -999.9900 -999.9900 -999.9900
   1 -999.9900 -999.9900 -999.9900 -999.9900 -999.9900 -999.9900 -999.9900 -999.9900 -999.9900
   1 -999.9900 -999.9900 -999.9900 -999.9900 -999.9900 -999.9900 -999.9900 -999.9900 -999.9900
    
2023010800
   0    0.9304 -999.9900    1.5604    1.5604    0.7106    0.1491    1.1518    0.2566    0.3239
   0    0.8476 -999.9900    1.4895    1.4895    0.9005   -0.0008    1.0937    0.2200    0.2285
   0    0.9280 -999.9900    1.5598    1.5598    0.7037    0.1529    1.1499    0.2561    0.3234
   0    0.8669 -999.9900    1.5811    1.5811    0.8915   -0.0805    1.1119    0.2256    0.2213
    
2023010900
   0    0.8993 -999.9900    1.5263    1.5263    0.7610    0.1200    1.1293    0.2347    0.3155
   0    0.8320 -999.9900    1.4933    1.4933    0.9423   -0.0727    1.0880    0.2168    0.2122
   0    0.8932 -999.9900    1.5193    1.5193    0.7647    0.1164    1.1237    0.2339    0.3135
   0    0.8797 -999.9900    1.6343    1.6343    0.9423   -0.1824    1.1380    0.2346    0.1931
    
2023011000
   0    0.9741 -999.9900    1.6949    1.6949    1.0334    0.1878    1.2249    0.2247    0.3320
   0    0.8748 -999.9900    1.5976    1.5976    1.1781   -0.0207    1.1472    0.1999    0.2248
   0    0.9698 -999.9900    1.6933    1.6933    1.0446    0.2010    1.2224    0.2195    0.3302
   0    0.8761 -999.9900    1.5976    1.5976    1.1826    0.0290    1.1492    0.1944    0.2346
    
2023011100
   0    0.9058 -999.9900    1.5866    1.5866    0.9019    0.3452    1.1537    0.1956    0.3605
   0    0.8061 -999.9900    1.4702    1.4702    1.0529    0.1305    1.0696    0.1735    0.2533
   0    0.8991 -999.9900    1.5850    1.5850    0.9165    0.3560    1.1531    0.1905    0.3545
   0    0.8063 -999.9900    1.4721    1.4721    1.0620    0.1799    1.0725    0.1664    0.2595
    
2023011200
   0    0.9287 -999.9900    1.5909    1.5909    0.7819    0.1497    1.1604    0.2381    0.3278
   0    0.8365 -999.9900    1.4878    1.4878    1.0098    0.0078    1.0939    0.2053    0.2244
   0    0.9212 -999.9900    1.5803    1.5803    0.7924    0.1221    1.1524    0.2403    0.3183
   0    0.8373 -999.9900    1.4887    1.4887    0.9937    0.0196    1.0928    0.2051    0.2292
    
2023011300
   0    1.1438 -999.9900    1.9295    1.9295    0.8391    0.3137    1.4019    0.2600    0.3537
   0    1.0160 -999.9900    1.7798    1.7798    1.0731    0.1228    1.3143    0.2274    0.2468
   0    1.1445 -999.9900    1.9338    1.9338    0.8545    0.3192    1.4033    0.2578    0.3516
   0    1.0241 -999.9900    1.7957    1.7957    1.0681    0.1643    1.3209    0.2249    0.2575
    
2023011400
   0    1.0427 -999.9900    1.7956    1.7956    0.9249    0.2151    1.3044    0.2455    0.3208
   0    0.9666 -999.9900    1.7374    1.7374    1.0976    0.0944    1.2595    0.2156    0.2362
   0    1.0346 -999.9900    1.7768    1.7768    0.9103    0.2122    1.2931    0.2430    0.3243
   0    0.9624 -999.9900    1.7239    1.7239    1.0799    0.1168    1.2515    0.2128    0.2451
    
2023011500
   0    1.0960 -999.9900    1.8778    1.8778    1.0208    0.2471    1.3684    0.2299    0.3612
   0    0.9833 -999.9900    1.7530    1.7530    1.2220    0.0496    1.2787    0.2086    0.2504
   0    1.0942 -999.9900    1.8726    1.8726    1.0059    0.2319    1.3663    0.2307    0.3589
   0    0.9871 -999.9900    1.7574    1.7574    1.2035    0.0799    1.2836    0.2065    0.2602
    
2023011600
   0    1.0783 -999.9900    1.8506    1.8506    0.9722    0.4376    1.3545    0.2178    0.3716
   0    0.9260 -999.9900    1.6396    1.6396    1.2684    0.2120    1.2256    0.1895    0.2604
   0    1.0673 -999.9900    1.8335    1.8335    0.9428    0.4032    1.3412    0.2245    0.3666
   0    0.9281 -999.9900    1.6455    1.6455    1.2378    0.2365    1.2280    0.1914    0.2670
    
2023011700
   0    0.9616 -999.9900    1.6476    1.6476    0.8566    0.2537    1.2058    0.2386    0.3257
   0    0.8466 -999.9900    1.5189    1.5189    1.0587    0.0871    1.1158    0.1978    0.2271
   0    0.9594 -999.9900    1.6569    1.6569    0.8748    0.2941    1.2110    0.2277    0.3254
   0    0.8511 -999.9900    1.5289    1.5289    1.0636    0.1447    1.1234    0.1919    0.2349
    
2023011800
   0    0.9685 -999.9900    1.6709    1.6709    0.7379    0.1745    1.1944    0.2559    0.3412
   0    0.8769 -999.9900    1.5966    1.5966    1.0106   -0.0005    1.1374    0.2139    0.2344
   0    0.9645 -999.9900    1.6663    1.6663    0.7293    0.1692    1.1898    0.2565    0.3384
   0    0.8745 -999.9900    1.5879    1.5879    0.9923    0.0313    1.1318    0.2141    0.2412
    
2023011900
   0    0.9864 -999.9900    1.6570    1.6570    0.7349    0.3275    1.2206    0.2224    0.3748
   0    0.8908 -999.9900    1.5872    1.5872    1.0231    0.1381    1.1690    0.1828    0.2461
   0    0.9771 -999.9900    1.6509    1.6509    0.7453    0.3224    1.2149    0.2195    0.3656
   0    0.8867 -999.9900    1.5790    1.5790    1.0065    0.1729    1.1621    0.1805    0.2533
    
2023012000
   0    0.9557 -999.9900    1.5841    1.5841    0.7008    0.1769    1.1786    0.2602    0.3333
   0    0.8464 -999.9900    1.4992    1.4992    0.9489    0.0542    1.1050    0.2056    0.2249
   0    0.9476 -999.9900    1.5735    1.5735    0.6951    0.1555    1.1695    0.2644    0.3274
   0    0.8476 -999.9900    1.4962    1.4962    0.9242    0.0659    1.1040    0.2087    0.2325
    
2023012100
   1 -999.9900 -999.9900 -999.9900 -999.9900 -999.9900 -999.9900 -999.9900 -999.9900 -999.9900
   1 -999.9900 -999.9900 -999.9900 -999.9900 -999.9900 -999.9900 -999.9900 -999.9900 -999.9900
   1 -999.9900 -999.9900 -999.9900 -999.9900 -999.9900 -999.9900 -999.9900 -999.9900 -999.9900
   1 -999.9900 -999.9900 -999.9900 -999.9900 -999.9900 -999.9900 -999.9900 -999.9900 -999.9900
    
2023012200
   0    0.9106 -999.9900    1.4973    1.4973    0.7194    0.0435    1.1155    0.2948    0.3075
   0    0.9106 -999.9900    1.4973    1.4973    0.7194    0.0435    1.1155    0.2948    0.3075
   0    0.9024 -999.9900    1.4897    1.4897    0.7289    0.0399    1.1103    0.2928    0.3018
   0    0.8377 -999.9900    1.4555    1.4555    0.9324   -0.0743    1.0820    0.2448    0.2179
    
2023012300
   0    0.9514 -999.9900    1.5900    1.5900    0.7342    0.1357    1.1865    0.2515    0.3330
   0    0.8533 -999.9900    1.5209    1.5209    0.9916   -0.0591    1.1229    0.2188    0.2111
   0    0.9470 -999.9900    1.5879    1.5879    0.7515    0.1305    1.1847    0.2488    0.3268
   0    0.8530 -999.9900    1.5150    1.5150    0.9828   -0.0232    1.1217    0.2157    0.2207
    
2023012400
   0    1.0838 -999.9900    1.8330    1.8330    0.8156    0.1291    1.3294    0.2552    0.3464
   0    0.9963 -999.9900    1.7833    1.7833    1.1615   -0.0761    1.2861    0.2232    0.2266
   0    1.0860 -999.9900    1.8373    1.8373    0.8296    0.1249    1.3344    0.2560    0.3417
   0    0.9922 -999.9900    1.7700    1.7700    1.1480   -0.0376    1.2771    0.2213    0.2323
    
2023012500
   0    1.0039 -999.9900    1.7162    1.7162    0.7663   -0.0093    1.2453    0.3033    0.2833
   0    0.8959 -999.9900    1.6217    1.6217    1.0147   -0.1639    1.1715    0.2508    0.1844
   0    1.0044 -999.9900    1.7171    1.7171    0.7570   -0.0128    1.2442    0.3030    0.2841
   0    0.9000 -999.9900    1.6250    1.6250    0.9932   -0.1350    1.1734    0.2513    0.1935
    
2023012600
   0    0.9564 -999.9900    1.6286    1.6286    0.7234    0.1060    1.1884    0.2736    0.3037
   0    0.8668 -999.9900    1.5580    1.5580    0.9771   -0.0632    1.1320    0.2268    0.1914
   0    0.9602 -999.9900    1.6334    1.6334    0.7102    0.0982    1.1917    0.2789    0.3024
   0    0.8684 -999.9900    1.5581    1.5581    0.9544   -0.0341    1.1308    0.2282    0.2005
    
2023012700
   1 -999.9900 -999.9900 -999.9900 -999.9900 -999.9900 -999.9900 -999.9900 -999.9900 -999.9900
   1 -999.9900 -999.9900 -999.9900 -999.9900 -999.9900 -999.9900 -999.9900 -999.9900 -999.9900
   1 -999.9900 -999.9900 -999.9900 -999.9900 -999.9900 -999.9900 -999.9900 -999.9900 -999.9900
   1 -999.9900 -999.9900 -999.9900 -999.9900 -999.9900 -999.9900 -999.9900 -999.9900 -999.9900
    
2023012800
   0    0.9920 -999.9900    1.6589    1.6589    0.7621    0.1132    1.2331    0.2522    0.3224
   0    0.8936 -999.9900    1.5739    1.5739    0.9960   -0.0566    1.1664    0.2144    0.2165
   0    0.9903 -999.9900    1.6544    1.6544    0.7402    0.1071    1.2289    0.2536    0.3244
   0    0.8939 -999.9900    1.5709    1.5709    0.9723   -0.0263    1.1632    0.2136    0.2262
    
2023012900
   0    1.0512 -999.9900    1.7558    1.7558    0.7751    0.2054    1.2954    0.2447    0.3512
   0    0.9327 -999.9900    1.6636    1.6636    1.0462    0.0183    1.2194    0.2041    0.2324
   0    1.0564 -999.9900    1.7654    1.7654    0.7634    0.1976    1.2999    0.2494    0.3523
   0    0.9397 -999.9900    1.6683    1.6683    1.0257    0.0510    1.2239    0.2065    0.2453
    
2023013000
   0    0.9524 -999.9900    1.5870    1.5870    0.7076    0.0858    1.1767    0.2788    0.3160
   0    0.8537 -999.9900    1.5311    1.5311    1.0365   -0.1402    1.1205    0.2235    0.1834
   0    0.9498 -999.9900    1.5837    1.5837    0.7011    0.0509    1.1748    0.2840    0.3097
   0    0.8528 -999.9900    1.5192    1.5192    1.0089   -0.1159    1.1156    0.2268    0.1926
    
2023013100
   1 -999.9900 -999.9900 -999.9900 -999.9900 -999.9900 -999.9900 -999.9900 -999.9900 -999.9900
   1 -999.9900 -999.9900 -999.9900 -999.9900 -999.9900 -999.9900 -999.9900 -999.9900 -999.9900
   1 -999.9900 -999.9900 -999.9900 -999.9900 -999.9900 -999.9900 -999.9900 -999.9900 -999.9900
   1 -999.9900 -999.9900 -999.9900 -999.9900 -999.9900 -999.9900 -999.9900 -999.9900 -999.9900
    
2023020100
   1 -999.9900 -999.9900 -999.9900 -999.9900 -999.9900 -999.9900 -999.9900 -999.9900 -999.9900
   1 -999.9900 -999.9900 -999.9900 -999.9900 -999.9900 -999.9900 -999.9900 -999.9900 -999.9900
   1 -999.9900 -999.9900 -999.9900 -999.9900 -999.9900 -999.9900 -999.9900 -999.9900 -999.9900
   0    0.8584 -999.9900    1.5538    1.5538    0.9756   -0.0802    1.1139    0.2457    0.2037
    
2023020200
   0    0.8670 -999.9900    1.5000    1.5000    0.7030   -0.0330    1.0805    0.2837    0.2810
   0    0.7750 -999.9900    1.4066    1.4066    0.9404   -0.1369    1.0110    0.2306    0.1796
   0    0.8601 -999.9900    1.4895    1.4895    0.7100   -0.0288    1.0737    0.2814    0.2785
   0    0.7743 -999.9900    1.4039    1.4039    0.9244   -0.1136    1.0093    0.2306    0.1860
    
2023020300
   0    1.0182 -999.9900    1.7318    1.7318    0.7915    0.1088    1.2483    0.2608    0.3268
   0    0.9520 -999.9900    1.7043    1.7043    1.0607    0.0136    1.2354    0.2229    0.2216
   0    1.0108 -999.9900    1.7231    1.7231    0.7784    0.0891    1.2392    0.2634    0.3214
   0    0.9432 -999.9900    1.6871    1.6871    1.0351    0.0209    1.2196    0.2239    0.2250
    
2023020400
   0    1.1294 -999.9900    1.8931    1.8931    0.8427    0.0652    1.3875    0.2748    0.3339
   0    1.0459 -999.9900    1.8439    1.8439    1.0865   -0.0519    1.3533    0.2371    0.2330
   0    1.1318 -999.9900    1.9047    1.9047    0.8553    0.0626    1.3938    0.2725    0.3322
   0    1.0470 -999.9900    1.8452    1.8452    1.0755   -0.0301    1.3526    0.2362    0.2410
    
2023020500
   0    1.0587 -999.9900    1.7787    1.7787    0.9511    0.2751    1.3119    0.2352    0.3453
   0    0.9398 -999.9900    1.6626    1.6626    1.1071    0.0729    1.2249    0.2091    0.2372
   0    1.0566 -999.9900    1.7798    1.7798    0.9324    0.2675    1.3083    0.2364    0.3448
   0    0.9447 -999.9900    1.6701    1.6701    1.0944    0.1088    1.2286    0.2074    0.2478
    
2023020600
   0    1.0030 -999.9900    1.7020    1.7020    0.8336    0.1292    1.2500    0.2614    0.3147
   0    0.8793 -999.9900    1.5950    1.5950    1.1141   -0.1358    1.1533    0.2175    0.1883
   0    0.9989 -999.9900    1.6989    1.6989    0.8244    0.1004    1.2461    0.2646    0.3074
   0    0.8807 -999.9900    1.5941    1.5941    1.0907   -0.1001    1.1545    0.2174    0.1946
    
2023020700
   0    1.1557 -999.9900    1.9417    1.9417    0.8698    0.1984    1.4127    0.2490    0.3493
   0    1.0467 -999.9900    1.8553    1.8553    1.2152    0.0567    1.3579    0.2030    0.2411
   0    1.1628 -999.9900    1.9537    1.9537    0.8796    0.2309    1.4224    0.2456    0.3546
   0    1.0622 -999.9900    1.8847    1.8847    1.1927    0.0848    1.3711    0.2042    0.2493
    
2023020800
   0    1.0026 -999.9900    1.6925    1.6925    0.8259    0.2198    1.2611    0.2358    0.3207
   0    0.9445 -999.9900    1.6861    1.6861    1.0799    0.0839    1.2431    0.1989    0.2279
   0    1.0020 -999.9900    1.6961    1.6961    0.8250    0.2286    1.2627    0.2340    0.3212
   0    0.9385 -999.9900    1.6708    1.6708    1.0633    0.1163    1.2337    0.1962    0.2336
    
2023020900
   1 -999.9900 -999.9900 -999.9900 -999.9900 -999.9900 -999.9900 -999.9900 -999.9900 -999.9900
   1 -999.9900 -999.9900 -999.9900 -999.9900 -999.9900 -999.9900 -999.9900 -999.9900 -999.9900
   1 -999.9900 -999.9900 -999.9900 -999.9900 -999.9900 -999.9900 -999.9900 -999.9900 -999.9900
   1 -999.9900 -999.9900 -999.9900 -999.9900 -999.9900 -999.9900 -999.9900 -999.9900 -999.9900
    
2023021000
   0    1.0724 -999.9900    1.7920    1.7920    0.8124    0.1499    1.3269    0.2683    0.3275
   0    0.9801 -999.9900    1.7107    1.7107    1.0466   -0.0381    1.2729    0.2365    0.2219
   0    1.0708 -999.9900    1.7957    1.7957    0.8114    0.1511    1.3268    0.2679    0.3259
   0    0.9793 -999.9900    1.7117    1.7117    1.0335    0.0002    1.2708    0.2336    0.2292
    
2023021100
   1 -999.9900 -999.9900 -999.9900 -999.9900 -999.9900 -999.9900 -999.9900 -999.9900 -999.9900
   1 -999.9900 -999.9900 -999.9900 -999.9900 -999.9900 -999.9900 -999.9900 -999.9900 -999.9900
   1 -999.9900 -999.9900 -999.9900 -999.9900 -999.9900 -999.9900 -999.9900 -999.9900 -999.9900
   1 -999.9900 -999.9900 -999.9900 -999.9900 -999.9900 -999.9900 -999.9900 -999.9900 -999.9900
    
2023021200
   0    0.9640 -999.9900    1.6282    1.6282    0.8189    0.2111    1.2110    0.2338    0.3324
   0    0.8540 -999.9900    1.5347    1.5347    1.0462   -0.0064    1.1293    0.2034    0.2026
   0    0.9563 -999.9900    1.6152    1.6152    0.7922    0.1838    1.1997    0.2399    0.3293
   0    0.8533 -999.9900    1.5279    1.5279    1.0189    0.0208    1.1246    0.2042    0.2146
    
2023021300
   0    1.0260 -999.9900    1.7221    1.7221    0.8288    0.2292    1.2654    0.2456    0.3449
   0    0.9281 -999.9900    1.6466    1.6466    1.0783   -0.0624    1.2040    0.2332    0.2166
   0    1.0273 -999.9900    1.7234    1.7234    0.8264    0.2401    1.2699    0.2439    0.3475
   0    0.9272 -999.9900    1.6395    1.6395    1.0685    0.0024    1.2014    0.2270    0.2277
    
2023021400
   0    1.0816 -999.9900    1.8743    1.8743    0.9295    0.2954    1.3464    0.2219    0.3437
   0    0.9668 -999.9900    1.7530    1.7530    1.2674    0.0491    1.2700    0.1931    0.2307
   0    1.0805 -999.9900    1.8770    1.8770    0.9441    0.3076    1.3508    0.2165    0.3423
   0    0.9660 -999.9900    1.7468    1.7468    1.2605    0.1057    1.2683    0.1878    0.2395
    
2023021500
   0    1.2581 -999.9900    2.1908    2.1908    0.9399    0.3463    1.5514    0.2334    0.3680
   0    1.1074 -999.9900    2.0192    2.0192    1.3299    0.1258    1.4476    0.1880    0.2529
   0    1.2545 -999.9900    2.1830    2.1830    0.9497    0.3613    1.5517    0.2289    0.3682
   0    1.1110 -999.9900    2.0217    2.0217    1.3097    0.1789    1.4486    0.1867    0.2625
    
2023021600
   0    1.0288 -999.9900    1.7158    1.7158    0.8068    0.1686    1.2664    0.2650    0.3295
   0    0.9480 -999.9900    1.6782    1.6782    1.1457   -0.0343    1.2413    0.2159    0.2124
   0    1.0328 -999.9900    1.7337    1.7337    0.8288    0.2064    1.2780    0.2554    0.3319
   0    0.9424 -999.9900    1.6643    1.6643    1.1448    0.0290    1.2317    0.2097    0.2218
    
2023021700
   0    1.1082 -999.9900    1.8049    1.8049    0.7848    0.3655    1.3666    0.2427    0.3932
   0    0.9996 -999.9900    1.7163    1.7163    1.0659    0.2255    1.3088    0.1987    0.2786
   0    1.1105 -999.9900    1.8028    1.8028    0.7624    0.3636    1.3644    0.2452    0.3999
   0    1.0008 -999.9900    1.7132    1.7132    1.0388    0.2524    1.3060    0.1996    0.2906
    
2023021800
   0    1.0561 -999.9900    1.7454    1.7454    0.8390    0.1996    1.3033    0.2652    0.3473
   0    0.9438 -999.9900    1.6521    1.6521    1.0641    0.0740    1.2345    0.2233    0.2295
   0    1.0583 -999.9900    1.7569    1.7569    0.8485    0.2046    1.3080    0.2648    0.3463
   0    0.9491 -999.9900    1.6613    1.6613    1.0549    0.1021    1.2396    0.2232    0.2395
    
2023021900
   0    0.9363 -999.9900    1.5608    1.5608    0.7212    0.0644    1.1601    0.2744    0.3061
   0    0.8372 -999.9900    1.4874    1.4874    0.9979    0.0254    1.1038    0.1970    0.2161
   0    0.9319 -999.9900    1.5620    1.5620    0.7390    0.1027    1.1615    0.2628    0.3083
   0    0.8368 -999.9900    1.4851    1.4851    0.9845    0.0562    1.1025    0.1949    0.2230
    
2023022000
   0    1.1069 -999.9900    1.8566    1.8566    0.8445    0.0401    1.3608    0.2642    0.3132
   0    1.0045 -999.9900    1.7973    1.7973    1.1584   -0.0581    1.3107    0.2090    0.2058
   0    1.1016 -999.9900    1.8529    1.8529    0.8444    0.0435    1.3578    0.2625    0.3097
   0    1.0020 -999.9900    1.7866    1.7866    1.1352   -0.0363    1.3020    0.2091    0.2133
    
2023022100
   0    1.0903 -999.9900    1.8744    1.8744    0.8343    0.0459    1.3550    0.2603    0.3046
   0    0.9769 -999.9900    1.7832    1.7832    1.1176   -0.1135    1.2777    0.2113    0.1963
   0    1.0965 -999.9900    1.8835    1.8835    0.8328    0.0775    1.3662    0.2564    0.3122
   0    0.9821 -999.9900    1.7855    1.7855    1.1025   -0.0626    1.2826    0.2094    0.2090
    
2023022200
   0    1.1286 -999.9900    1.9916    1.9916    0.9266    0.1812    1.4061    0.2433    0.3197
   0    0.9936 -999.9900    1.8735    1.8735    1.3663   -0.0745    1.3116    0.1835    0.1881
   0    1.1338 -999.9900    1.9980    1.9980    0.9119    0.1940    1.4128    0.2436    0.3238
   0    0.9925 -999.9900    1.8647    1.8647    1.3370   -0.0157    1.3080    0.1828    0.1980
    
2023022300
   0    1.2784 -999.9900    2.1909    2.1909    0.9832    0.3375    1.5884    0.2678    0.3398
   0    1.0945 -999.9900    1.9840    1.9840    1.4459    0.0695    1.4377    0.1990    0.2073
   0    1.2791 -999.9900    2.2014    2.2014    0.9886    0.3622    1.5951    0.2619    0.3417
   0    1.0962 -999.9900    1.9893    1.9893    1.4320    0.1379    1.4395    0.1968    0.2165
    
2023022400
   0    0.9824 -999.9900    1.6988    1.6988    0.8525    0.1031    1.2321    0.2729    0.2929
   0    0.9084 -999.9900    1.6591    1.6591    1.1481   -0.1022    1.1988    0.2208    0.1818
   0    0.9822 -999.9900    1.7065    1.7065    0.8583    0.1136    1.2353    0.2695    0.2908
   0    0.9012 -999.9900    1.6441    1.6441    1.1389   -0.0549    1.1872    0.2167    0.1884
    
2023022500
   0    1.1332 -999.9900    1.8880    1.8880    0.7585    0.1243    1.3703    0.2703    0.3495
   0    1.0212 -999.9900    1.8138    1.8138    1.0331   -0.0893    1.3147    0.2334    0.2315
   0    1.1294 -999.9900    1.8892    1.8892    0.7587    0.1343    1.3703    0.2659    0.3483
   0    1.0219 -999.9900    1.8119    1.8119    1.0164   -0.0406    1.3152    0.2304    0.2435
    
2023022600
   0    0.9806 -999.9900    1.7039    1.7039    0.8292    0.0508    1.2162    0.2862    0.2970
   0    0.9032 -999.9900    1.6631    1.6631    1.0598   -0.0580    1.1818    0.2224    0.2081
   0    0.9733 -999.9900    1.6925    1.6925    0.8209    0.0335    1.2085    0.2853    0.2924
   0    0.8976 -999.9900    1.6479    1.6479    1.0400   -0.0466    1.1711    0.2241    0.2131
    
2023022700
   0    1.0836 -999.9900    1.8707    1.8707    0.8870    0.1810    1.3495    0.2608    0.3327
   0    0.9700 -999.9900    1.7661    1.7661    1.2592   -0.0839    1.2787    0.2081    0.2113
   0    1.0825 -999.9900    1.8667    1.8667    0.8840    0.1729    1.3486    0.2584    0.3309
   0    0.9688 -999.9900    1.7569    1.7569    1.2334   -0.0357    1.2726    0.2075    0.2217
    
2023022800
   0    1.0767 -999.9900    1.8394    1.8394    0.9200    0.3828    1.3632    0.2056    0.3447
   0    0.9723 -999.9900    1.7509    1.7509    1.2404    0.0671    1.2939    0.1830    0.2136
   0    1.0768 -999.9900    1.8404    1.8404    0.9263    0.3859    1.3649    0.2058    0.3454
   0    0.9712 -999.9900    1.7442    1.7442    1.2295    0.1269    1.2921    0.1779    0.2234
    
2023030100
   0    1.0358 -999.9900    1.7738    1.7738    0.9450    0.3403    1.3232    0.2059    0.3428
   0    0.9529 -999.9900    1.7140    1.7140    1.2808    0.0571    1.2771    0.1756    0.2267
   0    1.0203 -999.9900    1.7593    1.7593    0.9494    0.3174    1.3092    0.2060    0.3361
   0    0.9416 -999.9900    1.6896    1.6896    1.2606    0.1000    1.2591    0.1728    0.2333
    
2023030200
   0    1.0502 -999.9900    1.8611    1.8611    0.8524    0.1503    1.3134    0.2536    0.2986
   0    0.9561 -999.9900    1.7866    1.7866    1.2334   -0.0979    1.2586    0.2073    0.1849
   0    1.0441 -999.9900    1.8514    1.8514    0.8389    0.1467    1.3075    0.2534    0.3004
   1 -999.9900 -999.9900 -999.9900 -999.9900 -999.9900 -999.9900 -999.9900 -999.9900 -999.9900
    
2023030300
   1 -999.9900 -999.9900 -999.9900 -999.9900 -999.9900 -999.9900 -999.9900 -999.9900 -999.9900
   1 -999.9900 -999.9900 -999.9900 -999.9900 -999.9900 -999.9900 -999.9900 -999.9900 -999.9900
   1 -999.9900 -999.9900 -999.9900 -999.9900 -999.9900 -999.9900 -999.9900 -999.9900 -999.9900
   1 -999.9900 -999.9900 -999.9900 -999.9900 -999.9900 -999.9900 -999.9900 -999.9900 -999.9900
    
2023030400
   0    1.0822 -999.9900    1.8351    1.8351    0.9288    0.3753    1.3745    0.2289    0.3334
   0    0.9623 -999.9900    1.7014    1.7014    1.1664    0.0839    1.2850    0.2080    0.2117
   0    1.0796 -999.9900    1.8275    1.8275    0.9075    0.3698    1.3694    0.2307    0.3353
   0    0.9641 -999.9900    1.7037    1.7037    1.1435    0.1389    1.2848    0.2042    0.2238
    
2023030500
   0    1.0168 -999.9900    1.7442    1.7442    0.8162    0.1712    1.2640    0.2503    0.3226
   0    0.9434 -999.9900    1.7179    1.7179    1.1722   -0.0682    1.2374    0.2153    0.2117
   0    1.0070 -999.9900    1.7342    1.7342    0.8398    0.1612    1.2563    0.2482    0.3133
   0    0.9305 -999.9900    1.6872    1.6872    1.1648   -0.0263    1.2182    0.2102    0.2161
    
2023030600
   0    0.9716 -999.9900    1.6599    1.6599    0.8738    0.0436    1.2278    0.2649    0.2766
   0    0.8942 -999.9900    1.6133    1.6133    1.2070   -0.1641    1.1891    0.2136    0.1710
   0    0.9642 -999.9900    1.6459    1.6459    0.8642    0.0465    1.2197    0.2638    0.2774
   0    0.8850 -999.9900    1.5880    1.5880    1.1793   -0.1209    1.1731    0.2113    0.1791
    
2023030700
   0    0.9163 -999.9900    1.5494    1.5494    0.8548    0.0567    1.1728    0.2589    0.2846
   0    0.8400 -999.9900    1.4831    1.4831    1.0829   -0.0431    1.1287    0.2060    0.1922
   0    0.9110 -999.9900    1.5435    1.5435    0.8405    0.0422    1.1653    0.2619    0.2806
   0    0.8363 -999.9900    1.4763    1.4763    1.0576   -0.0318    1.1202    0.2086    0.1962
    
2023030800
   0    0.9343 -999.9900    1.5763    1.5763    0.7486    0.0765    1.1736    0.2809    0.2966
   0    0.8851 -999.9900    1.5565    1.5565    1.0180   -0.0392    1.1753    0.2345    0.2009
   0    0.9357 -999.9900    1.5819    1.5819    0.7525    0.0823    1.1765    0.2805    0.2968
   0    0.8791 -999.9900    1.5462    1.5462    0.9995   -0.0126    1.1635    0.2327    0.2068
    
2023030900
   0    0.9067 -999.9900    1.5531    1.5531    0.7516    0.1022    1.1390    0.2694    0.2695
   0    0.8205 -999.9900    1.4772    1.4772    1.0911   -0.0818    1.0906    0.2148    0.1680
   0    0.9048 -999.9900    1.5485    1.5485    0.7397    0.0900    1.1338    0.2736    0.2676
   0    0.8146 -999.9900    1.4590    1.4590    1.0700   -0.0523    1.0763    0.2167    0.1726
    
2023031000
   0    0.9126 -999.9900    1.5950    1.5950    0.8487    0.0069    1.1560    0.2869    0.2568
   0    0.8445 -999.9900    1.5293    1.5293    1.0423   -0.1846    1.1177    0.2481    0.1622
   0    0.9102 -999.9900    1.5875    1.5875    0.8298   -0.0110    1.1519    0.2928    0.2555
   0    0.8394 -999.9900    1.5195    1.5195    1.0252   -0.1570    1.1083    0.2479    0.1677
    
2023031100
   0    1.0609 -999.9900    1.9040    1.9040    0.8673   -0.0511    1.3292    0.2800    0.2685
   0    0.9800 -999.9900    1.8609    1.8609    1.1862   -0.2582    1.2901    0.2314    0.1652
   0    1.0536 -999.9900    1.8946    1.8946    0.8725   -0.0398    1.3240    0.2734    0.2693
   0    0.9716 -999.9900    1.8388    1.8388    1.1720   -0.2100    1.2758    0.2263    0.1733
    
2023031200
   0    0.9659 -999.9900    1.7319    1.7319    0.9558    0.2070    1.2327    0.2547    0.2980
   0    0.8659 -999.9900    1.6058    1.6058    1.2395    0.0048    1.1616    0.2042    0.1829
   0    0.9569 -999.9900    1.7150    1.7150    0.9347    0.1895    1.2203    0.2548    0.2966
   0    0.8591 -999.9900    1.5946    1.5946    1.2134    0.0347    1.1498    0.2028    0.1903
    
2023031300
   0    0.9529 -999.9900    1.6222    1.6222    0.8227    0.2153    1.1964    0.2606    0.3059
   0    0.8565 -999.9900    1.5266    1.5266    1.0707    0.0729    1.1345    0.2027    0.2042
   0    0.9474 -999.9900    1.6198    1.6198    0.8330    0.2255    1.1934    0.2541    0.3021
   0    0.8565 -999.9900    1.5259    1.5259    1.0581    0.1075    1.1311    0.2001    0.2125
    
2023031400
   0    1.0084 -999.9900    1.7154    1.7154    0.9095    0.0367    1.2569    0.2760    0.2836
   0    0.9220 -999.9900    1.6648    1.6648    1.1805   -0.0884    1.2178    0.2037    0.1816
   0    1.0038 -999.9900    1.7191    1.7191    0.9126    0.0345    1.2551    0.2740    0.2780
   0    0.9164 -999.9900    1.6537    1.6537    1.1669   -0.0647    1.2062    0.2052    0.1868
    
2023031500
   0    1.0773 -999.9900    1.8443    1.8443    1.0437    0.1510    1.3616    0.2353    0.3032
   0    0.9719 -999.9900    1.7606    1.7606    1.2741   -0.0663    1.2889    0.1950    0.1928
   0    1.0689 -999.9900    1.8345    1.8345    1.0307    0.1591    1.3547    0.2301    0.3036
   0    0.9685 -999.9900    1.7470    1.7470    1.2596   -0.0180    1.2827    0.1919    0.2041
    
2023031600
   0    1.0919 -999.9900    1.8616    1.8616    0.9346    0.3419    1.3832    0.2104    0.3533
   0    0.9823 -999.9900    1.7442    1.7442    1.2612    0.0966    1.3085    0.1780    0.2404
   0    1.0845 -999.9900    1.8489    1.8489    0.9200    0.3053    1.3719    0.2167    0.3472
   0    0.9787 -999.9900    1.7355    1.7355    1.2317    0.1237    1.3002    0.1802    0.2462
    
2023031700
   0    1.0412 -999.9900    1.7523    1.7523    0.8753    0.1677    1.2972    0.2706    0.2977
   0    0.9419 -999.9900    1.6624    1.6624    1.1475    0.0304    1.2370    0.2152    0.2141
   0    1.0316 -999.9900    1.7429    1.7429    0.8847    0.1531    1.2903    0.2698    0.2918
   0    0.9389 -999.9900    1.6558    1.6558    1.1309    0.0491    1.2307    0.2168    0.2162
    
2023031800
   0    1.0877 -999.9900    1.8209    1.8209    0.8969    0.3598    1.3686    0.2307    0.3452
   0    0.9680 -999.9900    1.6897    1.6897    1.1189    0.1633    1.2719    0.1981    0.2353
   0    1.0949 -999.9900    1.8431    1.8431    0.9105    0.4015    1.3855    0.2225    0.3471
   0    0.9759 -999.9900    1.7078    1.7078    1.1208    0.2276    1.2850    0.1912    0.2449
    
2023031900
   0    1.0217 -999.9900    1.7064    1.7064    0.9349    0.3272    1.2997    0.2249    0.3297
   0    0.9120 -999.9900    1.5899    1.5899    1.1655    0.1762    1.2227    0.1862    0.2159
   0    1.0300 -999.9900    1.7258    1.7258    0.9565    0.3544    1.3133    0.2181    0.3291
   0    0.9177 -999.9900    1.6001    1.6001    1.1703    0.2227    1.2302    0.1816    0.2244
    
2023032000
   0    0.9739 -999.9900    1.6666    1.6666    0.9140    0.0819    1.2402    0.2691    0.2853
   0    0.8849 -999.9900    1.5841    1.5841    1.1786   -0.0752    1.1806    0.2207    0.1738
   0    0.9764 -999.9900    1.6788    1.6788    0.9213    0.1058    1.2472    0.2605    0.2836
   0    0.8828 -999.9900    1.5803    1.5803    1.1732   -0.0294    1.1781    0.2159    0.1805
    
2023032100
   0    1.0197 -999.9900    1.7428    1.7428    0.9757    0.1620    1.2997    0.2767    0.2849
   0    0.8942 -999.9900    1.5938    1.5938    1.3024   -0.0426    1.1974    0.2187    0.1736
   0    1.0148 -999.9900    1.7334    1.7334    0.9752    0.1499    1.2951    0.2783    0.2802
   0    0.8946 -999.9900    1.5894    1.5894    1.2805   -0.0089    1.1959    0.2203    0.1804
    
2023032200
   0    1.0135 -999.9900    1.7310    1.7310    0.9719    0.1505    1.2884    0.2500    0.2963
   0    0.9161 -999.9900    1.6433    1.6433    1.2242   -0.0619    1.2213    0.2148    0.1887
   0    1.0124 -999.9900    1.7342    1.7342    0.9669    0.1602    1.2885    0.2484    0.2966
   0    0.9157 -999.9900    1.6376    1.6376    1.2109   -0.0136    1.2182    0.2123    0.1985
    
2023032300
   0    0.9741 -999.9900    1.6636    1.6636    0.8548    0.2662    1.2347    0.2385    0.3176
   0    0.8767 -999.9900    1.5640    1.5640    1.2167   -0.0090    1.1713    0.1988    0.1930
   0    0.9623 -999.9900    1.6491    1.6491    0.8498    0.2392    1.2228    0.2410    0.3077
   0    0.8678 -999.9900    1.5452    1.5452    1.1908    0.0299    1.1573    0.1974    0.1976
    
2023032400
   0    1.0669 -999.9900    1.8069    1.8069    0.8564    0.2231    1.3357    0.2553    0.3231
   0    0.9813 -999.9900    1.7388    1.7388    1.2274   -0.0584    1.3025    0.2127    0.2033
   0    1.0621 -999.9900    1.8010    1.8010    0.8490    0.2263    1.3298    0.2503    0.3247
   0    0.9706 -999.9900    1.7157    1.7157    1.2079   -0.0002    1.2820    0.2084    0.2124
    
2023032500
   0    1.0254 -999.9900    1.7538    1.7538    0.8747    0.3740    1.2987    0.2056    0.3413
   0    0.9422 -999.9900    1.6930    1.6930    1.3411    0.0177    1.2648    0.1784    0.2053
   0    1.0167 -999.9900    1.7427    1.7427    0.8655    0.3559    1.2895    0.2070    0.3349
   0    0.9267 -999.9900    1.6585    1.6585    1.3096    0.0781    1.2387    0.1742    0.2112
    
2023032600
   0    0.9581 -999.9900    1.6718    1.6718    0.9805    0.2085    1.2318    0.2275    0.2754
   0    0.8839 -999.9900    1.6070    1.6070    1.2345   -0.0728    1.1904    0.1969    0.1706
   0    0.9442 -999.9900    1.6485    1.6485    0.9561    0.1836    1.2147    0.2285    0.2723
   0    0.8698 -999.9900    1.5772    1.5772    1.2143   -0.0315    1.1681    0.1926    0.1769
    
2023032700
   0    0.9346 -999.9900    1.6317    1.6317    0.9358    0.1686    1.2083    0.2321    0.2715
   0    0.8968 -999.9900    1.6158    1.6158    1.1935   -0.0151    1.2206    0.2018    0.1809
   0    0.9285 -999.9900    1.6254    1.6254    0.9285    0.1798    1.2016    0.2275    0.2727
   0    0.8811 -999.9900    1.5880    1.5880    1.1805    0.0283    1.1961    0.1941    0.1875
    
2023032800
   0    0.9754 -999.9900    1.6549    1.6549    0.8888    0.1981    1.2325    0.2482    0.3125
   0    0.8613 -999.9900    1.5385    1.5385    1.1380    0.0235    1.1574    0.1964    0.1967
   0    0.9691 -999.9900    1.6436    1.6436    0.8660    0.1904    1.2241    0.2505    0.3147
   0    0.8606 -999.9900    1.5347    1.5347    1.1105    0.0538    1.1533    0.1965    0.2084
    
2023032900
   0    1.0548 -999.9900    1.7988    1.7988    0.8887    0.0670    1.3108    0.2810    0.2974
   0    0.9568 -999.9900    1.7404    1.7404    1.1741   -0.1193    1.2635    0.2323    0.1849
   0    1.0488 -999.9900    1.7957    1.7957    0.8957    0.0644    1.3087    0.2813    0.2928
   0    0.9527 -999.9900    1.7272    1.7272    1.1610   -0.0836    1.2566    0.2313    0.1930
    
2023033000
   0    0.9413 -999.9900    1.5857    1.5857    0.8446    0.0693    1.1930    0.2610    0.2764
   0    0.8487 -999.9900    1.5068    1.5068    1.2025   -0.1007    1.1358    0.2084    0.1707
   0    0.9397 -999.9900    1.5821    1.5821    0.8237    0.0590    1.1907    0.2649    0.2774
   0    0.8416 -999.9900    1.4864    1.4864    1.1752   -0.0729    1.1220    0.2103    0.1771
    
2023033100
   0    1.0345 -999.9900    1.7773    1.7773    0.9327    0.2832    1.3110    0.2312    0.3167
   0    0.9636 -999.9900    1.7267    1.7267    1.3758   -0.0338    1.2928    0.2030    0.1966
   0    1.0283 -999.9900    1.7666    1.7666    0.9212    0.2904    1.3052    0.2280    0.3186
   0    0.9471 -999.9900    1.6887    1.6887    1.3480    0.0339    1.2645    0.1961    0.2045
    
2023040100
    
