2022120700
   1 -999.9900 -999.9900 -999.9900 -999.9900 -999.9900 -999.9900 -999.9900 -999.9900 -999.9900
   1 -999.9900 -999.9900 -999.9900 -999.9900 -999.9900 -999.9900 -999.9900 -999.9900 -999.9900
   1 -999.9900 -999.9900 -999.9900 -999.9900 -999.9900 -999.9900 -999.9900 -999.9900 -999.9900
   1 -999.9900 -999.9900 -999.9900 -999.9900 -999.9900 -999.9900 -999.9900 -999.9900 -999.9900
    
2022120800
   1 -999.9900 -999.9900 -999.9900 -999.9900 -999.9900 -999.9900 -999.9900 -999.9900 -999.9900
   1 -999.9900 -999.9900 -999.9900 -999.9900 -999.9900 -999.9900 -999.9900 -999.9900 -999.9900
   1 -999.9900 -999.9900 -999.9900 -999.9900 -999.9900 -999.9900 -999.9900 -999.9900 -999.9900
   1 -999.9900 -999.9900 -999.9900 -999.9900 -999.9900 -999.9900 -999.9900 -999.9900 -999.9900
    
2022120900
   1 -999.9900 -999.9900 -999.9900 -999.9900 -999.9900 -999.9900 -999.9900 -999.9900 -999.9900
   1 -999.9900 -999.9900 -999.9900 -999.9900 -999.9900 -999.9900 -999.9900 -999.9900 -999.9900
   1 -999.9900 -999.9900 -999.9900 -999.9900 -999.9900 -999.9900 -999.9900 -999.9900 -999.9900
   1 -999.9900 -999.9900 -999.9900 -999.9900 -999.9900 -999.9900 -999.9900 -999.9900 -999.9900
    
2022121000
   1 -999.9900 -999.9900 -999.9900 -999.9900 -999.9900 -999.9900 -999.9900 -999.9900 -999.9900
   1 -999.9900 -999.9900 -999.9900 -999.9900 -999.9900 -999.9900 -999.9900 -999.9900 -999.9900
   1 -999.9900 -999.9900 -999.9900 -999.9900 -999.9900 -999.9900 -999.9900 -999.9900 -999.9900
   1 -999.9900 -999.9900 -999.9900 -999.9900 -999.9900 -999.9900 -999.9900 -999.9900 -999.9900
    
2022121100
   1 -999.9900 -999.9900 -999.9900 -999.9900 -999.9900 -999.9900 -999.9900 -999.9900 -999.9900
   1 -999.9900 -999.9900 -999.9900 -999.9900 -999.9900 -999.9900 -999.9900 -999.9900 -999.9900
   1 -999.9900 -999.9900 -999.9900 -999.9900 -999.9900 -999.9900 -999.9900 -999.9900 -999.9900
   1 -999.9900 -999.9900 -999.9900 -999.9900 -999.9900 -999.9900 -999.9900 -999.9900 -999.9900
    
2022121200
   1 -999.9900 -999.9900 -999.9900 -999.9900 -999.9900 -999.9900 -999.9900 -999.9900 -999.9900
   1 -999.9900 -999.9900 -999.9900 -999.9900 -999.9900 -999.9900 -999.9900 -999.9900 -999.9900
   1 -999.9900 -999.9900 -999.9900 -999.9900 -999.9900 -999.9900 -999.9900 -999.9900 -999.9900
   1 -999.9900 -999.9900 -999.9900 -999.9900 -999.9900 -999.9900 -999.9900 -999.9900 -999.9900
    
2022121300
   1 -999.9900 -999.9900 -999.9900 -999.9900 -999.9900 -999.9900 -999.9900 -999.9900 -999.9900
   1 -999.9900 -999.9900 -999.9900 -999.9900 -999.9900 -999.9900 -999.9900 -999.9900 -999.9900
   1 -999.9900 -999.9900 -999.9900 -999.9900 -999.9900 -999.9900 -999.9900 -999.9900 -999.9900
   1 -999.9900 -999.9900 -999.9900 -999.9900 -999.9900 -999.9900 -999.9900 -999.9900 -999.9900
    
2022121400
   1 -999.9900 -999.9900 -999.9900 -999.9900 -999.9900 -999.9900 -999.9900 -999.9900 -999.9900
   1 -999.9900 -999.9900 -999.9900 -999.9900 -999.9900 -999.9900 -999.9900 -999.9900 -999.9900
   1 -999.9900 -999.9900 -999.9900 -999.9900 -999.9900 -999.9900 -999.9900 -999.9900 -999.9900
   1 -999.9900 -999.9900 -999.9900 -999.9900 -999.9900 -999.9900 -999.9900 -999.9900 -999.9900
    
2022121500
   1 -999.9900 -999.9900 -999.9900 -999.9900 -999.9900 -999.9900 -999.9900 -999.9900 -999.9900
   1 -999.9900 -999.9900 -999.9900 -999.9900 -999.9900 -999.9900 -999.9900 -999.9900 -999.9900
   1 -999.9900 -999.9900 -999.9900 -999.9900 -999.9900 -999.9900 -999.9900 -999.9900 -999.9900
   1 -999.9900 -999.9900 -999.9900 -999.9900 -999.9900 -999.9900 -999.9900 -999.9900 -999.9900
    
2022121600
   1 -999.9900 -999.9900 -999.9900 -999.9900 -999.9900 -999.9900 -999.9900 -999.9900 -999.9900
   1 -999.9900 -999.9900 -999.9900 -999.9900 -999.9900 -999.9900 -999.9900 -999.9900 -999.9900
   1 -999.9900 -999.9900 -999.9900 -999.9900 -999.9900 -999.9900 -999.9900 -999.9900 -999.9900
   1 -999.9900 -999.9900 -999.9900 -999.9900 -999.9900 -999.9900 -999.9900 -999.9900 -999.9900
    
2022121700
   0    2.7052    1.4136    5.6070    5.6070    4.7482    0.1383    3.8103    0.1416    0.1126
   0    2.6047    1.4163    5.4486    5.4486    4.7873    0.2073    3.6926    0.1177    0.1193
   0    2.5578    1.3285    5.3113    5.3113    4.9407    0.1454    3.6362    0.1151    0.0991
   0    2.5256    1.3525    5.2788    5.2788    4.9179    0.1978    3.5974    0.1039    0.1060
    
2022121800
   0    2.3770    1.3391    4.8831    4.8831    5.2874   -0.0249    3.3769    0.0753    0.0827
   0    2.3725    1.3167    4.8533    4.8533    5.0657   -0.0698    3.3960    0.0856    0.0956
   0    2.3392    1.3474    4.8077    4.8077    5.2489   -0.0911    3.3435    0.0816    0.0713
   0    2.3487    1.3253    4.8121    4.8121    5.0897   -0.1006    3.3689    0.0863    0.0848
    
2022121900
   0    2.4045    1.2360    4.8921    4.8921    4.7687   -0.0273    3.4044    0.0868    0.1026
   0    2.4281    1.2705    4.9749    4.9749    4.8317   -0.0210    3.4477    0.0853    0.1109
   0    2.4562    1.2064    5.0287    5.0287    4.8133   -0.0173    3.4837    0.0845    0.1073
   0    2.4494    1.2414    5.0358    5.0358    4.8493   -0.0162    3.4833    0.0822    0.1102
    
2022122000
   0    2.5705    1.2279    5.2369    5.2369    4.8643    0.3137    3.6574    0.0980    0.1399
   0    2.4315    1.2330    4.9676    4.9676    4.8530    0.2363    3.4620    0.0828    0.1273
   0    2.5666    1.2664    5.2859    5.2859    4.8800    0.0751    3.6525    0.1015    0.1220
   0    2.5666    1.2664    5.2859    5.2859    4.8800    0.0751    3.6525    0.1015    0.1220
    
2022122100
   1 -999.9900 -999.9900 -999.9900 -999.9900 -999.9900 -999.9900 -999.9900 -999.9900 -999.9900
   0    2.4710    1.2353    5.1156    5.1156    4.8853    0.1599    3.4717    0.0856    0.1246
   0    2.5507    1.2767    5.2971    5.2971    4.7123   -0.0274    3.5353    0.1083    0.1069
   0    2.5507    1.2767    5.2971    5.2971    4.7123   -0.0274    3.5353    0.1083    0.1069
    
2022122200
   0    2.6997    1.2486    5.6687    5.6687    4.8126    0.2528    3.7883    0.1028    0.1242
   0    2.7074    1.1852    5.6524    5.6524    4.8205    0.1721    3.8051    0.0998    0.1392
   0    2.6762    1.2550    5.5940    5.5940    4.7790   -0.0317    3.7448    0.1057    0.1023
   0    2.6762    1.2550    5.5940    5.5940    4.7790   -0.0317    3.7448    0.1057    0.1023
    
2022122300
   0    2.6956    1.1508    5.5103    5.5103    4.8566   -0.1090    3.7589    0.1031    0.1199
   0    2.6264    1.1626    5.3925    5.3925    4.9826   -0.1426    3.6925    0.0912    0.1264
   0    2.6645    1.1332    5.4686    5.4686    4.8653   -0.3719    3.7272    0.1075    0.1033
   0    2.6645    1.1332    5.4686    5.4686    4.8653   -0.3719    3.7272    0.1075    0.1033
    
2022122400
   0    2.6286    1.1894    5.2885    5.2885    4.9087   -0.4488    3.7266    0.1153    0.0970
   0    2.6835    1.1508    5.3712    5.3712    4.9587   -0.5004    3.7839    0.1197    0.1052
   0    2.6659    1.1736    5.3781    5.3781    4.8797   -0.6772    3.7529    0.1225    0.0889
   0    2.6841    1.1399    5.4053    5.4053    4.9213   -0.6580    3.7738    0.1202    0.0919
    
2022122500
   0    2.4055    1.1316    4.8489    4.8489    4.7974   -0.2308    3.4179    0.1132    0.0915
   0    2.4086    1.1307    4.8584    4.8584    4.9042   -0.3822    3.4360    0.1100    0.0962
   0    2.4833    1.1334    5.0502    5.0502    4.8866   -0.4833    3.5254    0.1163    0.0848
   0    2.4464    1.1233    4.9758    4.9758    4.9256   -0.5409    3.4934    0.1146    0.0848
    
2022122600
   0    2.2836    1.1657    4.6552    4.6552    4.9580   -0.5574    3.2545    0.0982    0.0802
   0    2.3001    1.1530    4.7128    4.7128    5.0407   -0.6212    3.2995    0.0909    0.0847
   0    2.3318    1.1592    4.7895    4.7895    4.9165   -0.8604    3.3297    0.1074    0.0684
   0    2.3112    1.1409    4.7657    4.7657    5.0028   -0.8316    3.3178    0.0978    0.0715
    
2022122700
   0    2.1669    1.1835    4.2171    4.2171    4.9323   -0.4567    3.0303    0.1019    0.0841
   0    2.2485    1.1492    4.4181    4.4181    5.0419   -0.5891    3.1403    0.0966    0.0872
   0    2.1309    1.1503    4.1498    4.1498    4.9093   -0.4287    2.9937    0.0926    0.0825
   0    2.2093    1.1316    4.3377    4.3377    5.0161   -0.5502    3.1008    0.0934    0.0813
    
2022122800
   0    2.0191    1.2000    3.8870    3.8870    4.6616   -0.3453    2.7831    0.1029    0.0819
   0    2.0245    1.1178    3.9114    3.9114    4.6237   -0.5044    2.7934    0.1049    0.0822
   0    1.9770    1.1770    3.7982    3.7982    4.6040   -0.3582    2.7275    0.1007    0.0750
   0    1.9884    1.1090    3.8282    3.8282    4.6236   -0.4827    2.7401    0.1002    0.0754
    
2022122900
   0    2.1191    1.1852    4.1231    4.1231    4.7449   -0.4602    2.9803    0.1018    0.0792
   0    2.1086    1.1741    4.1133    4.1133    4.7435   -0.5972    2.9857    0.1047    0.0766
   0    2.1071    1.1773    4.1090    4.1090    4.7778   -0.4814    2.9689    0.1027    0.0685
   0    2.0973    1.1627    4.0917    4.0917    4.7782   -0.5801    2.9681    0.1024    0.0698
    
2022123000
   0    2.0397    1.1752    3.9377    3.9377    4.7383   -0.5182    2.9011    0.1056    0.0698
   0    2.0622    1.1577    4.0807    4.0807    4.7179   -0.5330    2.9648    0.0920    0.0681
   0    1.9987    1.1503    3.9002    3.9002    4.7557   -0.4927    2.8615    0.0903    0.0603
   0    2.0353    1.1452    4.0293    4.0293    4.7357   -0.5065    2.9265    0.0881    0.0620
    
2022123100
   0    2.0937    1.1750    4.0772    4.0772    4.6700   -0.3912    2.9735    0.1003    0.1045
   0    2.0482    1.1273    4.0048    4.0048    4.6427   -0.3951    2.9186    0.0932    0.0920
   0    2.0523    1.1357    4.0002    4.0002    4.6774   -0.3827    2.9109    0.0932    0.0841
   0    2.0326    1.1141    3.9767    3.9767    4.6485   -0.3882    2.8954    0.0906    0.0832
    
2023010100
   0    2.0836    1.1293    4.0789    4.0789    4.5978   -0.3056    2.8216    0.1117    0.1217
   0    2.0434    1.0886    4.0072    4.0072    4.6077   -0.1803    2.7988    0.0999    0.1222
   0    2.0383    1.1083    3.9962    3.9962    4.5493   -0.2783    2.7884    0.1081    0.1138
   0    2.0194    1.0806    3.9625    3.9625    4.5851   -0.1890    2.7725    0.0991    0.1148
    
2023010200
   0    2.0775    1.1279    4.0542    4.0542    4.6883   -0.3286    2.9160    0.0729    0.1218
   0    2.1362    1.1017    4.1873    4.1873    4.6245   -0.4427    3.0158    0.0869    0.1209
   0    2.0966    1.1126    4.1093    4.1093    4.6466   -0.3845    2.9532    0.0761    0.1217
   0    2.1292    1.0917    4.1779    4.1779    4.6269   -0.4534    3.0113    0.0836    0.1192
    
2023010300
   0    2.3160    1.1656    4.5193    4.5193    4.6625   -0.3519    3.2757    0.0905    0.1412
   0    2.3205    1.1229    4.5382    4.5382    4.6870   -0.3840    3.2812    0.0923    0.1342
   0    2.2951    1.1330    4.4924    4.4924    4.6043   -0.4264    3.2383    0.0894    0.1308
   0    2.3002    1.1073    4.5088    4.5088    4.6572   -0.4223    3.2513    0.0889    0.1275
    
2023010400
   0    2.1521    1.1424    4.2881    4.2881    4.4697    0.0434    3.0299    0.0764    0.1243
   0    2.2017    1.0972    4.3309    4.3309    4.5757   -0.0653    3.0978    0.0800    0.1187
   0    2.1709    1.1381    4.3176    4.3176    4.5196    0.0629    3.0387    0.0738    0.1184
   0    2.1978    1.0973    4.3305    4.3305    4.5925   -0.0318    3.0800    0.0768    0.1118
    
2023010500
   0    2.2029    1.1876    4.3174    4.3174    4.7077    0.0990    3.0566    0.0764    0.1213
   0    2.2601    1.1614    4.4443    4.4443    4.7312   -0.0491    3.1496    0.0806    0.1189
   0    2.1962    1.1711    4.3120    4.3120    4.6673    0.0690    3.0355    0.0754    0.1166
   0    2.2366    1.1494    4.4001    4.4001    4.7179   -0.0375    3.1048    0.0764    0.1134
    
2023010600
   0    2.0578    1.1954    4.2770    4.2770    4.5946    0.0252    2.8497    0.0723    0.1028
   0    2.0359    1.1511    4.1734    4.1734    4.5962   -0.0354    2.8117    0.0754    0.1050
   0    2.0680    1.1693    4.3140    4.3140    4.5831    0.0758    2.8682    0.0672    0.0999
   0    2.0408    1.1398    4.2063    4.2063    4.5991    0.0071    2.8172    0.0708    0.1010
    
2023010700
   0    1.9740    1.2415    4.0657    4.0657    4.5072    0.2844    2.7482    0.0750    0.1000
   0    1.9800    1.1756    4.0712    4.0712    4.5454    0.1799    2.7598    0.0662    0.0963
   0    1.9310    1.1955    4.0086    4.0086    4.5095    0.2786    2.6783    0.0593    0.0954
   0    1.9529    1.1611    4.0348    4.0348    4.5402    0.1973    2.7224    0.0595    0.0935
    
2023010800
   0    2.1421    1.1598    4.3229    4.3229    4.5270    0.0164    2.9902    0.0770    0.1001
   0    2.0215    1.1608    4.0966    4.0966    4.5555   -0.0891    2.8218    0.0750    0.0832
   0    2.1609    1.1421    4.3791    4.3791    4.5363   -0.0039    3.0401    0.0784    0.0973
   0    2.0526    1.1467    4.1710    4.1710    4.5618   -0.0802    2.8826    0.0740    0.0840
    
2023010900
   0    2.1855    1.2069    4.4339    4.4339    4.4903    0.0342    3.0339    0.0923    0.1085
   0    2.1485    1.1864    4.3349    4.3349    4.5639   -0.0164    2.9966    0.0913    0.0996
   0    2.1780    1.1564    4.4212    4.4212    4.5135    0.0455    3.0222    0.0871    0.0998
   0    2.1473    1.1576    4.3424    4.3424    4.5670    0.0006    2.9940    0.0872    0.0947
    
2023011000
   0    2.3042    1.1533    4.6390    4.6390    4.6436   -0.2413    3.2217    0.0936    0.1213
   0    2.2465    1.1635    4.5283    4.5283    4.7023   -0.3074    3.1337    0.0944    0.1073
   0    2.2823    1.1523    4.5934    4.5934    4.5713   -0.2454    3.2051    0.0950    0.1203
   0    2.2388    1.1568    4.5167    4.5167    4.6542   -0.2966    3.1330    0.0938    0.1070
    
2023011100
   0    2.4100    1.2217    4.8588    4.8588    4.7214   -0.1037    3.3721    0.1019    0.1103
   0    2.2990    1.1886    4.6425    4.6425    4.6682   -0.1763    3.2288    0.0992    0.0971
   0    2.4143    1.1981    4.8789    4.8789    4.6737   -0.1346    3.3910    0.1021    0.1089
   0    2.3185    1.1765    4.6894    4.6894    4.6607   -0.1803    3.2627    0.0979    0.0977
    
2023011200
   0    2.2937    1.1809    4.5396    4.5396    4.6668   -0.0036    3.2133    0.1011    0.0958
   0    2.2302    1.1601    4.3793    4.3793    4.6475   -0.0420    3.1451    0.1008    0.0915
   0    2.2922    1.1546    4.5157    4.5157    4.6912    0.0475    3.2233    0.0968    0.0997
   0    2.2369    1.1467    4.3942    4.3942    4.6688   -0.0036    3.1592    0.0958    0.0942
    
2023011300
   0    2.1404    1.1973    4.1034    4.1034    4.7464    0.0474    2.9898    0.0995    0.0913
   0    2.0816    1.1630    3.9648    3.9648    4.7259   -0.0062    2.9226    0.0913    0.0780
   0    2.1110    1.1803    4.0450    4.0450    4.7243    0.0843    2.9602    0.0916    0.0873
   0    2.0718    1.1562    3.9501    3.9501    4.7228    0.0266    2.9124    0.0872    0.0763
    
2023011400
   0    2.0209    1.1915    3.9345    3.9345    4.6536    0.0825    2.8419    0.0834    0.0851
   0    2.0541    1.1509    4.0351    4.0351    4.7599    0.0047    2.8921    0.0806    0.0837
   0    2.0321    1.1640    3.9806    3.9806    4.6671    0.0685    2.8706    0.0807    0.0844
   0    2.0534    1.1415    4.0429    4.0429    4.7458    0.0118    2.8957    0.0787    0.0832
    
2023011500
   0    2.5798    1.1897    5.0956    5.0956    4.8039   -0.0203    3.6265    0.1065    0.1222
   0    2.4750    1.1429    4.9278    4.9278    4.7596   -0.0777    3.4997    0.0994    0.1164
   0    2.5428    1.1606    5.0222    5.0222    4.7733   -0.0357    3.5885    0.1024    0.1212
   0    2.4713    1.1332    4.9142    4.9142    4.7531   -0.0754    3.4985    0.0967    0.1153
    
2023011600
   0    2.7020    1.1462    5.3080    5.3080    4.9346   -0.0091    3.7997    0.1108    0.1265
   0    2.5821    1.1011    5.0938    5.0938    4.8495   -0.0183    3.6230    0.1120    0.1148
   0    2.6305    1.1275    5.1854    5.1854    4.9448   -0.0236    3.7016    0.1018    0.1142
   0    2.5594    1.0973    5.0575    5.0575    4.8775   -0.0251    3.5993    0.1057    0.1069
    
2023011700
   0    2.5076    1.1421    5.0150    5.0150    4.7194    0.1357    3.5366    0.0887    0.1376
   0    2.4860    1.1084    4.9848    4.9848    4.8339    0.1043    3.5179    0.0939    0.1156
   0    2.3905    1.1094    4.7891    4.7891    4.6907    0.1428    3.3764    0.0781    0.1299
   0    2.4181    1.0941    4.8503    4.8503    4.7999    0.1149    3.4242    0.0856    0.1121
    
2023011800
   0    2.1827    1.1982    4.2000    4.2000    4.9396    0.1498    3.0603    0.0778    0.1115
   0    2.1594    1.1471    4.1555    4.1555    4.8568    0.1390    3.0106    0.0836    0.1088
   0    2.1379    1.1738    4.1165    4.1165    4.8608    0.1459    3.0021    0.0760    0.1009
   0    2.1319    1.1400    4.1074    4.1074    4.8325    0.1389    2.9798    0.0782    0.0998
    
2023011900
   0    2.1607    1.1858    4.2257    4.2257    4.8006    0.2367    3.0674    0.0708    0.1183
   0    2.0991    1.1635    4.0703    4.0703    4.8279    0.2727    2.9606    0.0691    0.1045
   0    2.1797    1.1736    4.2880    4.2880    4.7356    0.2544    3.1051    0.0698    0.1177
   0    2.1186    1.1569    4.1288    4.1288    4.7944    0.2761    2.9959    0.0683    0.1050
    
2023012000
   0    2.2494    1.1966    4.4683    4.4683    4.8412    0.0479    3.1226    0.0809    0.1116
   0    2.2334    1.1335    4.4516    4.4516    4.8273    0.0716    3.1084    0.0817    0.0996
   0    2.1974    1.1724    4.3853    4.3853    4.7811    0.0643    3.0767    0.0747    0.1052
   0    2.2031    1.1275    4.4032    4.4032    4.7965    0.0767    3.0785    0.0768    0.0943
    
2023012100
   0    2.4332    1.1631    5.2812    5.2812    4.6432   -0.0451    3.3488    0.0966    0.1063
   0    2.4133    1.1002    5.2080    5.2080    4.6636   -0.0124    3.3345    0.0954    0.1048
   0    2.4348    1.1429    5.2879    5.2879    4.6153   -0.0429    3.3454    0.0941    0.1040
   0    2.4152    1.0972    5.2215    5.2215    4.6490   -0.0176    3.3320    0.0914    0.1022
    
2023012200
   0    2.3057    1.1088    4.8502    4.8502    4.6046    0.1376    3.2585    0.1065    0.1080
   0    2.3205    1.0876    4.8682    4.8682    4.5238    0.1841    3.2971    0.1086    0.1051
   0    2.2561    1.1055    4.7857    4.7857    4.5433    0.1388    3.1769    0.1003    0.1009
   0    2.2723    1.0727    4.8090    4.8090    4.5022    0.1226    3.2141    0.1027    0.0959
    
2023012300
   0    2.2788    1.1186    4.6461    4.6461    4.5030    0.2465    3.2643    0.1089    0.1084
   0    2.3116    1.1157    4.6978    4.6978    4.5750    0.2617    3.3202    0.1021    0.1103
   0    2.2490    1.0967    4.5710    4.5710    4.5461    0.2123    3.2197    0.1105    0.0950
   0    2.2861    1.1008    4.6456    4.6456    4.5895    0.2313    3.2856    0.1025    0.0995
    
2023012400
   0    2.4123    1.1459    4.7714    4.7714    4.6403   -0.0991    3.3333    0.1336    0.1038
   0    2.3784    1.1224    4.7342    4.7342    4.7085    0.0004    3.3138    0.1263    0.1019
   0    2.3754    1.1175    4.7127    4.7127    4.5979   -0.0539    3.2946    0.1297    0.0993
   0    2.3610    1.1054    4.7014    4.7014    4.6775    0.0065    3.2930    0.1244    0.0972
    
2023012500
   0    2.5850    1.1655    5.2613    5.2613    4.6922    0.3757    3.6326    0.1115    0.1059
   0    2.6487    1.1179    5.4181    5.4181    4.7574    0.3847    3.7136    0.1141    0.1159
   0    2.5678    1.1222    5.2301    5.2301    4.6161    0.3990    3.6010    0.1101    0.1040
   0    2.6247    1.0995    5.3648    5.3648    4.7031    0.3958    3.6783    0.1120    0.1107
    
2023012600
   0    2.3997    1.2148    4.7760    4.7760    4.8779    0.4060    3.3891    0.1005    0.1009
   0    2.4799    1.1571    4.9457    4.9457    4.8821    0.4015    3.5343    0.1049    0.1108
   0    2.4191    1.1493    4.7969    4.7969    4.7850    0.4059    3.4407    0.1015    0.1015
   0    2.4763    1.1323    4.9276    4.9276    4.8232    0.4024    3.5347    0.1052    0.1095
    
2023012700
   0    2.4771    1.1504    4.8835    4.8835    4.8073    0.4043    3.5347    0.1209    0.1247
   0    2.5086    1.1051    4.9554    4.9554    4.8252    0.4044    3.5689    0.1169    0.1230
   0    2.5342    1.1311    4.9936    4.9936    4.8798    0.4393    3.6096    0.1202    0.1249
   0    2.5373    1.1034    5.0107    5.0107    4.8593    0.4321    3.6088    0.1167    0.1222
    
2023012800
   0    2.4092    1.2012    4.7606    4.7606    4.8878    0.3500    3.4104    0.1211    0.1153
   0    2.4394    1.1682    4.8965    4.8965    4.8399    0.4220    3.4674    0.1231    0.0985
   0    2.3659    1.1788    4.6960    4.6960    4.8430    0.3433    3.3688    0.1123    0.1011
   0    2.4077    1.1580    4.8362    4.8362    4.8274    0.4072    3.4312    0.1153    0.0941
    
2023012900
   0    2.2804    1.2335    4.7390    4.7390    4.7537    0.2612    3.2269    0.0938    0.0949
   0    2.3506    1.1899    4.8855    4.8855    4.8785    0.3460    3.3383    0.0998    0.0922
   0    2.3541    1.2318    4.9152    4.9152    4.8424    0.2964    3.3502    0.0972    0.0959
   0    2.3742    1.1903    4.9469    4.9469    4.9118    0.3548    3.3783    0.0983    0.0931
    
2023013000
   0    2.3721    1.3698    4.7860    4.7860    4.7992    0.2560    3.3432    0.0840    0.1202
   0    2.3896    1.3003    4.8411    4.8411    4.8887    0.3423    3.3996    0.0837    0.1154
   0    2.3468    1.3467    4.7542    4.7542    4.7665    0.2723    3.3295    0.0798    0.1202
   0    2.3641    1.2942    4.8007    4.8007    4.8622    0.3348    3.3753    0.0780    0.1112
    
2023013100
   0    2.1219    1.3176    4.3009    4.3009    4.7812    0.3033    2.9787    0.0736    0.0884
   0    2.1996    1.2349    4.5156    4.5156    4.8407    0.4015    3.1171    0.0727    0.0898
   0    2.0905    1.2856    4.2563    4.2563    4.6955    0.3068    2.9337    0.0692    0.0906
   0    2.1603    1.2280    4.4393    4.4393    4.7867    0.3839    3.0568    0.0699    0.0881
    
2023020100
   0    2.0498    1.3305    3.9503    3.9503    4.8245    0.2847    2.8147    0.0718    0.1172
   0    2.0215    1.1860    3.9421    3.9421    4.8793    0.3738    2.7951    0.0677    0.1039
   0    1.9756    1.2554    3.8039    3.8039    4.7833    0.3247    2.7122    0.0612    0.1089
   0    1.9831    1.1685    3.8529    3.8529    4.8469    0.3800    2.7392    0.0608    0.1007
    
2023020200
   0    2.2085    1.3090    4.4219    4.4219    4.7650    0.0656    3.0786    0.0762    0.1193
   0    2.0853    1.1468    4.1140    4.1140    4.8945    0.1888    2.9228    0.0628    0.1003
   0    2.2027    1.2935    4.4282    4.4282    4.7421    0.0679    3.0978    0.0706    0.1115
   0    2.0925    1.1563    4.1487    4.1487    4.8837    0.1655    2.9460    0.0584    0.0953
    
2023020300
   0    2.1716    1.2309    4.3639    4.3639    4.7787    0.0275    3.0571    0.0812    0.1074
   0    2.2202    1.1709    4.4876    4.4876    4.9096    0.1455    3.1462    0.0787    0.1034
   0    2.1828    1.2049    4.4128    4.4128    4.7054    0.0194    3.0797    0.0786    0.1098
   0    2.2088    1.1598    4.4764    4.4764    4.8554    0.1171    3.1310    0.0758    0.1028
    
2023020400
   0    2.1983    1.1591    4.5709    4.5709    4.7963    0.0534    3.0682    0.0749    0.0969
   0    2.2613    1.1465    4.7365    4.7365    4.9393    0.0448    3.1717    0.0689    0.0966
   0    2.2149    1.1745    4.6112    4.6112    4.7506   -0.0345    3.1114    0.0715    0.0974
   0    2.2465    1.1463    4.7006    4.7006    4.9104   -0.0062    3.1578    0.0674    0.0918
    
2023020500
   0    2.1981    1.2828    4.4635    4.4635    5.0754   -0.0079    3.1358    0.0650    0.0819
   0    2.1644    1.2170    4.4234    4.4234    5.0222    0.0209    3.0886    0.0620    0.0828
   0    2.1470    1.2310    4.3916    4.3916    4.9647    0.0521    3.0549    0.0610    0.0772
   0    2.1258    1.1725    4.3682    4.3682    4.9191    0.0780    3.0265    0.0576    0.0794
    
2023020600
   0    2.1307    1.2621    4.3306    4.3306    4.7146   -0.0494    3.0132    0.0803    0.0952
   0    2.1307    1.2621    4.3306    4.3306    4.7146   -0.0494    3.0132    0.0803    0.0952
   0    2.1418    1.2160    4.3251    4.3251    4.8326   -0.0613    3.0212    0.0811    0.0865
   0    2.1505    1.1851    4.3381    4.3381    4.8221    0.0183    3.0700    0.0769    0.0899
    
2023020700
   0    2.5839    1.2678    5.2319    5.2319    4.7152    0.1764    3.6435    0.1318    0.1203
   0    2.5221    1.1958    5.0868    5.0868    4.7524    0.2419    3.5774    0.1247    0.1137
   0    2.4341    1.2038    4.9107    4.9107    4.7359    0.2055    3.4690    0.1174    0.1028
   0    2.4436    1.1706    4.9201    4.9201    4.7585    0.2463    3.4825    0.1172    0.1047
    
2023020800
   0    2.6549    1.2396    5.4184    5.4184    4.5882    0.5032    3.7151    0.1125    0.1422
   0    2.6470    1.1735    5.3477    5.3477    4.6726    0.5034    3.7330    0.1103    0.1278
   0    2.5551    1.1774    5.2007    5.2007    4.6075    0.4474    3.5884    0.1107    0.1256
   0    2.5885    1.1507    5.2325    5.2325    4.6650    0.4699    3.6560    0.1074    0.1210
    
2023020900
   0    2.5135    1.2528    5.1033    5.1033    4.7276    0.3673    3.5663    0.1179    0.1317
   0    2.5375    1.2222    5.2299    5.2299    4.7276    0.3777    3.5939    0.1154    0.1274
   0    2.4463    1.2192    4.9714    4.9714    4.6166    0.3536    3.4900    0.1158    0.1289
   0    2.4908    1.2068    5.1260    5.1260    4.6642    0.3674    3.5436    0.1140    0.1256
    
2023021000
   0    2.3976    1.2459    4.7899    4.7899    4.4884    0.0136    3.3739    0.1233    0.1226
   0    2.4257    1.2154    4.8537    4.8537    4.5679    0.0746    3.4147    0.1192    0.1234
   0    2.3776    1.2202    4.7704    4.7704    4.5380   -0.0374    3.3588    0.1183    0.1166
   0    2.4005    1.1984    4.8096    4.8096    4.6020    0.0319    3.3843    0.1154    0.1167
    
2023021100
   0    2.3636    1.2528    4.6273    4.6273    4.4582    0.0312    3.2962    0.1165    0.1472
   0    2.4230    1.1708    4.7502    4.7502    4.5917    0.0598    3.4061    0.1099    0.1291
   1 -999.9900 -999.9900 -999.9900 -999.9900 -999.9900 -999.9900 -999.9900 -999.9900 -999.9900
   1 -999.9900 -999.9900 -999.9900 -999.9900 -999.9900 -999.9900 -999.9900 -999.9900 -999.9900
    
2023021200
   0    2.3682    1.2226    4.7905    4.7905    4.6432    0.0783    3.3786    0.0937    0.1158
   0    2.4092    1.1698    4.8520    4.8520    4.6409    0.0656    3.4363    0.1079    0.1117
   0    2.3611    1.2346    4.7910    4.7910    4.5905   -0.0649    3.3558    0.1013    0.1080
   0    2.3854    1.1742    4.8309    4.8309    4.6239   -0.0636    3.3899    0.1073    0.1051
    
2023021300
   0    2.3314    1.2671    4.6984    4.6984    4.5350    0.0658    3.2868    0.1100    0.1099
   0    2.3306    1.1967    4.6899    4.6899    4.5632    0.0372    3.3103    0.1085    0.0991
   0    2.3709    1.2586    4.7929    4.7929    4.6385    0.0654    3.3549    0.1078    0.1047
   0    2.3510    1.2044    4.7414    4.7414    4.6263    0.0428    3.3437    0.1059    0.0978
    
2023021400
   0    2.2307    1.2972    4.4294    4.4294    4.7184    0.1770    3.1103    0.0865    0.1011
   0    2.2216    1.2244    4.4099    4.4099    4.6960    0.1562    3.1403    0.0870    0.0948
   0    2.2206    1.2661    4.4067    4.4067    4.6704    0.1903    3.1181    0.0828    0.0958
   0    2.2189    1.2224    4.4058    4.4058    4.6667    0.1683    3.1355    0.0853    0.0929
    
2023021500
   0    2.0683    1.3220    4.1837    4.1837    4.7794   -0.0104    2.8617    0.0697    0.0736
   0    2.1128    1.2449    4.2966    4.2966    4.7442   -0.0018    2.9412    0.0704    0.0782
   0    2.0313    1.3110    4.1385    4.1385    4.7028   -0.0606    2.8139    0.0700    0.0645
   0    2.0751    1.2492    4.2304    4.2304    4.7152   -0.0363    2.8886    0.0699    0.0718
    
2023021600
   0    1.9021    1.3939    3.7569    3.7569    4.6342   -0.2109    2.6499    0.0542    0.0720
   0    1.9044    1.2862    3.7426    3.7426    4.6125   -0.1348    2.6608    0.0571    0.0789
   0    1.9122    1.3261    3.7739    3.7739    4.7061   -0.1851    2.6827    0.0523    0.0663
   0    1.9073    1.2667    3.7571    3.7571    4.6584   -0.1380    2.6734    0.0551    0.0738
    
2023021700
   0    2.0438    1.2766    3.9284    3.9284    4.6352   -0.1363    2.8852    0.0823    0.0894
   0    2.0657    1.2522    3.9865    3.9865    4.7299   -0.1478    2.9138    0.0813    0.0858
   0    2.0139    1.2347    3.8733    3.8733    4.6641   -0.1477    2.8318    0.0762    0.0834
   0    2.0447    1.2333    3.9464    3.9464    4.7242   -0.1523    2.8765    0.0778    0.0822
    
2023021800
   0    2.1129    1.2779    4.0351    4.0351    4.7398   -0.2309    2.9373    0.0934    0.0776
   0    2.0897    1.2241    3.9982    3.9982    4.6610   -0.1795    2.9143    0.0950    0.0833
   0    2.0912    1.2537    4.0048    4.0048    4.7629   -0.2246    2.9233    0.0918    0.0762
   0    2.0774    1.2158    3.9824    3.9824    4.6954   -0.1860    2.9079    0.0910    0.0798
    
2023021900
   0    2.1870    1.2970    4.1656    4.1656    4.7183   -0.0426    3.0677    0.1185    0.0706
   0    2.1154    1.2029    3.9753    3.9753    4.7057   -0.0436    2.9687    0.1006    0.0751
   0    2.1032    1.2867    3.9821    3.9821    4.7477   -0.0259    2.9383    0.1107    0.0630
   0    2.0724    1.2108    3.8913    3.8913    4.7337   -0.0333    2.9059    0.0979    0.0653
    
2023022000
   0    2.2077    1.3035    4.4438    4.4438    4.6269    0.1032    3.0942    0.0877    0.0914
   0    2.1219    1.1827    4.2648    4.2648    4.7337    0.0991    2.9879    0.0830    0.0798
   0    2.1382    1.2516    4.3018    4.3018    4.6353    0.1313    3.0042    0.0869    0.0839
   0    2.1015    1.1802    4.2256    4.2256    4.7061    0.1168    2.9654    0.0834    0.0764
    
2023022100
   0    2.0845    1.3039    4.0592    4.0592    4.6558    0.2205    2.9279    0.0800    0.0887
   0    2.0636    1.2226    3.9978    3.9978    4.6064    0.2078    2.9192    0.0757    0.0873
   0    2.0641    1.2779    4.0190    4.0190    4.6838    0.2239    2.9048    0.0754    0.0811
   0    2.0549    1.2233    3.9863    3.9863    4.6327    0.2124    2.9058    0.0728    0.0822
    
2023022200
   0    2.1019    1.3602    4.1722    4.1722    4.5375    0.0557    2.9480    0.0861    0.0770
   0    2.0659    1.2376    4.0839    4.0839    4.5320    0.0839    2.9064    0.0833    0.0756
   0    2.0897    1.2935    4.1371    4.1371    4.5774    0.0759    2.9383    0.0767    0.0755
   0    2.0646    1.2215    4.0782    4.0782    4.5588    0.0904    2.9072    0.0773    0.0750
    
2023022300
   0    2.4538    1.2738    4.9426    4.9426    4.7948    0.1324    3.4769    0.1059    0.1247
   0    2.3634    1.1905    4.7294    4.7294    4.7217    0.0798    3.3557    0.1017    0.1216
   0    2.3169    1.2374    4.6965    4.6965    4.8026    0.0961    3.2924    0.0892    0.1107
   0    2.2933    1.1821    4.6135    4.6135    4.7493    0.0686    3.2620    0.0916    0.1101
    
2023022400
   0    2.2027    1.2243    4.3424    4.3424    4.7262   -0.0462    3.1160    0.1094    0.1030
   0    2.2650    1.1666    4.5539    4.5539    4.7882    0.0174    3.2492    0.1044    0.1059
   0    2.1758    1.1994    4.2880    4.2880    4.7065   -0.0316    3.0697    0.0990    0.0992
   0    2.2298    1.1590    4.4627    4.4627    4.7821    0.0090    3.1877    0.0968    0.0997
    
2023022500
   0    2.3151    1.2308    4.5137    4.5137    4.5569   -0.0799    3.2842    0.1324    0.1047
   0    2.2685    1.1792    4.4374    4.4374    4.6418   -0.1029    3.2148    0.1206    0.0985
   0    2.3244    1.1816    4.5581    4.5581    4.6361   -0.0726    3.2943    0.1222    0.0973
   0    2.2796    1.1593    4.4745    4.4745    4.6761   -0.0939    3.2308    0.1180    0.0954
    
2023022600
   0    2.4528    1.2585    4.8777    4.8777    4.6793   -0.2335    3.4556    0.1427    0.0919
   0    2.4603    1.1914    4.9333    4.9333    4.7595   -0.2628    3.5080    0.1385    0.0948
   0    2.4477    1.2279    4.9012    4.9012    4.6700   -0.2714    3.4639    0.1442    0.0875
   0    2.4517    1.1842    4.9304    4.9304    4.7441   -0.2797    3.4976    0.1384    0.0907
    
2023022700
   1 -999.9900 -999.9900 -999.9900 -999.9900 -999.9900 -999.9900 -999.9900 -999.9900 -999.9900
   0    2.6453    1.1720    5.3356    5.3356    4.7940   -0.4263    3.7563    0.1611    0.0964
   0    2.5252    1.1934    5.1171    5.1171    4.7902   -0.3670    3.5999    0.1438    0.0931
   0    2.5687    1.1610    5.1940    5.1940    4.8057   -0.4209    3.6668    0.1508    0.0916
    
2023022800
   0    2.3724    1.3661    4.6420    4.6420    4.6647   -0.3524    3.3130    0.1269    0.0966
   0    2.4782    1.2257    4.8119    4.8119    4.7150   -0.3874    3.4855    0.1390    0.0883
   0    2.3763    1.2976    4.6741    4.6741    4.6237   -0.3699    3.3264    0.1206    0.0841
   0    2.4609    1.2167    4.8036    4.8036    4.6739   -0.3910    3.4623    0.1325    0.0838
    
2023030100
   0    2.5015    1.3475    5.1297    5.1297    4.8353   -0.3068    3.5642    0.1261    0.0836
   0    2.4701    1.2793    5.0202    5.0202    4.8392   -0.3769    3.5308    0.1201    0.0800
   0    2.4483    1.3254    5.0356    5.0356    4.7923   -0.2640    3.4909    0.1100    0.0790
   0    2.4411    1.2771    4.9825    4.9825    4.8157   -0.3372    3.4924    0.1105    0.0770
    
2023030200
   0    2.4720    1.3267    5.0165    5.0165    4.8800   -0.0559    3.5238    0.1011    0.0948
   0    2.4345    1.2533    4.9423    4.9423    4.8629   -0.1797    3.4832    0.1047    0.0882
   0    2.4508    1.3085    4.9803    4.9803    4.9221   -0.0638    3.4963    0.0961    0.0871
   0    2.4252    1.2542    4.9310    4.9310    4.8958   -0.1596    3.4710    0.0994    0.0837
    
2023030300
   0    2.3389 -999.9900    4.7301    4.7301    4.7244   -0.0005    3.3171    0.0923    0.0952
   0    2.3754 -999.9900    4.8578    4.8578    4.8524   -0.0540    3.3836    0.0944    0.0902
   0    2.2590 -999.9900    4.5564    4.5564    4.7058   -0.0003    3.2081    0.0859    0.0917
   0    2.3110 -999.9900    4.7055    4.7055    4.8416   -0.0431    3.2946    0.0882    0.0876
    
2023030400
   0    2.0937 -999.9900    4.1873    4.1873    4.8494    0.0415    2.9223    0.0680    0.0726
   0    2.1155 -999.9900    4.2246    4.2246    4.8870    0.0079    2.9779    0.0721    0.0769
   0    2.1133 -999.9900    4.2280    4.2280    4.8630    0.1183    2.9617    0.0639    0.0749
   0    2.1206 -999.9900    4.2396    4.2396    4.8890    0.0608    2.9877    0.0674    0.0771
    
2023030500
   0    2.1980 -999.9900    4.4425    4.4425    4.5877   -0.1882    3.1592    0.0873    0.0707
   0    2.2365 -999.9900    4.5222    4.5222    4.6579   -0.2245    3.2349    0.0899    0.0801
   0    2.1476 -999.9900    4.3232    4.3232    4.6697   -0.1676    3.0859    0.0723    0.0664
   0    2.1934 -999.9900    4.4273    4.4273    4.7003   -0.2049    3.1676    0.0791    0.0734
    
2023030600
   0    2.3510 -999.9900    4.7801    4.7801    4.6500   -0.1652    3.3723    0.0793    0.1041
   0    2.3486 -999.9900    4.7616    4.7616    4.6792   -0.2104    3.3953    0.0860    0.1002
   0    2.3175 -999.9900    4.6738    4.6738    4.6826   -0.1652    3.3237    0.0723    0.1037
   0    2.3278 -999.9900    4.7027    4.7027    4.6914   -0.2013    3.3614    0.0809    0.0992
    
2023030700
   0    2.3997 -999.9900    4.8382    4.8382    4.5259   -0.1542    3.3908    0.0947    0.1000
   0    2.3206 -999.9900    4.6819    4.6819    4.5980   -0.1312    3.2792    0.0877    0.0936
   0    2.3617 -999.9900    4.7881    4.7881    4.6053   -0.1788    3.3259    0.0802    0.0879
   0    2.3091 -999.9900    4.6803    4.6803    4.6325   -0.1506    3.2564    0.0784    0.0865
    
2023030800
   0    2.3452 -999.9900    4.6978    4.6978    4.6857   -0.0875    3.2918    0.1054    0.0738
   0    2.3130 -999.9900    4.6155    4.6155    4.6795   -0.1236    3.2724    0.0980    0.0798
   0    2.3576 -999.9900    4.7520    4.7520    4.6700   -0.1306    3.2982    0.1045    0.0733
   0    2.3228 -999.9900    4.6580    4.6580    4.6787   -0.1422    3.2752    0.0982    0.0777
    
2023030900
   0    2.5275 -999.9900    4.9629    4.9629    4.5026    0.1050    3.5281    0.1200    0.1051
   0    2.4321 -999.9900    4.7846    4.7846    4.6058    0.0655    3.4209    0.1040    0.0993
   0    2.4769 -999.9900    4.9005    4.9005    4.5049    0.1745    3.4729    0.1108    0.0995
   0    2.4161 -999.9900    4.7754    4.7754    4.5937    0.1151    3.4080    0.1010    0.0939
    
2023031000
   0    2.3856 -999.9900    4.7359    4.7359    4.5859    0.2410    3.3221    0.0908    0.1027
   0    2.3683 -999.9900    4.6876    4.6876    4.6209    0.2226    3.2973    0.0882    0.1027
   0    2.3490 -999.9900    4.6773    4.6773    4.5590    0.2672    3.2995    0.0829    0.0945
   0    2.3481 -999.9900    4.6614    4.6614    4.5985    0.2421    3.2881    0.0834    0.0959
    
2023031100
   0    2.4154 -999.9900    4.6621    4.6621    4.6382   -0.0054    3.3875    0.1079    0.1037
   0    2.4412 -999.9900    4.7261    4.7261    4.6400   -0.0836    3.4449    0.1114    0.0996
   0    2.4120 -999.9900    4.6456    4.6456    4.6028    0.0588    3.4060    0.1086    0.1029
   0    2.4286 -999.9900    4.6944    4.6944    4.6283   -0.0294    3.4381    0.1102    0.0976
    
2023031200
   0    2.3988 -999.9900    4.6075    4.6075    4.6479   -0.2205    3.3830    0.1150    0.0913
   0    2.3218 -999.9900    4.4801    4.4801    4.7349   -0.1965    3.2939    0.1004    0.0922
   0    2.3818 -999.9900    4.5735    4.5735    4.6403   -0.1640    3.3572    0.1102    0.0953
   0    2.3246 -999.9900    4.4863    4.4863    4.7116   -0.1674    3.2976    0.1001    0.0940
    
2023031300
   0    2.1787 -999.9900    4.1964    4.1964    4.7755    0.1444    3.0854    0.0906    0.0822
   0    2.1494 -999.9900    4.1428    4.1428    4.7498    0.1190    3.0544    0.0890    0.0770
   0    2.1427 -999.9900    4.1176    4.1176    4.8155    0.0843    3.0341    0.0857    0.0709
   0    2.1320 -999.9900    4.1032    4.1032    4.7812    0.0880    3.0260    0.0859    0.0696
    
2023031400
   0    2.1558 -999.9900    4.1767    4.1767    4.5040    0.2538    3.0428    0.0875    0.1021
   0    2.1799 -999.9900    4.2163    4.2163    4.6271    0.2622    3.0810    0.0894    0.0951
   0    2.1424 -999.9900    4.1808    4.1808    4.5750    0.2717    3.0321    0.0803    0.0947
   0    2.1586 -999.9900    4.1922    4.1922    4.6607    0.2713    3.0573    0.0831    0.0888
    
2023031500
   0    2.1796 -999.9900    4.3234    4.3234    4.6373    0.0820    3.0706    0.0859    0.0790
   0    2.1702 -999.9900    4.3026    4.3026    4.6793    0.0954    3.0660    0.0812    0.0776
   0    2.1417 -999.9900    4.2595    4.2595    4.6874    0.0984    3.0086    0.0764    0.0736
   0    2.1603 -999.9900    4.2687    4.2687    4.7109    0.1049    3.0463    0.0775    0.0772
    
2023031600
   0    2.2752 -999.9900    4.4747    4.4747    4.5573    0.1877    3.1870    0.0992    0.0874
   0    2.2430 -999.9900    4.4131    4.4131    4.6213    0.2626    3.1391    0.0889    0.0867
   0    2.2679 -999.9900    4.4983    4.4983    4.5630    0.1930    3.1806    0.0960    0.0840
   0    2.2294 -999.9900    4.4049    4.4049    4.6387    0.2567    3.1274    0.0868    0.0828
    
2023031700
   0    2.1483 -999.9900    4.1533    4.1533    4.6667    0.2442    2.9749    0.0815    0.0865
   0    2.1792 -999.9900    4.2148    4.2148    4.6068    0.2151    3.0384    0.0774    0.0919
   0    2.1634 -999.9900    4.2126    4.2126    4.6691    0.2315    3.0183    0.0797    0.0835
   0    2.1822 -999.9900    4.2426    4.2426    4.6176    0.2143    3.0524    0.0754    0.0877
    
2023031800
   0    2.1774 -999.9900    4.1294    4.1294    4.6059    0.0835    3.0667    0.0911    0.0821
   0    2.1152 -999.9900    3.9715    3.9715    4.6804    0.0109    2.9565    0.0948    0.0780
   0    2.1276 -999.9900    4.0339    4.0339    4.6364    0.1050    2.9920    0.0877    0.0775
   0    2.0951 -999.9900    3.9371    3.9371    4.6884    0.0453    2.9279    0.0923    0.0741
    
2023031900
   0    2.1570 -999.9900    4.0807    4.0807    4.6323   -0.1061    3.0076    0.0959    0.0782
   0    2.0696 -999.9900    3.9182    3.9182    4.6246   -0.1220    2.8673    0.0887    0.0750
   0    2.1073 -999.9900    3.9755    3.9755    4.6231   -0.0665    2.9342    0.0921    0.0742
   0    2.0551 -999.9900    3.8844    3.8844    4.6223   -0.0951    2.8474    0.0871    0.0724
    
2023032000
   0    2.4340 -999.9900    4.8055    4.8055    4.6208   -0.0113    3.4052    0.1095    0.1169
   0    2.3288 -999.9900    4.5923    4.5923    4.6625   -0.0390    3.2840    0.1015    0.1016
   0    2.3745 -999.9900    4.6733    4.6733    4.6425   -0.0004    3.3442    0.1008    0.1102
   0    2.3145 -999.9900    4.5568    4.5568    4.6641   -0.0269    3.2682    0.0980    0.0972
    
2023032100
   0    2.4767 -999.9900    4.9139    4.9139    4.4103   -0.1605    3.4802    0.1293    0.0926
   0    2.4937 -999.9900    4.9606    4.9606    4.5249   -0.1768    3.5282    0.1230    0.0970
   0    2.4545 -999.9900    4.8863    4.8863    4.4093   -0.1033    3.4549    0.1202    0.0918
   0    2.4748 -999.9900    4.9318    4.9318    4.5045   -0.1392    3.5005    0.1189    0.0947
    
2023032200
   0    2.4208 -999.9900    4.7080    4.7080    4.4731   -0.1135    3.4092    0.1245    0.0986
   0    2.4726 -999.9900    4.8547    4.8547    4.5199   -0.1117    3.4640    0.1243    0.1015
   0    2.4182 -999.9900    4.6986    4.6986    4.4967   -0.0753    3.4084    0.1191    0.1008
   0    2.4549 -999.9900    4.8102    4.8102    4.5351   -0.0892    3.4461    0.1206    0.0973
    
2023032300
   0    2.3556 -999.9900    4.6068    4.6068    4.6488   -0.2275    3.3424    0.1184    0.0804
   0    2.2873 -999.9900    4.4413    4.4413    4.6471   -0.1604    3.2408    0.1121    0.0856
   0    2.3663 -999.9900    4.6623    4.6623    4.6303   -0.1776    3.3546    0.1175    0.0847
   0    2.3005 -999.9900    4.4956    4.4956    4.6499   -0.1438    3.2636    0.1114    0.0837
    
2023032400
   0    2.2933 -999.9900    4.4656    4.4656    4.4719    0.1310    3.2384    0.1094    0.1087
   0    2.1944 -999.9900    4.2705    4.2705    4.5729    0.1070    3.1055    0.0990    0.0915
   0    2.2632 -999.9900    4.3991    4.3991    4.5250    0.1360    3.2111    0.1042    0.1027
   0    2.1932 -999.9900    4.2683    4.2683    4.5841    0.1148    3.1155    0.0976    0.0888
    
2023032500
   0    2.3344 -999.9900    4.5250    4.5250    4.4949    0.0571    3.3334    0.1091    0.1071
   0    2.2941 -999.9900    4.4787    4.4787    4.4717    0.0278    3.2828    0.1066    0.0977
   0    2.3524 -999.9900    4.5846    4.5846    4.4757    0.0805    3.3663    0.1070    0.1068
   0    2.3073 -999.9900    4.5158    4.5158    4.4737    0.0477    3.3054    0.1052    0.0963
    
2023032600
   0    2.2725 -999.9900    4.4723    4.4723    4.6124    0.0910    3.2002    0.0922    0.0845
   0    2.2238 -999.9900    4.4225    4.4225    4.5726    0.0938    3.1205    0.0930    0.0774
   0    2.2802 -999.9900    4.4957    4.4957    4.6087    0.0991    3.2180    0.0865    0.0863
   0    2.2343 -999.9900    4.4395    4.4395    4.5857    0.0981    3.1451    0.0876    0.0792
    
2023032700
   0    2.2007 -999.9900    4.3707    4.3707    4.6760    0.1449    3.0842    0.0924    0.0858
   0    2.1129 -999.9900    4.2106    4.2106    4.6140    0.1238    2.9749    0.0807    0.0726
   0    2.1980 -999.9900    4.3961    4.3961    4.7166    0.1134    3.0875    0.0882    0.0795
   0    2.1335 -999.9900    4.2714    4.2714    4.6393    0.1092    3.0022    0.0805    0.0708
    
2023032800
   0    2.2351 -999.9900    4.4643    4.4643    4.6042    0.2508    3.1141    0.1024    0.0861
   0    2.1696 -999.9900    4.3433    4.3433    4.6182    0.2221    3.0316    0.0915    0.0811
   0    2.2541 -999.9900    4.5379    4.5379    4.5678    0.2613    3.1373    0.1025    0.0852
   0    2.1891 -999.9900    4.4037    4.4037    4.6030    0.2342    3.0566    0.0919    0.0798
    
2023032900
   0    2.1371 -999.9900    4.0521    4.0521    4.4422    0.2241    3.0013    0.1230    0.0913
   0    2.1724 -999.9900    4.1837    4.1837    4.4228    0.1940    3.0555    0.1207    0.0946
   0    2.1249 -999.9900    4.0428    4.0428    4.4172    0.1765    2.9931    0.1235    0.0862
   0    2.1582 -999.9900    4.1517    4.1517    4.4126    0.1715    3.0405    0.1206    0.0898
    
2023033000
   0    2.1702 -999.9900    4.1460    4.1460    4.3964    0.2332    3.0573    0.0952    0.0996
   0    2.1631 -999.9900    4.1287    4.1287    4.4261    0.1856    3.0429    0.0978    0.1004
   0    2.1288 -999.9900    4.0722    4.0722    4.3628    0.2309    2.9955    0.0913    0.0984
   0    2.1392 -999.9900    4.0895    4.0895    4.3988    0.1938    3.0084    0.0945    0.0970
    
2023033100
   0    2.2294 -999.9900    4.3296    4.3296    4.3766    0.1001    3.0944    0.0963    0.1016
   0    2.2308 -999.9900    4.3591    4.3591    4.4414    0.0311    3.1264    0.1016    0.0964
   0    2.1563 -999.9900    4.2025    4.2025    4.3810    0.0781    2.9990    0.0878    0.0914
   0    2.1831 -999.9900    4.2722    4.2722    4.4364    0.0317    3.0626    0.0924    0.0892
    
