 day  2015041100
      0       0       0
      0       0       0
      0       0       0
      0       0       0
 day  2015041200
      0       0       0
      0       0       0
      0       0       0
      0       0       0
 day  2015041300
      0       0       0
      0       0       0
      0       0       0
      0       0       0
 day  2015041400
      0       0       0
      0       0       0
      0       0       0
      0       0       0
 day  2015041500
      0       0       0
      0       0       0
      0       0       0
      0       0       0
 day  2015041600
      0       0       0
      0       0       0
      0       0       0
      0       0       0
 day  2015041700
      0       0       0
      0       0       0
      0       0       0
      0       0       0
 day  2015041800
      0       0       0
      0       0       0
      0       0       0
      0       0       0
 day  2015041900
     64      64    5616
     64      64    5616
     64      64    5808
      0       0       0
 day  2015042000
      0       0       0
      0       0       0
      0       0       0
      0       0       0
 day  2015042100
      0       0       0
      0       0       0
      0       0       0
      0       0       0
 day  2015042200
      0       0       0
      0       0       0
      0       0       0
      0       0       0
 day  2015042300
      0       0       0
      0       0       0
      0       0       0
      0       0       0
 day  2015042400
      0       0       0
      0       0       0
      0       0       0
      0       0       0
 day  2015042500
      0       0       0
      0       0       0
      0       0       0
      0       0       0
 day  2015042600
      0       0       0
      0       0       0
      0       0       0
      0       0       0
 day  2015042700
      0       0       0
      0       0       0
      0       0       0
      0       0       0
 day  2015042800
     64      64    5616
     64      64    5616
      0       0       0
      0       0       0
 day  2015042900
     64      64    5616
     64      64    5616
      0       0       0
      0       0       0
 day  2015043000
     64      64    5616
     64      64    5616
      0       0       0
      0       0       0
 day  2015050100
     64      64    5616
     64      64    5616
      0       0       0
      0       0       0
 day  2015050200
     64      64    5616
     64      64    5616
      0       0       0
      0       0       0
 day  2015050300
     64      64    5616
     64      64    5616
      0       0       0
      0       0       0
 day  2015050400
     64      64    5616
     64      64    5616
      0       0       0
      0       0       0
 day  2015050500
     64      64    5616
     64      64    5616
      0       0       0
      0       0       0
 day  2015050600
     64      64    5616
     64      64    5616
      0       0       0
      0       0       0
 day  2015050700
     64      64    5616
     64      64    5616
      0       0       0
      0       0       0
 day  2015050800
     64      64    5616
     64      64    5616
      0       0       0
      0       0       0
 day  2015050900
     64      64    5616
     64      64    5616
      0       0       0
      0       0       0
 day  2015051000
     64      64    5616
     64      64    5616
      0       0       0
      0       0       0
 day  2015051100
     64      64    5616
     64      64    5616
      0       0       0
      0       0       0
 day  2015051200
     64      64    5616
     64      64    5616
      0       0       0
      0       0       0
 day  2015051300
     64      64    5616
     64      64    5616
      0       0       0
      0       0       0
 day  2015051400
     64      64    5616
     64      64    5616
      0       0       0
      0       0       0
 day  2015051500
     64      64    5616
     64      64    5616
      0       0       0
      0       0       0
 day  2015051600
     64      64    5616
     64      64    5616
      0       0       0
      0       0       0
