2016080100
   0    1.3788 -999.9900    2.2068    2.2068    0.5534   -0.0790    1.5837    0.3557    0.4165
   0    1.4561 -999.9900    2.3526    2.3526    0.5540   -0.3950    1.6633    0.3988    0.3784
   0    1.4517 -999.9900    2.3453    2.3453    0.5541   -0.4010    1.6591    0.4012    0.3757
    
2016080200
   0    1.3598 -999.9900    2.2406    2.2406    0.5604   -0.2458    1.5636    0.3667    0.3987
   0    1.4643 -999.9900    2.4553    2.4553    0.5601   -0.5525    1.6685    0.4083    0.3618
   0    1.4607 -999.9900    2.4469    2.4469    0.5607   -0.5590    1.6653    0.4112    0.3583
    
2016080300
   0    1.3961 -999.9900    2.2247    2.2247    0.5337   -0.1923    1.5945    0.3941    0.3757
   0    1.5083 -999.9900    2.4120    2.4120    0.5337   -0.5065    1.7096    0.4366    0.3436
   0    1.5058 -999.9900    2.4067    2.4067    0.5337   -0.5151    1.7075    0.4397    0.3406
    
2016080400
   0    1.3781 -999.9900    2.2124    2.2124    0.5355   -0.2256    1.5775    0.3826    0.3934
   0    1.4942 -999.9900    2.4228    2.4228    0.5355   -0.5335    1.6942    0.4240    0.3591
   0    1.4909 -999.9900    2.4169    2.4169    0.5355   -0.5430    1.6909    0.4275    0.3552
    
2016080500
   0    1.3506 -999.9900    2.2037    2.2037    0.5117   -0.2123    1.5361    0.3652    0.4052
   0    1.4746 -999.9900    2.4592    2.4592    0.5117   -0.5395    1.6628    0.4116    0.3706
   0    1.4698 -999.9900    2.4484    2.4484    0.5117   -0.5496    1.6577    0.4156    0.3665
    
2016080600
   0    1.2062 -999.9900    2.0197    2.0197    0.5169   -0.2680    1.3910    0.3787    0.3786
   0    1.3008 -999.9900    2.2110    2.2110    0.5169   -0.5675    1.4893    0.4321    0.3380
   0    1.2982 -999.9900    2.2040    2.2040    0.5169   -0.5780    1.4867    0.4365    0.3340
    
2016080700
   0    1.2593 -999.9900    2.0643    2.0643    0.5327   -0.2308    1.4527    0.3541    0.3951
   0    1.3570 -999.9900    2.2447    2.2447    0.5327   -0.5181    1.5536    0.4014    0.3582
   0    1.3525 -999.9900    2.2366    2.2366    0.5327   -0.5286    1.5494    0.4046    0.3548
    
2016080800
   0    1.3088 -999.9900    2.1343    2.1343    0.5561   -0.1458    1.5079    0.3528    0.4062
   0    1.3916 -999.9900    2.2801    2.2801    0.5561   -0.4291    1.5936    0.3962    0.3702
   0    1.3876 -999.9900    2.2721    2.2721    0.5560   -0.4391    1.5897    0.3999    0.3672
    
2016080900
   0    1.2675 -999.9900    2.0973    2.0973    0.5352   -0.2374    1.4670    0.3725    0.3702
   0    1.3702 -999.9900    2.2852    2.2852    0.5353   -0.5382    1.5735    0.4224    0.3363
   0    1.3661 -999.9900    2.2758    2.2758    0.5354   -0.5528    1.5699    0.4275    0.3315
    
2016081000
   0    1.1951 -999.9900    1.9894    1.9894    0.5497   -0.1055    1.3905    0.3494    0.3868
   0    1.2710 -999.9900    2.1372    2.1372    0.5498   -0.3945    1.4684    0.3983    0.3456
   0    1.2658 -999.9900    2.1285    2.1285    0.5498   -0.4086    1.4631    0.4031    0.3404
    
2016081100
   0    1.2583 -999.9900    2.1114    2.1114    0.5185   -0.2298    1.4429    0.3785    0.3528
   0    1.3590 -999.9900    2.2894    2.2894    0.5185   -0.5217    1.5472    0.4272    0.3165
   0    1.3544 -999.9900    2.2819    2.2819    0.5185   -0.5362    1.5428    0.4329    0.3107
    
2016081200
   0    1.3544 -999.9900    2.2332    2.2332    0.4931   -0.2703    1.5359    0.3764    0.3889
   0    1.4649 -999.9900    2.4585    2.4585    0.4931   -0.5657    1.6480    0.4173    0.3539
   0    1.4595 -999.9900    2.4480    2.4480    0.4932   -0.5761    1.6429    0.4211    0.3495
    
2016081300
   0    1.4452 -999.9900    2.3652    2.3652    0.5146   -0.4769    1.6388    0.4361    0.3375
   0    1.5677 -999.9900    2.6109    2.6109    0.5146   -0.7575    1.7627    0.4701    0.3110
   0    1.5612 -999.9900    2.5996    2.5996    0.5148   -0.7690    1.7563    0.4734    0.3072
    
2016081400
   0    1.3452 -999.9900    2.2398    2.2398    0.5105   -0.4412    1.5364    0.4216    0.3424
   0    1.4708 -999.9900    2.4943    2.4943    0.5106   -0.7035    1.6647    0.4583    0.3171
   0    1.4663 -999.9900    2.4855    2.4855    0.5106   -0.7189    1.6603    0.4639    0.3122
    
2016081500
   0    1.3980 -999.9900    2.2485    2.2485    0.5720   -0.3342    1.6059    0.3767    0.4046
   0    1.5091 -999.9900    2.4750    2.4750    0.5720   -0.5974    1.7193    0.4076    0.3808
   0    1.5014 -999.9900    2.4626    2.4626    0.5720   -0.6084    1.7116    0.4106    0.3774
    
2016081600
   0    1.3930 -999.9900    2.2827    2.2827    0.5613   -0.4263    1.6027    0.4106    0.3680
   0    1.5304 -999.9900    2.5543    2.5543    0.5613   -0.6964    1.7420    0.4420    0.3435
   0    1.5259 -999.9900    2.5454    2.5454    0.5613   -0.7075    1.7375    0.4460    0.3394
    
2016081700
   0    1.3306 -999.9900    2.1816    2.1816    0.5561   -0.3600    1.5283    0.3851    0.3750
   0    1.4628 -999.9900    2.4354    2.4354    0.5561   -0.6181    1.6646    0.4207    0.3555
   0    1.4577 -999.9900    2.4261    2.4261    0.5563   -0.6293    1.6594    0.4248    0.3510
    
2016081800
   0    1.3038 -999.9900    2.0882    2.0882    0.5218   -0.1792    1.4942    0.3616    0.4110
   0    1.4200 -999.9900    2.3319    2.3319    0.5219   -0.4662    1.6116    0.4000    0.3808
   0    1.4134 -999.9900    2.3215    2.3215    0.5221   -0.4795    1.6048    0.4047    0.3759
    
2016081900
   0    1.3022 -999.9900    2.0921    2.0921    0.4867   -0.1572    1.4876    0.3821    0.4022
   0    1.4199 -999.9900    2.3393    2.3393    0.4867   -0.4292    1.6076    0.4195    0.3763
   0    1.4145 -999.9900    2.3292    2.3292    0.4867   -0.4410    1.6022    0.4241    0.3712
    
2016082000
   0    1.3565 -999.9900    2.2881    2.2881    0.5207   -0.3241    1.5473    0.3857    0.3816
   0    1.4757 -999.9900    2.5390    2.5390    0.5207   -0.5784    1.6694    0.4196    0.3600
   0    1.4692 -999.9900    2.5260    2.5260    0.5207   -0.5906    1.6626    0.4245    0.3547
    
2016082100
   0    1.2941 -999.9900    2.2025    2.2025    0.5598   -0.3288    1.4897    0.3700    0.3828
   0    1.4112 -999.9900    2.4518    2.4518    0.5598   -0.5621    1.6105    0.4022    0.3627
   0    1.4051 -999.9900    2.4378    2.4378    0.5598   -0.5741    1.6042    0.4068    0.3580
    
2016082200
   0    1.1968 -999.9900    1.9771    1.9771    0.5281   -0.1121    1.3852    0.3492    0.4277
   0    1.2673 -999.9900    2.1455    2.1455    0.5281   -0.3449    1.4574    0.3817    0.4002
   0    1.2599 -999.9900    2.1342    2.1342    0.5281   -0.3569    1.4498    0.3859    0.3951
    
2016082300
   0    1.1852 -999.9900    1.9410    1.9410    0.5202   -0.2599    1.3776    0.4124    0.3415
   0    1.2765 -999.9900    2.1216    2.1216    0.5202   -0.5155    1.4711    0.4483    0.3142
   0    1.2716 -999.9900    2.1119    2.1119    0.5202   -0.5267    1.4662    0.4529    0.3087
    
2016082400
   0    1.2382 -999.9900    2.1088    2.1088    0.5400   -0.2856    1.4318    0.3939    0.3435
   0    1.3632 -999.9900    2.3738    2.3738    0.5400   -0.5661    1.5602    0.4349    0.3141
   0    1.3571 -999.9900    2.3627    2.3627    0.5400   -0.5768    1.5538    0.4394    0.3093
    
2016082500
   0    1.2627 -999.9900    2.1089    2.1089    0.5036   -0.3905    1.4460    0.4293    0.3317
   0    1.3739 -999.9900    2.3574    2.3574    0.5036   -0.6435    1.5586    0.4585    0.3064
   0    1.3675 -999.9900    2.3464    2.3464    0.5036   -0.6546    1.5522    0.4627    0.3015
    
2016082600
   0    1.3409 -999.9900    2.1935    2.1935    0.5326   -0.4401    1.5391    0.4364    0.3356
   0    1.4537 -999.9900    2.4342    2.4342    0.5326   -0.6739    1.6540    0.4643    0.3139
   0    1.4452 -999.9900    2.4215    2.4215    0.5326   -0.6857    1.6452    0.4687    0.3078
    
2016082700
   0    1.2892 -999.9900    2.1268    2.1268    0.5176   -0.3440    1.4788    0.4029    0.3482
   0    1.3923 -999.9900    2.3476    2.3476    0.5176   -0.5547    1.5836    0.4292    0.3288
   0    1.3843 -999.9900    2.3336    2.3336    0.5176   -0.5659    1.5757    0.4331    0.3236
    
2016082800
   0    1.1647 -999.9900    1.9505    1.9505    0.4979   -0.2175    1.3463    0.3883    0.3458
   0    1.2544 -999.9900    2.1312    2.1312    0.4979   -0.4417    1.4385    0.4225    0.3233
   0    1.2485 -999.9900    2.1200    2.1200    0.4979   -0.4531    1.4327    0.4267    0.3186
    
2016082900
   0    1.2870 -999.9900    2.1039    2.1039    0.4795   -0.2521    1.4657    0.3837    0.3926
   0    1.3650 -999.9900    2.2765    2.2765    0.4795   -0.4648    1.5454    0.4118    0.3702
   0    1.3578 -999.9900    2.2645    2.2645    0.4796   -0.4763    1.5380    0.4156    0.3656
    
2016083000
   0    1.1999 -999.9900    2.0119    2.0119    0.5086   -0.3465    1.3914    0.3930    0.3384
   0    1.3121 -999.9900    2.2390    2.2390    0.5086   -0.5781    1.5054    0.4276    0.3145
   0    1.3045 -999.9900    2.2257    2.2257    0.5087   -0.5898    1.4975    0.4318    0.3094
    
2016083100
   0    1.2158 -999.9900    1.9942    1.9942    0.5258   -0.3511    1.4127    0.3874    0.3549
   0    1.3090 -999.9900    2.1867    2.1867    0.5258   -0.5764    1.5086    0.4200    0.3332
   0    1.3014 -999.9900    2.1747    2.1747    0.5258   -0.5875    1.5010    0.4237    0.3288
    
