2016080100
   0    1.2271    1.6758    1.9440    1.9440    0.6716   -0.1236    1.4555    0.3672    0.3270
   0    1.2271    1.6758    1.9440    1.9440    0.6716   -0.1236    1.4555    0.3672    0.3270
    
2016080200
   0    1.2727    1.7001    2.0477    2.0477    0.6224   -0.1412    1.4927    0.3982    0.3251
   0    1.2727    1.7001    2.0477    2.0477    0.6224   -0.1412    1.4927    0.3982    0.3251
    
2016080300
   0    1.3082    1.4913    2.1283    2.1283    0.7238   -0.0627    1.5366    0.3735    0.3412
   0    1.3082    1.4913    2.1283    2.1283    0.7238   -0.0627    1.5366    0.3735    0.3412
    
2016080400
   0    1.2335    1.5671    1.9452    1.9452    0.6575   -0.2074    1.4553    0.4078    0.3052
   0    1.2335    1.5671    1.9452    1.9452    0.6575   -0.2074    1.4553    0.4078    0.3052
    
2016080500
   0    1.1799    1.7240    1.8786    1.8786    0.6323   -0.0384    1.3941    0.3598    0.3283
   0    1.1799    1.7240    1.8786    1.8786    0.6323   -0.0384    1.3941    0.3598    0.3283
    
2016080600
   0    1.1946    2.0108    1.9106    1.9106    0.6689   -0.1169    1.4124    0.3893    0.3033
   0    1.1946    2.0108    1.9106    1.9106    0.6689   -0.1169    1.4124    0.3893    0.3033
    
2016080700
   0    1.2782    1.8587    2.0726    2.0726    0.6754   -0.0997    1.5061    0.3697    0.3225
   0    1.2782    1.8587    2.0726    2.0726    0.6754   -0.0997    1.5061    0.3697    0.3225
    
2016080800
   0    1.2656    1.5632    2.0896    2.0896    0.7671   -0.2229    1.5120    0.3743    0.3063
   0    1.2656    1.5632    2.0896    2.0896    0.7671   -0.2229    1.5120    0.3743    0.3063
    
2016080900
   0    1.2884    1.6304    2.1285    2.1285    0.7050   -0.0561    1.5215    0.3637    0.3253
   0    1.2884    1.6304    2.1285    2.1285    0.7050   -0.0561    1.5215    0.3637    0.3253
    
2016081000
   0    1.3581    1.5894    2.1741    2.1741    0.6632   -0.2131    1.5785    0.4030    0.3249
   0    1.3581    1.5894    2.1741    2.1741    0.6632   -0.2131    1.5785    0.4030    0.3249
    
2016081100
   0    1.2298    1.5117    1.9822    1.9822    0.6710   -0.1881    1.4485    0.3963    0.3103
   0    1.2298    1.5117    1.9822    1.9822    0.6710   -0.1881    1.4485    0.3963    0.3103
    
2016081200
   0    1.1767    1.4611    1.8938    1.8938    0.6401   -0.1583    1.3850    0.3888    0.3138
   0    1.1767    1.4611    1.8938    1.8938    0.6401   -0.1583    1.3850    0.3888    0.3138
    
2016081300
   0    1.2404    1.5626    2.0014    2.0014    0.6282   -0.2444    1.4530    0.4102    0.3034
   0    1.2404    1.5626    2.0014    2.0014    0.6282   -0.2444    1.4530    0.4102    0.3034
    
2016081400
   0    1.2113    1.5391    1.9320    1.9320    0.6234   -0.2361    1.4272    0.4035    0.3064
   0    1.2113    1.5391    1.9320    1.9320    0.6234   -0.2361    1.4272    0.4035    0.3064
    
2016081500
   0    1.1492    1.3946    1.8763    1.8763    0.6734   -0.0811    1.3664    0.3592    0.3210
   0    1.1492    1.3946    1.8763    1.8763    0.6734   -0.0811    1.3664    0.3592    0.3210
    
2016081600
   0    1.2093    1.2853    1.9094    1.9094    0.5826   -0.2092    1.4202    0.3912    0.3185
   0    1.2093    1.2853    1.9094    1.9094    0.5826   -0.2092    1.4202    0.3912    0.3185
    
2016081700
   0    1.2202    1.3767    1.9113    1.9113    0.5816   -0.1748    1.4298    0.4084    0.3123
   0    1.2202    1.3767    1.9113    1.9113    0.5816   -0.1748    1.4298    0.4084    0.3123
    
2016081800
   0    1.2486    1.3795    2.0078    2.0078    0.6760   -0.0611    1.4798    0.3546    0.3454
   0    1.2486    1.3795    2.0078    2.0078    0.6760   -0.0611    1.4798    0.3546    0.3454
    
2016081900
   0    1.1256    1.4000    1.8372    1.8372    0.6815   -0.1398    1.3501    0.3698    0.2950
   0    1.1256    1.4000    1.8372    1.8372    0.6815   -0.1398    1.3501    0.3698    0.2950
    
2016082000
   0    1.2021    1.6901    1.9518    1.9518    0.6841   -0.2539    1.4224    0.4093    0.2902
   0    1.2021    1.6901    1.9518    1.9518    0.6841   -0.2539    1.4224    0.4093    0.2902
    
2016082100
   0    1.2391    1.9166    1.9626    1.9626    0.7364   -0.2209    1.4630    0.3958    0.3034
   0    1.2391    1.9166    1.9626    1.9626    0.7364   -0.2209    1.4630    0.3958    0.3034
    
2016082200
   0    1.0959    1.6991    1.8258    1.8258    0.7924    0.1986    1.3165    0.2801    0.3820
   0    1.0959    1.6991    1.8258    1.8258    0.7924    0.1986    1.3165    0.2801    0.3820
    
2016082300
   0    1.0281    1.7356    1.6759    1.6759    0.6502    0.1017    1.2329    0.3190    0.3520
   0    1.0281    1.7356    1.6759    1.6759    0.6502    0.1017    1.2329    0.3190    0.3520
    
2016082400
   0    1.0785    1.6040    1.7896    1.7896    0.6199   -0.0330    1.2852    0.3470    0.3207
   0    1.0785    1.6040    1.7896    1.7896    0.6199   -0.0330    1.2852    0.3470    0.3207
    
2016082500
   0    1.1117    1.4893    1.8158    1.8158    0.5470   -0.0185    1.3075    0.3453    0.3568
   0    1.1117    1.4893    1.8158    1.8158    0.5470   -0.0185    1.3075    0.3453    0.3568
    
2016082600
   0    1.1074    1.2380    1.8241    1.8241    0.6149   -0.0524    1.3149    0.3494    0.3169
   0    1.1074    1.2380    1.8241    1.8241    0.6149   -0.0524    1.3149    0.3494    0.3169
    
2016082700
   0    1.0903    1.5980    1.7661    1.7661    0.6062   -0.0220    1.2912    0.3339    0.3164
   0    1.0903    1.5980    1.7661    1.7661    0.6062   -0.0220    1.2912    0.3339    0.3164
    
2016082800
   0    1.0737    1.6205    1.7577    1.7577    0.5661   -0.1116    1.2718    0.3744    0.2990
   0    1.0737    1.6205    1.7577    1.7577    0.5661   -0.1116    1.2718    0.3744    0.2990
    
2016082900
   0    1.1255    1.8371    1.8167    1.8167    0.6203   -0.2495    1.3347    0.4015    0.2782
   0    1.1255    1.8371    1.8167    1.8167    0.6203   -0.2495    1.3347    0.4015    0.2782
    
2016083000
   0    1.1140    1.7712    1.8320    1.8320    0.7352   -0.0615    1.3538    0.3425    0.3018
   0    1.1140    1.7712    1.8320    1.8320    0.7352   -0.0615    1.3538    0.3425    0.3018
    
2016083100
   0    1.0852    1.7024    1.8844    1.8844    0.8596   -0.1311    1.3287    0.3700    0.2538
   0    1.0852    1.7024    1.8844    1.8844    0.8596   -0.1311    1.3287    0.3700    0.2538
    
