2016080100
   0    1.3372 -999.9900    2.1411    2.1411    0.4924    0.1569    1.5161    0.3073    0.4747
   0    1.4064 -999.9900    2.2705    2.2705    0.4924   -0.0325    1.5886    0.3408    0.4531
   0    1.3804 -999.9900    2.2441    2.2441    0.4924    0.0267    1.5612    0.3247    0.4625
    
2016080200
   0    1.2822 -999.9900    2.0542    2.0542    0.4643    0.2201    1.4520    0.2911    0.4918
   0    1.3574 -999.9900    2.2030    2.2030    0.4643    0.0012    1.5294    0.3278    0.4613
   0    1.3340 -999.9900    2.1790    2.1790    0.4643    0.0604    1.5047    0.3102    0.4717
    
2016080300
   0    1.3387 -999.9900    2.0702    2.0702    0.4758    0.2046    1.5107    0.3131    0.4773
   0    1.3875 -999.9900    2.1620    2.1620    0.4758   -0.0002    1.5620    0.3448    0.4490
   0    1.3612 -999.9900    2.1345    2.1345    0.4759    0.0595    1.5343    0.3293    0.4576
    
2016080400
   0    1.3735 -999.9900    2.1280    2.1280    0.4660    0.0969    1.5487    0.3370    0.4661
   0    1.4277 -999.9900    2.2425    2.2425    0.4660   -0.0947    1.6029    0.3677    0.4374
   0    1.3983 -999.9900    2.2167    2.2167    0.4660   -0.0356    1.5720    0.3521    0.4452
    
2016080500
   0    1.3384 -999.9900    2.0855    2.0855    0.4673    0.0708    1.5121    0.3296    0.4699
   0    1.3917 -999.9900    2.2003    2.2003    0.4673   -0.1436    1.5661    0.3671    0.4373
   0    1.3634 -999.9900    2.1718    2.1718    0.4673   -0.0828    1.5360    0.3497    0.4468
    
2016080600
   0    1.2117 -999.9900    1.9256    1.9256    0.4686    0.0630    1.3799    0.3066    0.4791
   0    1.2407 -999.9900    2.0106    2.0106    0.4686   -0.1163    1.4091    0.3456    0.4364
   0    1.2205 -999.9900    1.9873    1.9873    0.4686   -0.0559    1.3878    0.3283    0.4492
    
2016080700
   0    1.2591 -999.9900    1.9576    1.9576    0.4708    0.0375    1.4316    0.3202    0.4774
   0    1.3167 -999.9900    2.0809    2.0809    0.4708   -0.1459    1.4891    0.3525    0.4452
   0    1.2931 -999.9900    2.0537    2.0537    0.4708   -0.0835    1.4645    0.3370    0.4569
    
2016080800
   0    1.2461 -999.9900    1.9346    1.9346    0.4905    0.1986    1.4265    0.2931    0.4890
   0    1.2838 -999.9900    2.0097    2.0097    0.4905    0.0338    1.4629    0.3203    0.4594
   0    1.2638 -999.9900    1.9883    1.9883    0.4905    0.0971    1.4422    0.3034    0.4716
    
2016080900
   0    1.2230 -999.9900    1.9639    1.9639    0.4915    0.0499    1.4014    0.3323    0.4340
   0    1.2586 -999.9900    2.0251    2.0251    0.4915   -0.1167    1.4386    0.3616    0.4055
   0    1.2276 -999.9900    1.9921    1.9921    0.4915   -0.0532    1.4052    0.3425    0.4148
    
2016081000
   0    1.1829 -999.9900    1.8875    1.8875    0.4745    0.1255    1.3573    0.3163    0.4638
   0    1.2115 -999.9900    1.9753    1.9753    0.4745   -0.0430    1.3838    0.3444    0.4300
   0    1.1875 -999.9900    1.9496    1.9496    0.4745    0.0208    1.3590    0.3270    0.4413
    
2016081100
   0    1.2465 -999.9900    1.9682    1.9682    0.4618    0.1262    1.4165    0.3305    0.4616
   0    1.2879 -999.9900    2.0663    2.0663    0.4618   -0.0541    1.4584    0.3637    0.4281
   0    1.2604 -999.9900    2.0398    2.0398    0.4618    0.0095    1.4299    0.3458    0.4394
    
2016081200
   0    1.3468 -999.9900    2.0596    2.0596    0.4468    0.1602    1.5167    0.3347    0.4839
   0    1.3763 -999.9900    2.1533    2.1533    0.4468   -0.0391    1.5464    0.3615    0.4548
   0    1.3424 -999.9900    2.1187    2.1187    0.4468    0.0249    1.5109    0.3441    0.4651
    
2016081300
   0    1.3673 -999.9900    2.1218    2.1218    0.4676    0.0068    1.5434    0.3726    0.4225
   0    1.4090 -999.9900    2.2316    2.2316    0.4676   -0.1804    1.5859    0.4005    0.3908
   0    1.3683 -999.9900    2.1934    2.1934    0.4676   -0.1176    1.5429    0.3818    0.3993
    
2016081400
   0    1.3573 -999.9900    2.1203    2.1203    0.4639    0.2609    1.5282    0.3081    0.4784
   0    1.3889 -999.9900    2.1937    2.1937    0.4639    0.0781    1.5627    0.3400    0.4524
   0    1.3611 -999.9900    2.1681    2.1681    0.4639    0.1419    1.5329    0.3188    0.4625
    
2016081500
   0    1.3876 -999.9900    2.1469    2.1469    0.5203    0.1783    1.5750    0.2975    0.5039
   0    1.4206 -999.9900    2.2279    2.2279    0.5203   -0.0089    1.6091    0.3235    0.4783
   0    1.3936 -999.9900    2.1988    2.1988    0.5203    0.0547    1.5802    0.3060    0.4902
    
2016081600
   0    1.3923 -999.9900    2.1619    2.1619    0.4803    0.2389    1.5715    0.3297    0.4710
   0    1.4335 -999.9900    2.2372    2.2372    0.4803    0.0612    1.6141    0.3622    0.4455
   0    1.4054 -999.9900    2.2107    2.2107    0.4803    0.1255    1.5848    0.3439    0.4575
    
2016081700
   0    1.3143 -999.9900    2.0632    2.0632    0.4884    0.2774    1.4860    0.2916    0.4822
   0    1.3690 -999.9900    2.1487    2.1487    0.4884    0.1082    1.5450    0.3270    0.4610
   0    1.3403 -999.9900    2.1239    2.1239    0.4884    0.1720    1.5145    0.3063    0.4732
    
2016081800
   0    1.2651 -999.9900    1.9580    1.9580    0.4448    0.1712    1.4272    0.3216    0.4659
   0    1.3188 -999.9900    2.0513    2.0513    0.4448   -0.0155    1.4830    0.3547    0.4422
   0    1.2860 -999.9900    2.0184    2.0184    0.4448    0.0484    1.4489    0.3354    0.4539
    
2016081900
   0    1.2101 -999.9900    1.8724    1.8724    0.4144    0.1873    1.3675    0.3304    0.4595
   0    1.2619 -999.9900    1.9758    1.9758    0.4144    0.0083    1.4210    0.3662    0.4349
   0    1.2328 -999.9900    1.9482    1.9482    0.4144    0.0730    1.3906    0.3468    0.4462
    
2016082000
   0    1.2980 -999.9900    2.0679    2.0679    0.4667    0.1171    1.4699    0.3359    0.4444
   0    1.3736 -999.9900    2.2037    2.2037    0.4667   -0.0446    1.5482    0.3667    0.4253
   0    1.3402 -999.9900    2.1727    2.1727    0.4667    0.0197    1.5129    0.3458    0.4367
    
2016082100
   0    1.3357 -999.9900    2.1274    2.1274    0.4852    0.2913    1.5092    0.2985    0.4876
   0    1.3779 -999.9900    2.2081    2.2081    0.4852    0.1301    1.5536    0.3267    0.4651
   0    1.3489 -999.9900    2.1852    2.1852    0.4852    0.1934    1.5233    0.3075    0.4751
    
2016082200
   0    1.2223 -999.9900    1.9866    1.9866    0.4634    0.1996    1.3912    0.3078    0.4707
   0    1.2552 -999.9900    2.0475    2.0475    0.4634    0.0475    1.4259    0.3353    0.4494
   0    1.2318 -999.9900    2.0252    2.0252    0.4634    0.1113    1.4014    0.3184    0.4599
    
2016082300
   0    1.2149 -999.9900    1.9487    1.9487    0.4450    0.0612    1.3819    0.3352    0.4465
   0    1.2811 -999.9900    2.0794    2.0794    0.4450   -0.0879    1.4489    0.3636    0.4252
   0    1.2578 -999.9900    2.0568    2.0568    0.4450   -0.0242    1.4235    0.3449    0.4352
    
2016082400
   0    1.2274 -999.9900    1.9725    1.9725    0.4507    0.1273    1.3894    0.3216    0.4483
   0    1.2984 -999.9900    2.0984    2.0984    0.4507   -0.0431    1.4638    0.3563    0.4266
   0    1.2708 -999.9900    2.0717    2.0717    0.4507    0.0205    1.4347    0.3358    0.4386
    
2016082500
   0    1.2122 -999.9900    1.8943    1.8943    0.4288    0.0358    1.3670    0.3508    0.4188
   0    1.2669 -999.9900    2.0089    2.0089    0.4288   -0.0921    1.4228    0.3688    0.4086
   0    1.2373 -999.9900    1.9783    1.9783    0.4288   -0.0292    1.3917    0.3483    0.4210
    
2016082600
   0    1.2473 -999.9900    1.9620    1.9620    0.4605   -0.0517    1.4169    0.3673    0.4146
   0    1.3213 -999.9900    2.1061    2.1061    0.4605   -0.2106    1.4931    0.3975    0.3918
   0    1.2866 -999.9900    2.0734    2.0734    0.4605   -0.1470    1.4564    0.3789    0.4015
    
2016082700
   0    1.2396 -999.9900    1.9785    1.9785    0.4444    0.0596    1.4041    0.3163    0.4490
   0    1.2740 -999.9900    2.0470    2.0470    0.4444   -0.0572    1.4391    0.3349    0.4328
   0    1.2501 -999.9900    2.0204    2.0204    0.4444    0.0068    1.4133    0.3153    0.4460
    
2016082800
   0    1.2236 -999.9900    1.9351    1.9351    0.4243    0.1093    1.3834    0.3337    0.4423
   0    1.2663 -999.9900    2.0265    2.0265    0.4243   -0.0245    1.4272    0.3514    0.4277
   0    1.2358 -999.9900    1.9957    1.9957    0.4243    0.0393    1.3950    0.3293    0.4407
    
2016082900
   0    1.3234 -999.9900    2.0315    2.0315    0.3798    0.2822    1.4760    0.2882    0.5223
   0    1.3683 -999.9900    2.1254    2.1254    0.3798    0.1302    1.5216    0.3143    0.4975
   0    1.3484 -999.9900    2.1020    2.1020    0.3798    0.1946    1.5013    0.2957    0.5135
    
2016083000
   0    1.2450 -999.9900    1.9907    1.9907    0.4430    0.0631    1.4173    0.3149    0.4497
   0    1.2892 -999.9900    2.0885    2.0885    0.4430   -0.0817    1.4623    0.3368    0.4305
   0    1.2645 -999.9900    2.0626    2.0626    0.4430   -0.0172    1.4362    0.3169    0.4433
    
2016083100
   0    1.2548 -999.9900    2.0137    2.0137    0.4906   -0.0794    1.4377    0.3339    0.4170
   0    1.3095 -999.9900    2.1203    2.1203    0.4906   -0.2288    1.4957    0.3631    0.3975
   0    1.2802 -999.9900    2.0890    2.0890    0.4906   -0.1651    1.4640    0.3433    0.4093
    
