2016080100
   0    1.2281    1.6775    1.9453    1.9453    0.6716   -0.1249    1.4565    0.3674    0.3268
   0    1.2281    1.6775    1.9453    1.9453    0.6716   -0.1249    1.4565    0.3674    0.3268
    
2016080200
   0    1.2733    1.7004    2.0485    2.0485    0.6224   -0.1421    1.4934    0.3985    0.3249
   0    1.2733    1.7004    2.0485    2.0485    0.6224   -0.1421    1.4934    0.3985    0.3249
    
2016080300
   0    1.3089    1.4919    2.1290    2.1290    0.7238   -0.0635    1.5373    0.3737    0.3411
   0    1.3089    1.4919    2.1290    2.1290    0.7238   -0.0635    1.5373    0.3737    0.3411
    
2016080400
   0    1.2343    1.5671    1.9465    1.9465    0.6575   -0.2092    1.4562    0.4083    0.3049
   0    1.2343    1.5671    1.9465    1.9465    0.6575   -0.2092    1.4562    0.4083    0.3049
    
2016080500
   0    1.1808    1.7221    1.8796    1.8796    0.6323   -0.0406    1.3950    0.3605    0.3278
   0    1.1808    1.7221    1.8796    1.8796    0.6323   -0.0406    1.3950    0.3605    0.3278
    
2016080600
   0    1.1958    2.0098    1.9121    1.9121    0.6689   -0.1190    1.4136    0.3899    0.3028
   0    1.1958    2.0098    1.9121    1.9121    0.6689   -0.1190    1.4136    0.3899    0.3028
    
2016080700
   0    1.2782    1.8586    2.0726    2.0726    0.6754   -0.0998    1.5061    0.3698    0.3225
   0    1.2782    1.8586    2.0726    2.0726    0.6754   -0.0998    1.5061    0.3698    0.3225
    
2016080800
   0    1.2657    1.5632    2.0896    2.0896    0.7671   -0.2229    1.5121    0.3744    0.3062
   0    1.2657    1.5632    2.0896    2.0896    0.7671   -0.2229    1.5121    0.3744    0.3062
    
2016080900
   0    1.2885    1.6304    2.1286    2.1286    0.7050   -0.0561    1.5215    0.3637    0.3253
   0    1.2885    1.6304    2.1286    2.1286    0.7050   -0.0561    1.5215    0.3637    0.3253
    
2016081000
   0    1.3582    1.5894    2.1741    2.1741    0.6632   -0.2132    1.5785    0.4030    0.3249
   0    1.3582    1.5894    2.1741    2.1741    0.6632   -0.2132    1.5785    0.4030    0.3249
    
2016081100
   0    1.2298    1.5117    1.9823    1.9823    0.6710   -0.1881    1.4485    0.3963    0.3103
   0    1.2298    1.5117    1.9823    1.9823    0.6710   -0.1881    1.4485    0.3963    0.3103
    
2016081200
   0    1.1767    1.4612    1.8938    1.8938    0.6401   -0.1583    1.3850    0.3888    0.3138
   0    1.1767    1.4612    1.8938    1.8938    0.6401   -0.1583    1.3850    0.3888    0.3138
    
2016081300
   0    1.2404    1.5626    2.0014    2.0014    0.6282   -0.2444    1.4529    0.4102    0.3033
   0    1.2404    1.5626    2.0014    2.0014    0.6282   -0.2444    1.4529    0.4102    0.3033
    
2016081400
   0    1.2113    1.5392    1.9319    1.9319    0.6234   -0.2361    1.4271    0.4035    0.3063
   0    1.2113    1.5392    1.9319    1.9319    0.6234   -0.2361    1.4271    0.4035    0.3063
    
2016081500
   0    1.1492    1.3947    1.8763    1.8763    0.6734   -0.0812    1.3664    0.3592    0.3210
   0    1.1492    1.3947    1.8763    1.8763    0.6734   -0.0812    1.3664    0.3592    0.3210
    
2016081600
   0    1.2093    1.2853    1.9094    1.9094    0.5826   -0.2092    1.4201    0.3912    0.3185
   0    1.2093    1.2853    1.9094    1.9094    0.5826   -0.2092    1.4201    0.3912    0.3185
    
2016081700
   0    1.2202    1.3767    1.9113    1.9113    0.5816   -0.1749    1.4298    0.4084    0.3123
   0    1.2202    1.3767    1.9113    1.9113    0.5816   -0.1749    1.4298    0.4084    0.3123
    
2016081800
   0    1.2486    1.3795    2.0079    2.0079    0.6760   -0.0612    1.4799    0.3547    0.3454
   0    1.2486    1.3795    2.0079    2.0079    0.6760   -0.0612    1.4799    0.3547    0.3454
    
2016081900
   0    1.1256    1.3999    1.8372    1.8372    0.6815   -0.1399    1.3500    0.3699    0.2950
   0    1.1256    1.3999    1.8372    1.8372    0.6815   -0.1399    1.3500    0.3699    0.2950
    
2016082000
   0    1.2021    1.6901    1.9518    1.9518    0.6841   -0.2539    1.4224    0.4093    0.2902
   0    1.2021    1.6901    1.9518    1.9518    0.6841   -0.2539    1.4224    0.4093    0.2902
    
2016082100
   0    1.2392    1.9166    1.9626    1.9626    0.7364   -0.2210    1.4631    0.3958    0.3034
   0    1.2392    1.9166    1.9626    1.9626    0.7364   -0.2210    1.4631    0.3958    0.3034
    
2016082200
   0    1.0959    1.6991    1.8258    1.8258    0.7924    0.1985    1.3166    0.2802    0.3820
   0    1.0959    1.6991    1.8258    1.8258    0.7924    0.1985    1.3166    0.2802    0.3820
    
2016082300
   0    1.0281    1.7356    1.6759    1.6759    0.6502    0.1016    1.2330    0.3190    0.3520
   0    1.0281    1.7356    1.6759    1.6759    0.6502    0.1016    1.2330    0.3190    0.3520
    
2016082400
   0    1.0785    1.6040    1.7896    1.7896    0.6199   -0.0331    1.2851    0.3470    0.3207
   0    1.0785    1.6040    1.7896    1.7896    0.6199   -0.0331    1.2851    0.3470    0.3207
    
2016082500
   0    1.1117    1.4893    1.8158    1.8158    0.5470   -0.0186    1.3075    0.3453    0.3568
    
2016082600
   0    1.1074    1.2380    1.8242    1.8242    0.6149   -0.0526    1.3149    0.3494    0.3169
   0    1.1074    1.2380    1.8242    1.8242    0.6149   -0.0526    1.3149    0.3494    0.3169
    
2016082700
   0    1.0903    1.5981    1.7661    1.7661    0.6062   -0.0221    1.2912    0.3339    0.3164
    
2016082800
   0    1.0737    1.6206    1.7577    1.7577    0.5661   -0.1117    1.2719    0.3745    0.2990
    
2016082900
   0    1.1255    1.8371    1.8167    1.8167    0.6203   -0.2496    1.3347    0.4015    0.2782
   0    1.1255    1.8371    1.8167    1.8167    0.6203   -0.2496    1.3347    0.4015    0.2782
    
2016083000
   0    1.1140    1.7712    1.8320    1.8320    0.7352   -0.0615    1.3538    0.3425    0.3017
    
2016083100
   0    1.0860    1.7031    1.8850    1.8850    0.8596   -0.1332    1.3295    0.3709    0.2534
   0    1.0860    1.7031    1.8850    1.8850    0.8596   -0.1332    1.3295    0.3709    0.2534
    
