2016080100
   0    1.5444    2.0967    2.5044    2.5044    0.6705    0.1023    1.7486    0.3539    0.4199
   0    1.5444    2.0967    2.5044    2.5044    0.6705    0.1023    1.7486    0.3539    0.4199
    
2016080200
   0    1.5476    2.2186    2.4711    2.4711    0.5703    0.1072    1.7445    0.3495    0.4475
   0    1.5476    2.2186    2.4711    2.4711    0.5703    0.1072    1.7445    0.3495    0.4475
    
2016080300
   0    1.4537    2.1819    2.3087    2.3087    0.6184   -0.0520    1.6456    0.3817    0.4028
   0    1.4537    2.1819    2.3087    2.3087    0.6184   -0.0520    1.6456    0.3817    0.4028
    
2016080400
   0    1.4847    2.1427    2.3316    2.3316    0.5834    0.1874    1.6732    0.3511    0.4364
   0    1.4847    2.1427    2.3316    2.3316    0.5834    0.1874    1.6732    0.3511    0.4364
    
2016080500
   0    1.3150    1.8278    2.1156    2.1156    0.6144    0.1230    1.5117    0.3503    0.4197
   0    1.3150    1.8278    2.1156    2.1156    0.6144    0.1230    1.5117    0.3503    0.4197
    
2016080600
   0    1.3805    1.6489    2.2295    2.2295    0.7146    0.0224    1.5888    0.3717    0.3968
   0    1.3805    1.6489    2.2295    2.2295    0.7146    0.0224    1.5888    0.3717    0.3968
    
2016080700
   0    1.5537    1.7904    2.4845    2.4845    0.6930    0.2850    1.7673    0.3412    0.4568
   0    1.5537    1.7904    2.4845    2.4845    0.6930    0.2850    1.7673    0.3412    0.4568
    
2016080800
   0    1.6058    1.7812    2.5637    2.5637    0.6320    0.1926    1.8212    0.3612    0.4227
   0    1.6058    1.7812    2.5637    2.5637    0.6320    0.1926    1.8212    0.3612    0.4227
    
2016080900
   0    1.5525    2.0767    2.5280    2.5280    0.6662    0.3513    1.7758    0.3128    0.4500
   0    1.5525    2.0767    2.5280    2.5280    0.6662    0.3513    1.7758    0.3128    0.4500
    
2016081000
   0    1.4362    1.9896    2.4103    2.4103    0.6367    0.2705    1.6388    0.3556    0.4012
   0    1.4362    1.9896    2.4103    2.4103    0.6367    0.2705    1.6388    0.3556    0.4012
    
2016081100
   0    1.4639    2.0128    2.4236    2.4236    0.7375    0.1864    1.6860    0.3521    0.4143
   0    1.4639    2.0128    2.4236    2.4236    0.7375    0.1864    1.6860    0.3521    0.4143
    
2016081200
   0    1.4735    2.0430    2.4449    2.4449    0.6480    0.3090    1.6790    0.3405    0.4285
   0    1.4735    2.0430    2.4449    2.4449    0.6480    0.3090    1.6790    0.3405    0.4285
    
2016081300
   0    1.4024    2.1407    2.2840    2.2840    0.6373    0.0475    1.6068    0.3875    0.3872
   0    1.4024    2.1407    2.2840    2.2840    0.6373    0.0475    1.6068    0.3875    0.3872
    
2016081400
   0    1.3809    2.4026    2.1888    2.1888    0.6482    0.1082    1.5876    0.3539    0.4096
   0    1.3809    2.4026    2.1888    2.1888    0.6482    0.1082    1.5876    0.3539    0.4096
    
2016081500
   0    1.3979    2.3042    2.2352    2.2352    0.6148   -0.0184    1.5932    0.3655    0.4034
   0    1.3979    2.3042    2.2352    2.2352    0.6148   -0.0184    1.5932    0.3655    0.4034
    
2016081600
   0    1.3751    2.3503    2.1598    2.1598    0.5291    0.0204    1.5636    0.3843    0.4098
   0    1.3751    2.3503    2.1598    2.1598    0.5291    0.0204    1.5636    0.3843    0.4098
    
2016081700
   0    1.4338    2.2602    2.2259    2.2259    0.5355    0.0973    1.6239    0.3746    0.4220
   0    1.4338    2.2602    2.2259    2.2259    0.5355    0.0973    1.6239    0.3746    0.4220
    
2016081800
   0    1.5550    2.2286    2.4325    2.4325    0.6919    0.2059    1.7720    0.3686    0.4167
   0    1.5550    2.2286    2.4325    2.4325    0.6919    0.2059    1.7720    0.3686    0.4167
    
2016081900
   0    1.4540    2.4039    2.3396    2.3396    0.7128    0.0030    1.6777    0.3746    0.3861
   0    1.4540    2.4039    2.3396    2.3396    0.7128    0.0030    1.6777    0.3746    0.3861
    
2016082000
   0    1.2830    2.2709    2.0495    2.0495    0.5724    0.0183    1.4734    0.3738    0.3804
   0    1.2830    2.2709    2.0495    2.0495    0.5724    0.0183    1.4734    0.3738    0.3804
    
2016082100
   0    1.3067    2.3529    2.0711    2.0711    0.6477    0.0616    1.5002    0.3659    0.3927
   0    1.3067    2.3529    2.0711    2.0711    0.6477    0.0616    1.5002    0.3659    0.3927
    
2016082200
   0    1.3765    2.0767    2.1616    2.1616    0.5574   -0.1642    1.5696    0.4386    0.3308
   0    1.3765    2.0767    2.1616    2.1616    0.5574   -0.1642    1.5696    0.4386    0.3308
    
2016082300
   0    1.3420    1.7900    2.1843    2.1843    0.6109   -0.1422    1.5379    0.4378    0.3376
   0    1.3420    1.7900    2.1843    2.1843    0.6109   -0.1422    1.5379    0.4378    0.3376
    
2016082400
   0    1.4090    2.1292    2.2742    2.2742    0.6955   -0.1540    1.6210    0.4374    0.3423
   0    1.4090    2.1292    2.2742    2.2742    0.6955   -0.1540    1.6210    0.4374    0.3423
    
2016082500
   0    1.4165    2.0742    2.2475    2.2475    0.5296   -0.0539    1.6011    0.4279    0.3593
   0    1.4165    2.0742    2.2475    2.2475    0.5296   -0.0539    1.6011    0.4279    0.3593
    
2016082600
   0    1.4418    1.7029    2.2622    2.2622    0.6109   -0.0554    1.6487    0.4304    0.3457
   0    1.4418    1.7029    2.2622    2.2622    0.6109   -0.0554    1.6487    0.4304    0.3457
    
2016082700
   0    1.4180    1.6417    2.2439    2.2439    0.5273    0.0250    1.6064    0.3817    0.3973
   0    1.4180    1.6417    2.2439    2.2439    0.5273    0.0250    1.6064    0.3817    0.3973
    
2016082800
   0    1.4261    2.2021    2.2396    2.2396    0.4797   -0.0785    1.6042    0.4346    0.3493
   0    1.4261    2.2021    2.2396    2.2396    0.4797   -0.0785    1.6042    0.4346    0.3493
    
2016082900
   0    1.4927    2.0414    2.3034    2.3034    0.4944   -0.0867    1.6801    0.4097    0.3786
   0    1.4927    2.0414    2.3034    2.3034    0.4944   -0.0867    1.6801    0.4097    0.3786
    
2016083000
   0    1.3662    2.0421    2.1732    2.1732    0.5542   -0.1641    1.5694    0.4055    0.3487
   0    1.3662    2.0421    2.1732    2.1732    0.5542   -0.1641    1.5694    0.4055    0.3487
    
2016083100
   0    1.3589    1.9119    2.0992    2.0992    0.5781   -0.4450    1.5661    0.4872    0.3007
   0    1.3589    1.9119    2.0992    2.0992    0.5781   -0.4450    1.5661    0.4872    0.3007
    
