CDATE=0201
      4       4     479
      0       0       0
      0       0       0
 
CDATE=0215
      4       4     479
      0       0       0
      0       0       0
 
CDATE=0301
      4       4     479
      0       0       0
      0       0       0
 
CDATE=0315
      4       4     479
      0       0       0
      0       0       0
 
CDATE=0401
      4       4     479
      0       0       0
      0       0       0
 
CDATE=0415
      4       4     479
      0       0       0
      0       0       0
 
CDATE=0501
      4       4     479
      0       0       0
      0       0       0
 
CDATE=0515
      4       4     479
      0       0       0
      0       0       0
 
CDATE=0601
      4       4     479
      0       0       0
      0       0       0
 
CDATE=0615
      4       4     479
      0       0       0
      0       0       0
 
CDATE=0701
      4       4     479
      4       4     467
      0       0       0
 
CDATE=0715
      4       4     479
      0       0       0
      0       0       0
 
"bride!weaken-her
