conus

 day  2023060100
    128     128   12608
    128     128   12864
    120     120   11820
    128     128   12864

 day  2023060200
    128     128   12608
    128     128   12864
    120     120   11820
    128     128   12864

 day  2023060300
    128     128   12608
    128     128   12864
    120     120   11820
    128     128   12864

 day  2023060400
    128     128   12608
    128     128   12864
    120     120   11820
    128     128   12864

 day  2023060500
    128     128   12608
    128     128   12864
    120     120   11820
    128     128   12864

 day  2023060600
    128     128   12608
    128     128   12864
    120     120   11820
    128     128   12864

 day  2023060700
    128     128   12608
    128     128   12864
    120     120   11820
    128     128   12864

 day  2023060800
    128     128   12608
    128     128   12864
    120     120   11820
    128     128   12864

 day  2023060900
    128     128   12608
    128     128   12864
    126     126   12411
    128     128   12864

 day  2023061000
    128     128   12608
    128     128   12864
    128     128   12608
    128     128   12864

 day  2023061100
    128     128   12608
    128     128   12864
    128     128   12608
    128     128   12864

 day  2023061200
    128     128   12608
    128     128   12864
    128     128   12608
    128     128   12864

 day  2023061300
    128     128   12608
    128     128   12864
    128     128   12608
    128     128   12864

 day  2023061400
    128     128   12608
    128     128   12864
    128     128   12608
    128     128   12864

 day  2023061500
    128     128   12608
    128     128   12864
    128     128   12608
    128     128   12864

 day  2023061600
    128     128   12608
    128     128   12864
    128     128   12608
    128     128   12864

 day  2023061700
    128     128   12608
    128     128   12864
    128     128   12608
    128     128   12864

 day  2023061800
    128     128   12608
    128     128   12864
    128     128   12608
    128     128   12864

 day  2023061900
    128     128   12608
    128     128   12864
    128     128   12608
    128     128   12864

 day  2023062000
    128     128   12608
    128     128   12864
    128     128   12608
    128     128   12864

 day  2023062100
    128     128   12608
    128     128   12864
    128     128   12608
    128     128   12864

 day  2023062200
    128     128   12608
    128     128   12864
    128     128   12608
    128     128   12864

 day  2023062300
    128     128   12608
    128     128   12864
    128     128   12608
    128     128   12864

 day  2023062400
    128     128   12608
    128     128   12864
    128     128   12608
    128     128   12864

 day  2023062500
    128     128   12608
    128     128   12864
    128     128   12608
    128     128   12864

 day  2023062600
    128     128   12608
    128     128   12864
    128     128   12608
    128     128   12864

 day  2023062700
    128     128   12608
    128     128   12864
    128     128   12608
    128     128   12864

 day  2023062800
    128     128   12608
    128     128   12864
    128     128   12608
    128     128   12864

 day  2023062900
    128     128   12608
    128     128   12864
    128     128   12608
    128     128   12864

 day  2023063000
    128     128   12608
    128     128   12864
    128     128   12608
    128     128   12864

