2023050100
    
2023050200
   0    2.0348 -999.9900    3.8309    3.8309    3.9405    0.0382    2.8651    0.1017    0.1069
   0    1.9712 -999.9900    3.7088    3.7088    3.9858    0.0122    2.8035    0.0864    0.0925
   0    2.0257 -999.9900    3.8208    3.8208    3.9785    0.0710    2.8749    0.0958    0.1011
   0    1.9773 -999.9900    3.7285    3.7285    3.9979    0.0370    2.8197    0.0851    0.0895
    
2023050300
   0    2.0711 -999.9900    3.9112    3.9112    3.9311   -0.0888    2.9290    0.1044    0.1019
   0    2.0134 -999.9900    3.7799    3.7799    3.9702   -0.0515    2.8383    0.0958    0.1022
   0    2.0481 -999.9900    3.8931    3.8931    3.9471   -0.0752    2.9139    0.0954    0.0964
   0    2.0084 -999.9900    3.7916    3.7916    3.9754   -0.0508    2.8457    0.0920    0.0975
    
2023050400
   0    2.1993 -999.9900    4.1397    4.1397    3.9579   -0.0359    3.0944    0.1397    0.1159
   0    2.1596 -999.9900    4.0727    4.0727    4.0258   -0.1155    3.0629    0.1323    0.1014
   0    2.1951 -999.9900    4.1262    4.1262    3.9957   -0.0634    3.1125    0.1369    0.1093
   0    2.1621 -999.9900    4.0744    4.0744    4.0378   -0.1161    3.0734    0.1327    0.0986
    
2023050500
   0    2.0564 -999.9900    3.8888    3.8888    3.9504   -0.0185    2.8742    0.1209    0.1096
   0    2.0399 -999.9900    3.8891    3.8891    3.9887   -0.1061    2.8789    0.1176    0.1030
   0    2.0216 -999.9900    3.8377    3.8377    3.9772   -0.0045    2.8374    0.1125    0.0990
   0    2.0212 -999.9900    3.8576    3.8576    3.9975   -0.0802    2.8560    0.1123    0.0976
    
2023050600
   0    2.0082 -999.9900    3.7367    3.7367    3.8306   -0.0915    2.8330    0.1277    0.0993
   0    1.9775 -999.9900    3.7041    3.7041    3.9360   -0.1690    2.7958    0.1085    0.0886
   0    2.0123 -999.9900    3.7670    3.7670    3.9004   -0.1577    2.8363    0.1202    0.0930
   0    1.9846 -999.9900    3.7242    3.7242    3.9599   -0.1933    2.8041    0.1055    0.0864
    
2023050700
   0    1.8729 -999.9900    3.5091    3.5091    3.9622   -0.0932    2.6506    0.1065    0.0859
   0    1.8408 -999.9900    3.4399    3.4399    3.9774   -0.1466    2.6347    0.1015    0.0789
   0    1.8506 -999.9900    3.4614    3.4614    4.0000   -0.1223    2.6225    0.0996    0.0821
   0    1.8345 -999.9900    3.4308    3.4308    3.9914   -0.1534    2.6232    0.0983    0.0763
    
2023050800
   0    1.8479 -999.9900    3.5252    3.5252    3.9287   -0.1295    2.6071    0.0850    0.0892
   0    1.8516 -999.9900    3.5588    3.5588    3.9965   -0.1556    2.6303    0.0808    0.0822
   0    1.8498 -999.9900    3.5632    3.5632    3.9311   -0.1213    2.6293    0.0832    0.0856
   0    1.8513 -999.9900    3.5724    3.5724    3.9863   -0.1454    2.6372    0.0805    0.0812
    
2023050900
   0    1.9471 -999.9900    3.8441    3.8441    3.9354    0.0103    2.7457    0.0869    0.0816
   0    1.9316 -999.9900    3.8243    3.8243    3.9143   -0.0196    2.7279    0.0857    0.0803
   0    1.8696 -999.9900    3.6910    3.6910    3.9133    0.0497    2.6409    0.0759    0.0751
   0    1.8818 -999.9900    3.7253    3.7253    3.9166    0.0100    2.6600    0.0778    0.0742
    
2023051000
   0    1.9090 -999.9900    3.7078    3.7078    3.8964    0.1068    2.6660    0.0917    0.0821
   0    1.9808 -999.9900    3.8839    3.8839    3.8991    0.1134    2.7785    0.0960    0.0915
   0    1.9378 -999.9900    3.7872    3.7872    3.8818    0.1005    2.7227    0.0911    0.0830
   0    1.9826 -999.9900    3.8935    3.8935    3.8918    0.1083    2.7859    0.0934    0.0898
    
2023051100
   0    1.9687 -999.9900    3.8022    3.8022    3.9493    0.0322    2.7827    0.0940    0.0862
   0    1.9648 -999.9900    3.8064    3.8064    3.9724    0.0364    2.7695    0.0835    0.0891
   0    1.9430 -999.9900    3.7584    3.7584    3.9622    0.0470    2.7496    0.0873    0.0813
   0    1.9483 -999.9900    3.7771    3.7771    3.9765    0.0448    2.7471    0.0822    0.0848
    
2023051200
   0    1.9413 -999.9900    3.6904    3.6904    3.7958    0.0094    2.7398    0.1084    0.0896
   0    1.9559 -999.9900    3.7562    3.7562    3.8825   -0.0407    2.7805    0.0995    0.0820
   0    1.9401 -999.9900    3.6855    3.6855    3.8054    0.0269    2.7519    0.1062    0.0877
   0    1.9472 -999.9900    3.7340    3.7340    3.8773   -0.0244    2.7751    0.0984    0.0804
    
2023051300
   0    1.9141 -999.9900    3.5948    3.5948    3.9312    0.0192    2.7199    0.1152    0.0802
   0    1.8753 -999.9900    3.5386    3.5386    3.9151   -0.0704    2.6693    0.1096    0.0744
   0    1.9189 -999.9900    3.6010    3.6010    3.9221    0.0017    2.7348    0.1189    0.0772
   0    1.8844 -999.9900    3.5553    3.5553    3.9116   -0.0630    2.6863    0.1128    0.0724
    
2023051400
   0    2.0796 -999.9900    3.9889    3.9889    3.8194   -0.0619    2.9238    0.1361    0.0953
   0    2.0837 -999.9900    4.0079    4.0079    3.8516   -0.0968    2.9308    0.1361    0.0924
   0    2.0515 -999.9900    3.9442    3.9442    3.7765   -0.0360    2.8967    0.1282    0.0946
   0    2.0586 -999.9900    3.9699    3.9699    3.8280   -0.0742    2.9073    0.1275    0.0900
    
2023051500
   0    2.1848 -999.9900    4.1544    4.1544    3.7264   -0.0762    3.0322    0.1484    0.0981
   0    2.1401 -999.9900    4.0874    4.0874    3.8003   -0.0876    2.9991    0.1348    0.1004
   0    2.1655 -999.9900    4.1225    4.1225    3.7041   -0.0543    3.0239    0.1386    0.0987
   0    2.1311 -999.9900    4.0724    4.0724    3.7825   -0.0722    2.9919    0.1303    0.0969
    
2023051600
   0    2.1856 -999.9900    4.2339    4.2339    3.9347   -0.1285    3.0634    0.1167    0.0935
   0    2.1460 -999.9900    4.1864    4.1864    3.8674   -0.1934    3.0122    0.1208    0.0872
   0    2.1484 -999.9900    4.1899    4.1899    3.9540   -0.0896    3.0223    0.1114    0.0896
   0    2.1300 -999.9900    4.1673    4.1673    3.8950   -0.1571    2.9951    0.1146    0.0849
    
2023051700
   0    2.1645 -999.9900    4.1193    4.1193    3.8871   -0.2573    3.0549    0.1533    0.0815
   0    2.1338 -999.9900    4.1268    4.1268    3.8771   -0.2472    3.0160    0.1308    0.0839
   0    2.1880 -999.9900    4.1971    4.1971    3.8681   -0.2490    3.0910    0.1529    0.0816
   0    2.1531 -999.9900    4.1743    4.1743    3.8655   -0.2442    3.0458    0.1358    0.0833
    
2023051800
   0    2.0887 -999.9900    3.9284    3.9284    3.7957   -0.2044    2.9740    0.1512    0.0834
   0    2.0998 -999.9900    4.0064    4.0064    3.7669   -0.2617    2.9944    0.1429    0.0928
   0    2.0861 -999.9900    3.9426    3.9426    3.7890   -0.1951    2.9751    0.1480    0.0869
   0    2.0911 -999.9900    3.9902    3.9902    3.7787   -0.2446    2.9861    0.1407    0.0918
    
2023051900
   0    2.2048 -999.9900    4.2140    4.2140    3.9070   -0.1314    3.1372    0.1386    0.0989
   0    2.1666 -999.9900    4.1899    4.1899    3.8398   -0.1296    3.0775    0.1290    0.1047
   0    2.1592 -999.9900    4.1622    4.1622    3.8887   -0.1097    3.0711    0.1318    0.0966
   0    2.1428 -999.9900    4.1581    4.1581    3.8487   -0.1170    3.0436    0.1251    0.1002
    
2023052000
   0    2.3965 -999.9900    4.5792    4.5792    3.7060   -0.1302    3.3483    0.1851    0.1260
   0    2.3421 -999.9900    4.5235    4.5235    3.7206   -0.1822    3.2995    0.1665    0.1205
   0    2.3608 -999.9900    4.5229    4.5229    3.7285   -0.1349    3.3145    0.1762    0.1192
   0    2.3291 -999.9900    4.4981    4.4981    3.7342   -0.1746    3.2897    0.1644    0.1165
    
2023052100
   0    2.1866 -999.9900    4.1508    4.1508    3.7384   -0.1351    3.1234    0.1645    0.0972
   0    2.1347 -999.9900    4.0642    4.0642    3.6873   -0.2186    3.0679    0.1552    0.1026
   0    2.1450 -999.9900    4.0791    4.0791    3.7203   -0.1012    3.0769    0.1519    0.0950
   0    2.1161 -999.9900    4.0328    4.0328    3.6928   -0.1815    3.0463    0.1486    0.0983
    
2023052200
   0    1.8101 -999.9900    3.4198    3.4198    3.6982    0.0017    2.5481    0.1095    0.0815
   0    1.8701 -999.9900    3.5903    3.5903    3.7363   -0.0806    2.6511    0.1058    0.0920
   0    1.8051 -999.9900    3.4285    3.4285    3.6577   -0.0238    2.5648    0.1065    0.0756
   0    1.8483 -999.9900    3.5484    3.5484    3.7180   -0.0794    2.6338    0.1008    0.0840
    
2023052300
   0    1.9232 -999.9900    3.6611    3.6611    3.6811    0.0810    2.7128    0.1189    0.1052
   0    1.9172 -999.9900    3.7031    3.7031    3.6942    0.0389    2.7306    0.1152    0.0920
   0    1.8896 -999.9900    3.6057    3.6057    3.6788    0.0701    2.6677    0.1234    0.0940
   0    1.8956 -999.9900    3.6589    3.6589    3.6933    0.0407    2.6983    0.1176    0.0870
    
2023052400
   0    2.0946 -999.9900    4.1099    4.1099    3.6346    0.2956    2.9167    0.1356    0.1176
   0    2.0812 -999.9900    4.1257    4.1257    3.6722    0.2736    2.9199    0.1273    0.1116
   0    2.0275 -999.9900    3.9797    3.9797    3.6815    0.3006    2.8404    0.1235    0.1066
   0    2.0381 -999.9900    4.0365    4.0365    3.7018    0.2810    2.8686    0.1204    0.1040
    
2023052500
   0    2.0760 -999.9900    4.0984    4.0984    3.7218    0.2792    2.9284    0.1189    0.1138
   0    2.0939 -999.9900    4.1555    4.1555    3.7396    0.2113    2.9700    0.1097    0.1133
   0    2.0029 -999.9900    3.9585    3.9585    3.6943    0.2698    2.8431    0.1125    0.1041
   0    2.0453 -999.9900    4.0574    4.0574    3.7248    0.2192    2.9085    0.1063    0.1067
    
2023052600
   0    2.0379 -999.9900    3.8452    3.8452    3.6822    0.2456    2.8922    0.1242    0.1286
   0    2.0649 -999.9900    3.9278    3.9278    3.6565    0.2317    2.9574    0.1202    0.1333
   0    2.0014 -999.9900    3.7988    3.7988    3.6641    0.2178    2.8581    0.1120    0.1221
   0    2.0367 -999.9900    3.8810    3.8810    3.6544    0.2178    2.9212    0.1133    0.1276
    
2023052700
   0    2.1482 -999.9900    4.1069    4.1069    3.6989    0.0198    3.0807    0.1484    0.1098
   0    2.1766 -999.9900    4.1806    4.1806    3.7343    0.0309    3.1328    0.1469    0.1147
   0    2.1643 -999.9900    4.1636    4.1636    3.7053    0.0365    3.1031    0.1507    0.1079
   0    2.1739 -999.9900    4.1873    4.1873    3.7449    0.0387    3.1291    0.1463    0.1097
    
2023052800
   0    2.0667 -999.9900    3.9600    3.9600    3.8488   -0.0182    2.9247    0.1415    0.0891
   0    2.0764 -999.9900    3.9852    3.9852    3.7970   -0.0772    2.9495    0.1392    0.0894
   0    2.0701 -999.9900    3.9837    3.9837    3.8000    0.0314    2.9511    0.1438    0.0884
   0    2.0731 -999.9900    3.9936    3.9936    3.7793   -0.0356    2.9543    0.1398    0.0874
    
2023052900
   0    2.2263 -999.9900    4.2304    4.2304    3.6728   -0.0331    3.1343    0.1477    0.1246
   0    2.1545 -999.9900    4.1145    4.1145    3.7046   -0.0988    3.0483    0.1439    0.1203
   0    2.1184 -999.9900    4.0613    4.0613    3.7525   -0.0245    3.0127    0.1303    0.1080
   0    2.1027 -999.9900    4.0315    4.0315    3.7491   -0.0805    2.9858    0.1323    0.1108
    
2023053000
   0    2.0539 -999.9900    3.8577    3.8577    3.6613   -0.1944    2.9306    0.1319    0.1142
   0    2.0834 -999.9900    3.9709    3.9709    3.6967   -0.1124    2.9965    0.1314    0.1112
   0    2.0144 -999.9900    3.7983    3.7983    3.6501   -0.1680    2.8849    0.1239    0.1045
   0    2.0512 -999.9900    3.9117    3.9117    3.6852   -0.1129    2.9539    0.1229    0.1048
    
2023053100
   0    2.1297 -999.9900    4.0296    4.0296    3.7724   -0.0953    3.0348    0.1363    0.1115
   0    2.1024 -999.9900    4.0252    4.0252    3.7136   -0.0966    3.0105    0.1358    0.1066
   0    2.1164 -999.9900    4.0147    4.0147    3.6991   -0.1048    3.0262    0.1379    0.1077
   0    2.0909 -999.9900    4.0031    4.0031    3.6954   -0.1053    3.0001    0.1340    0.1023
    
2023060100
   0    2.0691 -999.9900    3.8720    3.8720    3.7972   -0.1616    2.9241    0.1309    0.0991
   0    2.0165 -999.9900    3.8247    3.8247    3.7335   -0.0854    2.8770    0.1212    0.1002
   0    2.0505 -999.9900    3.8596    3.8596    3.7598   -0.1603    2.9139    0.1286    0.0969
   0    2.0143 -999.9900    3.8241    3.8241    3.7283   -0.1028    2.8819    0.1229    0.0971
    
2023060200
   0    1.9625 -999.9900    3.6870    3.6870    3.7291   -0.2085    2.7726    0.1136    0.0951
   0    1.8697 -999.9900    3.5533    3.5533    3.6727   -0.1491    2.6489    0.1057    0.0868
   0    1.9308 -999.9900    3.6423    3.6423    3.7431   -0.1923    2.7221    0.1083    0.0890
   0    1.8681 -999.9900    3.5554    3.5554    3.6903   -0.1512    2.6433    0.1019    0.0835
    
2023060300
   0    1.9672 -999.9900    3.7103    3.7103    3.6239   -0.3949    2.7667    0.1375    0.0875
   0    1.9183 -999.9900    3.6368    3.6368    3.6488   -0.2924    2.7194    0.1200    0.0882
   0    1.9385 -999.9900    3.6633    3.6633    3.6025   -0.3651    2.7396    0.1351    0.0865
   0    1.9040 -999.9900    3.6151    3.6151    3.6392   -0.2951    2.7044    0.1199    0.0848
    
2023060400
   0    1.9768 -999.9900    3.7211    3.7211    3.5492   -0.2830    2.7954    0.1286    0.1035
   0    2.0016 -999.9900    3.7762    3.7762    3.5723   -0.2068    2.8496    0.1219    0.1092
   0    1.9796 -999.9900    3.7429    3.7429    3.5794   -0.2921    2.8051    0.1248    0.0996
   0    1.9939 -999.9900    3.7730    3.7730    3.5910   -0.2275    2.8404    0.1195    0.1033
    
2023060500
   0    2.2007 -999.9900    4.1829    4.1829    3.6055   -0.1838    3.1088    0.1340    0.1368
   0    2.2291 -999.9900    4.2613    4.2613    3.6264   -0.1486    3.1613    0.1306    0.1394
   0    2.1557 -999.9900    4.1196    4.1196    3.5983   -0.1982    3.0513    0.1266    0.1267
   0    2.1918 -999.9900    4.2017    4.2017    3.6258   -0.1643    3.1129    0.1245    0.1298
    
2023060600
   0    1.9866 -999.9900    3.7718    3.7718    3.7353   -0.3063    2.7931    0.1080    0.0878
   0    2.0458 -999.9900    3.8891    3.8891    3.6402   -0.2409    2.8873    0.1166    0.0978
   0    1.9978 -999.9900    3.8025    3.8025    3.6498   -0.2943    2.8087    0.1152    0.0873
   0    2.0354 -999.9900    3.8736    3.8736    3.6197   -0.2468    2.8707    0.1156    0.0940
    
2023060700
   0    1.9607 -999.9900    3.6267    3.6267    3.7681   -0.2688    2.7375    0.1150    0.0854
   0    1.9416 -999.9900    3.6052    3.6052    3.6716   -0.2511    2.7446    0.1126    0.0870
   0    1.9236 -999.9900    3.5762    3.5762    3.6841   -0.2681    2.7035    0.1167    0.0844
   0    1.9191 -999.9900    3.5757    3.5757    3.6445   -0.2542    2.7178    0.1124    0.0849
    
2023060800
   0    1.8757 -999.9900    3.4883    3.4883    3.7413   -0.3234    2.6575    0.0903    0.0793
   0    1.8539 -999.9900    3.4614    3.4614    3.6628   -0.2654    2.6344    0.0910    0.0848
   0    1.8630 -999.9900    3.4688    3.4688    3.7181   -0.3372    2.6462    0.0861    0.0770
   0    1.8458 -999.9900    3.4515    3.4515    3.6683   -0.2852    2.6277    0.0874    0.0809
    
2023060900
   0    1.6871 -999.9900    3.1151    3.1151    3.6658   -0.2694    2.3275    0.0933    0.0712
   0    1.6718 -999.9900    3.1012    3.1012    3.5980   -0.2896    2.3171    0.0904    0.0725
   0    1.6840 -999.9900    3.1180    3.1180    3.7280   -0.2641    2.3464    0.0841    0.0679
   0    1.6670 -999.9900    3.0927    3.0927    3.6607   -0.2824    2.3192    0.0839    0.0679
    
2023061000
   0    1.6884 -999.9900    3.1582    3.1582    3.6492   -0.1836    2.3753    0.0814    0.0747
   0    1.6651 -999.9900    3.1050    3.1050    3.6359   -0.1889    2.3518    0.0744    0.0743
   0    1.6979 -999.9900    3.1816    3.1816    3.7034   -0.1811    2.3963    0.0801    0.0678
   0    1.6697 -999.9900    3.1188    3.1188    3.6805   -0.1863    2.3612    0.0728    0.0684
    
2023061100
   0    1.8705 -999.9900    3.5516    3.5516    3.6533   -0.2402    2.6127    0.1243    0.0883
   0    1.8220 -999.9900    3.4843    3.4843    3.5654   -0.2565    2.5689    0.1176    0.0836
   0    1.8520 -999.9900    3.5121    3.5121    3.7133   -0.2073    2.5960    0.1224    0.0838
   0    1.8159 -999.9900    3.4677    3.4677    3.6258   -0.2334    2.5621    0.1153    0.0807
    
2023061200
   0    2.0802 -999.9900    4.0018    4.0018    3.6816   -0.3614    2.9200    0.1680    0.0891
   0    1.9751 -999.9900    3.8190    3.8190    3.6273   -0.3959    2.7825    0.1555    0.0869
   0    2.0495 -999.9900    3.9497    3.9497    3.6907   -0.3161    2.9017    0.1464    0.0913
   0    1.9731 -999.9900    3.8186    3.8186    3.6496   -0.3618    2.7947    0.1455    0.0865
    
2023061300
   0    2.0123 -999.9900    3.8629    3.8629    3.6066   -0.4812    2.8333    0.1759    0.0882
   0    1.8790 -999.9900    3.6033    3.6033    3.5919   -0.4907    2.6601    0.1586    0.0702
   0    2.0236 -999.9900    3.9000    3.9000    3.6108   -0.4950    2.8514    0.1737    0.0829
   0    1.9066 -999.9900    3.6743    3.6743    3.6035   -0.4971    2.7030    0.1590    0.0692
    
2023061400
   0    1.9037 -999.9900    3.6542    3.6542    3.5746   -0.4192    2.6629    0.1525    0.0722
   0    1.8791 -999.9900    3.6366    3.6366    3.6223   -0.4549    2.6448    0.1405    0.0698
   0    1.8830 -999.9900    3.6192    3.6192    3.6294   -0.3735    2.6479    0.1464    0.0694
   0    1.8598 -999.9900    3.5976    3.5976    3.6665   -0.4203    2.6259    0.1369    0.0656
    
2023061500
   0    1.7892 -999.9900    3.4434    3.4434    3.4851   -0.2829    2.5154    0.1281    0.0806
   0    1.7663 -999.9900    3.4026    3.4026    3.5464   -0.2959    2.4974    0.1156    0.0731
   0    1.7928 -999.9900    3.4549    3.4549    3.5193   -0.2812    2.5249    0.1189    0.0788
   0    1.7686 -999.9900    3.4115    3.4115    3.5602   -0.2923    2.4983    0.1117    0.0716
    
2023061600
   0    1.7749 -999.9900    3.4449    3.4449    3.4840   -0.1055    2.4730    0.0936    0.0922
   0    1.7926 -999.9900    3.5002    3.5002    3.4799   -0.1359    2.5103    0.0958    0.0950
   0    1.7499 -999.9900    3.4168    3.4168    3.4645   -0.1215    2.4362    0.0906    0.0879
   0    1.7699 -999.9900    3.4646    3.4646    3.4774   -0.1394    2.4730    0.0917    0.0904
    
2023061700
   0    1.8903 -999.9900    3.6031    3.6031    3.5475   -0.0644    2.6480    0.1118    0.1161
   0    1.8975 -999.9900    3.6538    3.6538    3.5680   -0.0863    2.6616    0.1100    0.1148
   0    1.8873 -999.9900    3.6330    3.6330    3.5602   -0.0578    2.6510    0.1062    0.1094
   0    1.8944 -999.9900    3.6638    3.6638    3.5690   -0.0779    2.6589    0.1061    0.1094
    
2023061800
   0    1.8902 -999.9900    3.6150    3.6150    3.5701   -0.1714    2.6834    0.1155    0.1049
   0    1.8945 -999.9900    3.6438    3.6438    3.5194   -0.1851    2.7144    0.1169    0.1088
   0    1.8877 -999.9900    3.6194    3.6194    3.5786   -0.1338    2.6877    0.1072    0.1070
   0    1.8858 -999.9900    3.6311    3.6311    3.5449   -0.1598    2.7031    0.1088    0.1053
    
2023061900
   0    1.7881 -999.9900    3.3403    3.3403    3.4173    0.1165    2.5256    0.1016    0.1098
   0    1.7861 -999.9900    3.3624    3.3624    3.4749    0.0729    2.5378    0.0941    0.1035
   0    1.7797 -999.9900    3.3364    3.3364    3.4532    0.1235    2.5257    0.0973    0.1006
   0    1.7784 -999.9900    3.3488    3.3488    3.4911    0.0858    2.5317    0.0918    0.0960
    
2023062000
   0    1.8639 -999.9900    3.4577    3.4577    3.3830    0.3377    2.6094    0.0997    0.1269
   0    1.7965 -999.9900    3.3231    3.3231    3.3935    0.2770    2.5387    0.0939    0.1147
   0    1.8290 -999.9900    3.4102    3.4102    3.4052    0.3317    2.5779    0.0917    0.1211
   0    1.7886 -999.9900    3.3206    3.3206    3.4050    0.2855    2.5323    0.0892    0.1116
    
2023062100
   0    1.7516 -999.9900    3.3413    3.3413    3.3796    0.1702    2.4730    0.0917    0.1137
   0    1.7218 -999.9900    3.2585    3.2585    3.3741    0.1299    2.4427    0.0923    0.1073
   0    1.7273 -999.9900    3.2981    3.2981    3.3690    0.1585    2.4378    0.0886    0.1047
   0    1.7056 -999.9900    3.2358    3.2358    3.3818    0.1310    2.4186    0.0874    0.1005
    
2023062200
   0    1.7266 -999.9900    3.2898    3.2898    3.3439    0.0269    2.3967    0.1031    0.1093
   0    1.6652 -999.9900    3.1509    3.1509    3.3908    0.0014    2.3227    0.1005    0.0922
   0    1.6834 -999.9900    3.2102    3.2102    3.3341    0.0141    2.3504    0.0975    0.1029
   0    1.6472 -999.9900    3.1205    3.1205    3.3845   -0.0012    2.3026    0.0948    0.0893
    
2023062300
   0    1.6325 -999.9900    3.0536    3.0536    3.3574   -0.1754    2.3218    0.1045    0.0803
   0    1.6354 -999.9900    3.0780    3.0780    3.3956   -0.1554    2.3361    0.1014    0.0771
   0    1.6397 -999.9900    3.0729    3.0729    3.3880   -0.2063    2.3381    0.1069    0.0737
   0    1.6351 -999.9900    3.0771    3.0771    3.4128   -0.1779    2.3373    0.1025    0.0715
    
2023062400
   0    1.6317 -999.9900    3.1185    3.1185    3.4030   -0.2422    2.2998    0.0964    0.0713
   0    1.6699 -999.9900    3.1944    3.1944    3.4036   -0.2600    2.3603    0.0984    0.0722
   0    1.6211 -999.9900    3.1065    3.1065    3.3754   -0.2662    2.2914    0.0946    0.0701
   0    1.6514 -999.9900    3.1666    3.1666    3.3927   -0.2708    2.3394    0.0943    0.0692
    
2023062500
   0    1.6638 -999.9900    3.2025    3.2025    3.3543   -0.1485    2.3289    0.0912    0.0843
   0    1.6746 -999.9900    3.2321    3.2321    3.3126   -0.1859    2.3614    0.0955    0.0803
   0    1.6480 -999.9900    3.1792    3.1792    3.3717   -0.1777    2.3149    0.0905    0.0779
   0    1.6555 -999.9900    3.1990    3.1990    3.3446   -0.1959    2.3355    0.0912    0.0752
    
2023062600
   0    1.7426 -999.9900    3.2483    3.2483    3.4206   -0.2148    2.4318    0.1184    0.0999
   0    1.7172 -999.9900    3.2553    3.2553    3.3929   -0.2369    2.3986    0.1069    0.0967
   0    1.7219 -999.9900    3.2418    3.2418    3.4044   -0.2113    2.4121    0.1103    0.0918
   0    1.7072 -999.9900    3.2488    3.2488    3.3901   -0.2303    2.3912    0.1024    0.0897
    
2023062700
   0    1.8371 -999.9900    3.4063    3.4063    3.3142   -0.0889    2.5858    0.1344    0.1107
   0    1.8524 -999.9900    3.4538    3.4538    3.3423   -0.1538    2.6266    0.1298    0.1104
   0    1.8148 -999.9900    3.3846    3.3846    3.2895   -0.1168    2.5678    0.1365    0.1032
   0    1.8298 -999.9900    3.4221    3.4221    3.3320   -0.1575    2.5985    0.1292    0.1034
    
2023062800
   0    1.8204 -999.9900    3.4742    3.4742    3.2924   -0.0353    2.5808    0.1115    0.1085
   0    1.8972 -999.9900    3.6141    3.6141    3.2914   -0.0184    2.7029    0.1147    0.1197
   0    1.8165 -999.9900    3.4643    3.4643    3.3253   -0.0333    2.5813    0.1108    0.1047
   0    1.8798 -999.9900    3.5835    3.5835    3.3187   -0.0217    2.6773    0.1119    0.1133
    
2023062900
   0    1.6954 -999.9900    3.1986    3.1986    3.3812   -0.1223    2.3659    0.1036    0.0912
   0    1.6915 -999.9900    3.2230    3.2230    3.2970   -0.0770    2.3610    0.0983    0.0978
   0    1.6748 -999.9900    3.1836    3.1836    3.3809   -0.0817    2.3410    0.0941    0.0873
   0    1.6772 -999.9900    3.2082    3.2082    3.3214   -0.0607    2.3433    0.0916    0.0931
    
2023063000
   0    1.6556 -999.9900    3.1532    3.1532    3.2843    0.0206    2.3040    0.0984    0.0970
   0    1.6531 -999.9900    3.1532    3.1532    3.2843    0.0206    2.3040    0.0984    0.0970
   0    1.6097 -999.9900    3.0740    3.0740    3.3196    0.0113    2.2481    0.0891    0.0807
   0    1.6191 -999.9900    3.1065    3.1065    3.2658    0.0573    2.2627    0.0850    0.0866
    
