v6.1 gefs
v6.1 naefs
v7.0 gefs
v7.0 naefs
    
2023040100
   0    2.1487 -999.9900    3.8022    3.8022    4.8074    0.2867    2.9554    0.0727    0.0884
   0    2.2326 -999.9900    3.9774    3.9774    4.8640    0.3454    3.0120    0.0782    0.1047
   0    2.2278 -999.9900    3.9557    3.9557    4.8454    0.2981    3.0736    0.0873    0.0903
   0    2.2627 -999.9900    4.0305    4.0305    4.8766    0.3405    3.0699    0.0852    0.1039
    
2023040200
   0    2.6239 -999.9900    4.8617    4.8617    5.7274   -0.3136    3.7915    0.0871    0.0879
   0    2.6755 -999.9900    5.0125    5.0125    5.4542   -0.4810    3.8457    0.1071    0.0884
   0    2.4519 -999.9900    4.4727    4.4727    5.5610   -0.2266    3.4804    0.0747    0.0814
   0    2.5569 -999.9900    4.7517    4.7517    5.4158   -0.3954    3.6434    0.0898    0.0847
    
2023040300
   0    2.4387 -999.9900    4.7557    4.7557    4.7236   -0.3001    3.5041    0.0963    0.1196
   0    2.2214 -999.9900    4.2354    4.2354    5.0026   -0.4490    3.1450    0.0794    0.0717
   0    2.4508 -999.9900    4.7260    4.7260    4.9013   -0.3633    3.5140    0.0925    0.1054
   0    2.2703 -999.9900    4.3226    4.3226    5.0503   -0.4571    3.2234    0.0806    0.0729
    
2023040400
   0    2.3103 -999.9900    4.2675    4.2675    4.6719   -0.5352    3.3214    0.1129    0.0788
   0    2.2827 -999.9900    4.2058    4.2058    4.8369   -0.5381    3.2258    0.1065    0.0682
   0    2.3008 -999.9900    4.2642    4.2642    4.7838   -0.4562    3.3001    0.1117    0.0740
   0    2.2937 -999.9900    4.2382    4.2382    4.8489   -0.4902    3.2441    0.1096    0.0662
    
2023040500
   0    1.9293 -999.9900    3.2250    3.2250    5.0257   -1.0789    2.5295    0.1110    0.0185
   0    1.9194 -999.9900    3.2233    3.2233    4.8888   -1.1319    2.5154    0.1301    0.0177
   0    1.9583 -999.9900    3.3346    3.3346    5.0217   -1.1298    2.5870    0.1137    0.0184
   0    1.9323 -999.9900    3.2714    3.2714    4.9271   -1.1518    2.5392    0.1265    0.0170
    
2023040600
   0    2.4110 -999.9900    4.6298    4.6298    4.9463   -0.5500    3.4964    0.1002    0.0671
   0    2.4897 -999.9900    4.7648    4.7648    5.0313   -0.8757    3.5872    0.1203    0.0494
   0    2.4599 -999.9900    4.7976    4.7976    4.9212   -0.7044    3.5506    0.1091    0.0564
   0    2.5049 -999.9900    4.8424    4.8424    4.9944   -0.9032    3.6030    0.1199    0.0483
    
2023040700
   0    2.7372 -999.9900    5.1663    5.1663    4.9455    1.2077    3.8738    0.1045    0.1487
   0    2.7719 -999.9900    5.2276    5.2276    5.1155    1.1004    3.8878    0.1114    0.1239
   0    2.6670 -999.9900    5.0305    5.0305    5.0225    1.0440    3.7934    0.1010    0.1308
   0    2.7244 -999.9900    5.1356    5.1356    5.1254    1.0236    3.8387    0.1069    0.1178
    
2023040800
   0    2.6419 -999.9900    4.8414    4.8414    4.9752    1.2978    3.7783    0.1143    0.1363
   0    2.5497 -999.9900    4.6826    4.6826    5.1886    1.3061    3.6981    0.1074    0.0929
   0    2.5663 -999.9900    4.7795    4.7795    4.8993    1.2190    3.7157    0.1100    0.1183
   0    2.5176 -999.9900    4.6573    4.6573    5.1207    1.2571    3.6687    0.1055    0.0905
    
2023040900
   0    3.1337 -999.9900    5.7926    5.7926    4.9779    0.9236    4.4939    0.1249    0.1895
   0    3.2427 -999.9900    5.9497    5.9497    4.9273    0.7960    4.6357    0.1315    0.1878
   0    3.0672 -999.9900    5.6853    5.6853    4.8818    0.9080    4.4302    0.1184    0.1782
   0    3.1800 -999.9900    5.8591    5.8591    4.8765    0.8122    4.5690    0.1262    0.1810
    
2023041000
   0    2.4963 -999.9900    4.4586    4.4586    4.9042   -0.8289    3.3868    0.1613    0.0575
   0    2.7109 -999.9900    4.8024    4.8024    5.2001   -0.6592    3.7452    0.1696    0.0533
   0    2.5728 -999.9900    4.6308    4.6308    4.9498   -0.7865    3.5332    0.1634    0.0497
   0    2.7127 -999.9900    4.8317    4.8317    5.1690   -0.6677    3.7551    0.1686    0.0497
    
2023041100
   0    2.7101 -999.9900    5.0095    5.0095    4.8434   -0.9723    3.8546    0.1934    0.0801
   0    2.5492 -999.9900    4.7006    4.7006    4.9249   -1.0017    3.6043    0.1724    0.0460
   0    2.5833 -999.9900    4.7721    4.7721    4.7845   -1.0730    3.6946    0.1823    0.0583
   0    2.5023 -999.9900    4.6070    4.6070    4.8822   -1.0562    3.5489    0.1682    0.0446
    
2023041200
   0    2.1772 -999.9900    4.0169    4.0169    4.7240   -0.5933    3.0687    0.0925    0.0590
   0    2.3224 -999.9900    4.3074    4.3074    4.7759   -0.6467    3.2498    0.1184    0.0680
   0    2.2362 -999.9900    4.1529    4.1529    4.8136   -0.6999    3.1712    0.1001    0.0565
   0    2.3224 -999.9900    4.3163    4.3163    4.8294   -0.6999    3.2687    0.1138    0.0630
    
2023041300
   0    2.1432 -999.9900    3.8799    3.8799    4.5946   -0.0080    2.9803    0.1058    0.0817
   0    2.1371 -999.9900    3.8487    3.8487    4.7471    0.0431    2.9817    0.1046    0.0528
   0    2.1309 -999.9900    3.8729    3.8729    4.6354   -0.2119    2.9706    0.1120    0.0567
   0    2.1258 -999.9900    3.8431    3.8431    4.7463   -0.0894    2.9671    0.1015    0.0484
    
2023041400
   0    2.5787 -999.9900    4.7016    4.7016    4.7813    1.1671    3.7936    0.1029    0.1378
   0    2.7754 -999.9900    5.0821    5.0821    4.7869    1.3894    4.0707    0.1092    0.1677
   0    2.4903 -999.9900    4.5584    4.5584    4.8518    1.1842    3.6668    0.0922    0.1159
   0    2.6781 -999.9900    4.9181    4.9181    4.8381    1.3552    3.9384    0.1014    0.1454
    
2023041500
   0    2.7649 -999.9900    5.1500    5.1500    4.4674    0.9138    3.9712    0.1179    0.1534
   0    2.7593 -999.9900    5.1392    5.1392    4.5725    0.8739    3.9878    0.1184    0.1405
   0    2.7188 -999.9900    5.0956    5.0956    4.5637    0.7161    3.9495    0.1125    0.1415
   0    2.7307 -999.9900    5.1152    5.1152    4.6001    0.7632    3.9668    0.1150    0.1355
    
2023041600
   0    3.2258 -999.9900    5.8677    5.8677    4.5884   -0.2850    4.5756    0.2090    0.1496
   0    3.3445 -999.9900    6.0746    6.0746    4.7368    0.0319    4.7539    0.2027    0.1664
   0    3.1570 -999.9900    5.7781    5.7781    4.8028   -0.1709    4.4796    0.1873    0.1399
   0    3.2777 -999.9900    5.9787    5.9787    4.8356    0.0369    4.6542    0.1913    0.1470
    
2023041700
   0    2.7978 -999.9900    5.1060    5.1060    4.7854    0.1228    4.0818    0.1531    0.1173
   0    2.8407 -999.9900    5.1966    5.1966    4.8938   -0.1872    4.1445    0.1623    0.1065
   0    2.9416 -999.9900    5.3743    5.3743    4.7955    0.0177    4.2920    0.1597    0.1339
   0    2.9203 -999.9900    5.3444    5.3444    4.8717   -0.1883    4.2622    0.1652    0.1197
    
2023041800
   0    2.9469 -999.9900    5.3131    5.3131    4.8654   -0.6327    4.1572    0.1668    0.1347
   0    2.9801 -999.9900    5.3730    5.3730    4.8686   -0.8870    4.2485    0.1924    0.1264
   0    2.9421 -999.9900    5.3097    5.3097    4.8280   -0.5177    4.1697    0.1708    0.1355
   0    2.9650 -999.9900    5.3445    5.3445    4.8622   -0.7671    4.2245    0.1874    0.1280
    
2023041900
   0    3.1196 -999.9900    5.7335    5.7335    5.2808   -1.3136    4.4785    0.1827    0.0988
   0    2.9491 -999.9900    5.3825    5.3825    5.2074   -1.1855    4.1564    0.1781    0.0903
   0    3.0797 -999.9900    5.6645    5.6645    5.1482   -1.2729    4.4098    0.1887    0.0943
   0    2.9529 -999.9900    5.4061    5.4061    5.1489   -1.1867    4.1709    0.1794    0.0896
    
2023042000
   1 -999.9900 -999.9900 -999.9900 -999.9900 -999.9900 -999.9900 -999.9900 -999.9900 -999.9900
   0    2.9676 -999.9900    5.4230    5.4230    5.0945   -1.1456    4.2524    0.1741    0.0923
   1 -999.9900 -999.9900 -999.9900 -999.9900 -999.9900 -999.9900 -999.9900 -999.9900 -999.9900
   0    3.1936 -999.9900    5.7229    5.7229    5.1918   -0.7575    4.4490    0.1848    0.1403
    
2023042100
   0    2.3663 -999.9900    4.3273    4.3273    5.1239   -0.5723    3.2309    0.1164    0.0743
   0    2.3917 -999.9900    4.3416    4.3416    5.1178   -0.3529    3.3123    0.1059    0.0701
   0    2.5177 -999.9900    4.6233    4.6233    5.1728   -0.6326    3.5025    0.1265    0.0812
   0    2.4478 -999.9900    4.4537    4.4537    5.2051   -0.4330    3.3949    0.1070    0.0734
    
2023042200
   0    2.4652 -999.9900    4.6654    4.6654    4.7159   -0.7559    3.4910    0.1269    0.1000
   0    2.4019 -999.9900    4.4681    4.4681    4.9067   -0.7325    3.4025    0.1156    0.0808
   0    2.4113 -999.9900    4.5366    4.5366    4.9030   -0.6158    3.3943    0.1170    0.0914
   0    2.3839 -999.9900    4.4311    4.4311    4.9743   -0.6531    3.3643    0.1116    0.0781
    
2023042300
   0    3.5964 -999.9900    6.6695    6.6695    4.5375   -0.9758    4.9313    0.1935    0.1806
   0    3.6547 -999.9900    6.7002    6.7002    4.8612   -0.6982    5.0903    0.1884    0.1844
   0    3.5299 -999.9900    6.5221    6.5221    4.5898   -0.7506    4.8393    0.1820    0.1765
   0    3.5984 -999.9900    6.5995    6.5995    4.8358   -0.6186    4.9919    0.1795    0.1807
    
2023042400
   0    3.1627 -999.9900    5.4855    5.4855    4.8521   -0.4712    4.3567    0.1960    0.1474
   0    3.0661 -999.9900    5.3059    5.3059    4.8399   -0.3205    4.2260    0.1773    0.1635
   0    2.8915 -999.9900    5.0603    5.0603    4.7980   -0.4770    4.0024    0.1696    0.1301
   0    2.9205 -999.9900    5.0798    5.0798    4.8152   -0.3541    4.0319    0.1639    0.1462
    
2023042500
   0    2.2807 -999.9900    4.0544    4.0544    4.7456   -0.4437    3.1610    0.1309    0.0766
   0    2.2675 -999.9900    4.0395    4.0395    4.6105   -0.1893    3.1631    0.1297    0.0808
   0    2.2446 -999.9900    3.9726    3.9726    4.7858   -0.5825    3.1164    0.1347    0.0634
   0    2.2437 -999.9900    3.9811    3.9811    4.6736   -0.3235    3.1245    0.1306    0.0708
    
2023042600
   0    2.6026 -999.9900    5.0511    5.0511    4.9260   -0.3655    3.7028    0.1281    0.1047
   0    2.4925 -999.9900    4.8514    4.8514    4.8275   -0.1160    3.4869    0.1132    0.1146
   0    2.5962 -999.9900    5.0307    5.0307    4.8474   -0.5176    3.6563    0.1333    0.0879
   0    2.4924 -999.9900    4.8425    4.8425    4.8385   -0.2573    3.4963    0.1147    0.1001
    
2023042700
   0    2.4951 -999.9900    4.7677    4.7677    4.7416    0.4741    3.6006    0.1075    0.1217
   0    2.6247 -999.9900    4.9634    4.9634    4.7417    0.6047    3.7805    0.1286    0.1095
   0    2.5407 -999.9900    4.8733    4.8733    4.8351    0.7554    3.6969    0.0945    0.1238
   0    2.6216 -999.9900    4.9835    4.9835    4.8003    0.7473    3.7996    0.1155    0.1125
    
2023042800
   0    2.1526 -999.9900    3.8420    3.8420    4.7362    0.0397    3.0135    0.0985    0.0767
   0    2.3455 -999.9900    4.1987    4.1987    4.8975    0.0103    3.3377    0.1193    0.0801
   0    2.1581 -999.9900    3.8524    3.8524    4.6129   -0.0214    3.0154    0.1101    0.0772
   0    2.3109 -999.9900    4.1331    4.1331    4.7966   -0.0205    3.2751    0.1244    0.0772
    
2023042900
   0    2.4860 -999.9900    4.6843    4.6843    4.6826    0.0259    3.4426    0.1168    0.1127
   0    2.4388 -999.9900    4.6182    4.6182    5.0291    0.0095    3.4283    0.0909    0.0921
   0    2.4751 -999.9900    4.7550    4.7550    4.5780   -0.2407    3.4293    0.1233    0.0966
   0    2.4380 -999.9900    4.6646    4.6646    4.9118   -0.1472    3.4232    0.0937    0.0854
    
2023043000
   0    2.5683 -999.9900    5.1139    5.1139    4.3101    0.4450    3.5857    0.0947    0.1378
   0    2.6563 -999.9900    5.2619    5.2619    4.4792    0.5677    3.7404    0.0901    0.1461
   0    2.5417 -999.9900    5.0821    5.0821    4.4181    0.4425    3.5785    0.0817    0.1315
   0    2.6246 -999.9900    5.2189    5.2189    4.5018    0.5416    3.7068    0.0824    0.1403
    
2023050100
   0    2.7002 -999.9900    5.3469    5.3469    4.6124    1.0616    3.8565    0.1048    0.1740
   0    2.6816 -999.9900    5.2297    5.2297    4.6062    1.1953    3.8062    0.0979    0.1674
   0    2.6337 -999.9900    5.1830    5.1830    4.4668    1.0269    3.7445    0.0999    0.1746
   0    2.6429 -999.9900    5.1501    5.1501    4.5261    1.1477    3.7432    0.0954    0.1696
    
2023050200
   0    3.0841 -999.9900    5.6726    5.6726    4.3615   -0.0573    4.3330    0.1845    0.1525
   0    3.0715 -999.9900    5.6620    5.6620    4.4856   -0.0583    4.3664    0.1869    0.1411
   0    3.0495 -999.9900    5.6356    5.6356    4.4671   -0.1862    4.3148    0.1822    0.1310
   0    3.0451 -999.9900    5.6329    5.6329    4.5334   -0.1354    4.3419    0.1861    0.1282
    
2023050300
   0    2.0452 -999.9900    3.6659    3.6659    4.7317   -0.2366    2.8477    0.0804    0.0628
   0    2.1174 -999.9900    3.7594    3.7594    4.8729   -0.1853    2.9673    0.0993    0.0562
   0    2.0455 -999.9900    3.7108    3.7108    4.5542   -0.2436    2.8594    0.0920    0.0621
   0    2.0997 -999.9900    3.7675    3.7675    4.7426   -0.1997    2.9522    0.1012    0.0533
    
2023050400
   0    2.0393 -999.9900    3.5737    3.5737    4.3856   -0.0844    2.7914    0.1296    0.0804
   0    2.2070 -999.9900    3.9205    3.9205    4.7588    0.2183    3.1081    0.1313    0.0621
   0    2.0966 -999.9900    3.6928    3.6928    4.5847   -0.0974    2.8960    0.1301    0.0716
   0    2.2011 -999.9900    3.9116    3.9116    4.8039    0.1499    3.0965    0.1309    0.0576
    
2023050500
   0    1.9754 -999.9900    3.4362    3.4362    4.7598    0.0487    2.7032    0.0713    0.0707
   0    2.0146 -999.9900    3.5425    3.5425    4.7471   -0.1058    2.8067    0.0778    0.0765
   0    1.9747 -999.9900    3.4157    3.4157    4.9839    0.1960    2.6685    0.0720    0.0680
   0    2.0081 -999.9900    3.5199    3.5199    4.8761    0.0135    2.7720    0.0755    0.0734
    
2023050600
   0    2.4259 -999.9900    4.6693    4.6693    4.3093   -0.1061    3.4020    0.1144    0.1248
   0    2.4073 -999.9900    4.7117    4.7117    4.4934    0.0956    3.3584    0.0775    0.1392
   0    2.4043 -999.9900    4.6468    4.6468    4.2648   -0.0607    3.3551    0.0989    0.1289
   0    2.4042 -999.9900    4.7097    4.7097    4.4095    0.0825    3.3503    0.0764    0.1388
    
2023050700
   0    3.1882 -999.9900    5.8414    5.8414    4.3817   -0.9487    4.5139    0.2074    0.1640
   0    2.7934 -999.9900    5.2255    5.2255    4.5413   -0.8490    4.0459    0.1744    0.1378
   0    2.8735 -999.9900    5.3569    5.3569    4.7666   -0.9828    4.1829    0.1518    0.1382
   0    2.6976 -999.9900    5.0590    5.0590    4.7152   -0.8894    3.9420    0.1475    0.1275
    
2023050800
   0    2.2841 -999.9900    4.2684    4.2684    4.8622   -0.7315    3.2050    0.1296    0.0620
   0    2.1909 -999.9900    4.1054    4.1054    4.7598   -0.6807    3.0923    0.1108    0.0637
   0    2.1960 -999.9900    4.0784    4.0784    4.7694   -0.9034    3.0780    0.1199    0.0533
   0    2.1571 -999.9900    4.0219    4.0219    4.7252   -0.7939    3.0364    0.1076    0.0577
    
2023050900
   0    2.8288 -999.9900    5.2875    5.2875    4.3393    0.8841    3.9865    0.1357    0.1885
   0    2.7664 -999.9900    5.2352    5.2352    4.5306    0.6905    3.9027    0.1349    0.1629
   0    2.6418 -999.9900    4.9657    4.9657    4.2916    0.8494    3.7613    0.1204    0.1615
   0    2.6652 -999.9900    5.0529    5.0529    4.4656    0.7084    3.7814    0.1236    0.1537
    
2023051000
   0    2.3784 -999.9900    4.5241    4.5241    4.7651    0.1957    3.4512    0.0991    0.0882
   0    2.3965 -999.9900    4.5047    4.5047    4.5179   -0.0381    3.4427    0.1311    0.0836
   0    2.3290 -999.9900    4.3895    4.3895    4.4718    0.1813    3.3585    0.1129    0.0934
   0    2.3723 -999.9900    4.4425    4.4425    4.3755   -0.0000    3.3995    0.1328    0.0926
    
2023051100
   0    3.2248 -999.9900    5.9430    5.9430    4.1292    1.5879    4.4983    0.1396    0.2566
   0    3.3990 -999.9900    6.3204    6.3204    4.4034    1.5890    4.7577    0.1421    0.2451
   0    3.1742 -999.9900    5.9099    5.9099    4.2047    1.5233    4.4421    0.1288    0.2434
   0    3.3336 -999.9900    6.2259    6.2259    4.3943    1.5500    4.6691    0.1337    0.2399
    
2023051200
   1 -999.9900 -999.9900 -999.9900 -999.9900 -999.9900 -999.9900 -999.9900 -999.9900 -999.9900
   1 -999.9900 -999.9900 -999.9900 -999.9900 -999.9900 -999.9900 -999.9900 -999.9900 -999.9900
   1 -999.9900 -999.9900 -999.9900 -999.9900 -999.9900 -999.9900 -999.9900 -999.9900 -999.9900
   1 -999.9900 -999.9900 -999.9900 -999.9900 -999.9900 -999.9900 -999.9900 -999.9900 -999.9900
    
2023051300
   0    3.1765 -999.9900    5.7524    5.7524    4.1073   -1.2466    4.4239    0.2438    0.1253
   0    2.9743 -999.9900    5.4061    5.4061    4.4255   -1.1570    4.2526    0.2085    0.1215
   0    3.1740 -999.9900    5.7669    5.7669    4.2878   -1.1338    4.4577    0.2323    0.1298
   0    3.0137 -999.9900    5.4923    5.4923    4.4565   -1.1072    4.3126    0.2085    0.1234
    
2023051400
   0    2.6626 -999.9900    4.6340    4.6340    4.4777   -0.7203    3.5739    0.1938    0.1186
   0    2.6677 -999.9900    4.6707    4.6707    4.4911   -0.8391    3.6199    0.2002    0.1080
   0    2.7220 -999.9900    4.7939    4.7939    4.4941   -0.7967    3.6665    0.1960    0.1173
   0    2.6959 -999.9900    4.7500    4.7500    4.5082   -0.8612    3.6619    0.1977    0.1080
    
2023051500
   0    3.1614 -999.9900    5.3959    5.3959    4.2393    0.2096    4.3272    0.1946    0.1665
   0    3.0322 -999.9900    5.2711    5.2711    4.3902    0.3103    4.2692    0.1826    0.1552
   0    3.0185 -999.9900    5.1601    5.1601    4.1545    0.3181    4.1598    0.1833    0.1750
   0    2.9694 -999.9900    5.1511    5.1511    4.3140    0.3553    4.1764    0.1773    0.1555
    
2023051600
   0    2.8462 -999.9900    5.0384    5.0384    4.5714    1.4456    3.9819    0.1178    0.2189
   0    2.6643 -999.9900    4.7741    4.7741    4.4277    1.2953    3.7723    0.1237    0.1662
   0    2.8419 -999.9900    5.0594    5.0594    4.4855    1.3926    3.9888    0.1255    0.2167
   0    2.6928 -999.9900    4.8323    4.8323    4.4156    1.2935    3.8126    0.1263    0.1746
    
2023051700
   0    2.9693 -999.9900    5.3802    5.3802    4.0076    1.6135    4.1324    0.1168    0.2611
   0    2.9041 -999.9900    5.2777    5.2777    4.2400    1.6416    4.1074    0.1085    0.2520
   0    2.8833 -999.9900    5.2532    5.2532    4.1819    1.6264    4.0400    0.1034    0.2406
   0    2.8675 -999.9900    5.2239    5.2239    4.2901    1.6437    4.0563    0.1033    0.2419
    
2023051800
   0    2.2291 -999.9900    4.1232    4.1232    4.4447    1.4686    3.1792    0.0559    0.1442
   0    2.2637 -999.9900    4.2353    4.2353    4.3786    1.4737    3.2254    0.0532    0.1539
   0    2.2869 -999.9900    4.2431    4.2431    4.3252    1.5530    3.2712    0.0554    0.1559
   0    2.2897 -999.9900    4.2811    4.2811    4.3239    1.5233    3.2674    0.0513    0.1615
    
2023051900
   0    2.7919 -999.9900    5.1263    5.1263    4.5743    0.8203    4.0862    0.1064    0.1711
   0    2.8243 -999.9900    5.1369    5.1369    4.2869    0.7243    4.0602    0.1280    0.1949
   0    2.8305 -999.9900    5.1828    5.1828    4.5419    0.8239    4.1384    0.1068    0.1835
   0    2.8428 -999.9900    5.1659    5.1659    4.3304    0.7457    4.0969    0.1265    0.1973
    
2023052000
   0    2.4966 -999.9900    4.5937    4.5937    4.2264    0.0403    3.5745    0.1420    0.1250
   0    2.5859 -999.9900    4.7480    4.7480    4.2459    0.0320    3.7023    0.1617    0.1268
   0    2.3992 -999.9900    4.4074    4.4074    4.2812   -0.0923    3.4802    0.1424    0.1041
   0    2.5024 -999.9900    4.6009    4.6009    4.2840   -0.0459    3.6132    0.1565    0.1149
    
2023052100
   0    1.9691 -999.9900    3.4831    3.4831    4.1774   -0.8391    2.7094    0.1399    0.0392
   0    1.9267 -999.9900    3.4586    3.4586    4.2555   -1.0062    2.6676    0.1258    0.0341
   0    1.9330 -999.9900    3.4130    3.4130    4.2390   -0.8894    2.6464    0.1350    0.0299
   0    1.9080 -999.9900    3.4089    3.4089    4.2860   -1.0030    2.6389    0.1188    0.0291
    
2023052200
   0    1.9688 -999.9900    3.5550    3.5550    3.9260   -0.6825    2.7407    0.1419    0.0470
   0    2.0070 -999.9900    3.6574    3.6574    3.9297   -0.7558    2.8162    0.1503    0.0512
   0    1.9533 -999.9900    3.5542    3.5542    3.8714   -0.7221    2.7442    0.1478    0.0415
   0    1.9874 -999.9900    3.6317    3.6317    3.9015   -0.7648    2.7989    0.1513    0.0462
    
2023052300
   0    2.3906 -999.9900    4.2676    4.2676    4.1757    0.1395    3.4680    0.1372    0.1130
   0    2.3826 -999.9900    4.2517    4.2517    4.0843   -0.0787    3.4559    0.1621    0.1015
   0    2.4145 -999.9900    4.3156    4.3156    4.2277    0.1193    3.5179    0.1363    0.1023
   0    2.3972 -999.9900    4.2843    4.2843    4.1341   -0.0471    3.4874    0.1537    0.0986
    
2023052400
   0    2.7141 -999.9900    4.9289    4.9289    4.0856   -0.7483    3.9265    0.2091    0.1126
   0    2.6229 -999.9900    4.7380    4.7380    4.0234   -0.9581    3.7890    0.2214    0.0894
   0    2.5566 -999.9900    4.6404    4.6404    4.1962   -0.8151    3.7141    0.1950    0.0871
   0    2.5427 -999.9900    4.6019    4.6019    4.1008   -0.9562    3.6856    0.2100    0.0785
    
2023052500
   0    2.3123 -999.9900    4.2107    4.2107    3.9438   -0.7797    3.2807    0.1609    0.1052
   0    2.3317 -999.9900    4.2858    4.2858    3.9787   -0.7880    3.3472    0.1602    0.0981
   0    2.2482 -999.9900    4.1065    4.1065    3.8715   -0.6782    3.2084    0.1515    0.1034
   0    2.2866 -999.9900    4.2030    4.2030    3.9365   -0.7254    3.2907    0.1533    0.0985
    
2023052600
   0    2.2039 -999.9900    3.9741    3.9741    4.0053   -0.8078    3.0628    0.1717    0.0904
   0    2.1479 -999.9900    3.9111    3.9111    4.0798   -0.9405    3.0192    0.1459    0.0947
   0    2.1461 -999.9900    3.8964    3.8964    3.9369   -0.7242    3.0129    0.1455    0.0966
   0    2.1242 -999.9900    3.8748    3.8748    4.0268   -0.8638    2.9972    0.1383    0.0973
    
2023052700
   0    2.8653 -999.9900    4.9609    4.9609    3.5809   -0.0081    4.0731    0.2437    0.1955
   0    2.9337 -999.9900    5.0728    5.0728    3.7834   -0.2328    4.2007    0.2495    0.1920
   0    2.8752 -999.9900    4.9740    4.9740    3.7149   -0.0790    4.1070    0.2237    0.2010
   0    2.9263 -999.9900    5.0630    5.0630    3.8132   -0.2304    4.1933    0.2373    0.1972
    
2023052800
   0    2.3812 -999.9900    4.0591    4.0591    4.0203    0.1449    3.2937    0.1487    0.1522
   0    2.4240 -999.9900    4.1290    4.1290    3.8780    0.1046    3.3946    0.1808    0.1498
   0    2.3714 -999.9900    4.0757    4.0757    4.0841    0.2150    3.3483    0.1480    0.1360
   0    2.4074 -999.9900    4.1257    4.1257    3.9457    0.1547    3.4128    0.1709    0.1392
    
2023052900
   0    1.7918 -999.9900    3.0378    3.0378    3.8003   -0.0298    2.4153    0.1063    0.0979
   0    1.7459 -999.9900    2.9107    2.9107    3.7552    0.0606    2.3680    0.0998    0.0878
   0    1.7292 -999.9900    2.9116    2.9116    3.7757    0.0392    2.3197    0.0990    0.0845
   0    1.7142 -999.9900    2.8519    2.8519    3.7552    0.0839    2.3055    0.0957    0.0836
    
2023053000
   0    2.2505 -999.9900    4.0477    4.0477    3.6089    0.5056    3.1086    0.0998    0.1549
   0    2.2126 -999.9900    3.9218    3.9218    3.9259    0.5411    2.9883    0.1043    0.1279
   0    2.1811 -999.9900    3.9044    3.9044    3.7882    0.4821    2.9362    0.0950    0.1352
   0    2.1849 -999.9900    3.8707    3.8707    3.9527    0.5199    2.9220    0.1000    0.1201
    
2023053100
   0    2.1393 -999.9900    3.8133    3.8133    3.7699    0.0882    2.9447    0.1047    0.1328
   0    2.0970 -999.9900    3.7779    3.7779    3.7850    0.0219    2.9267    0.1195    0.1240
   0    2.1715 -999.9900    3.8820    3.8820    3.7163    0.0878    3.0068    0.1121    0.1415
   0    2.1166 -999.9900    3.8167    3.8167    3.7607    0.0349    2.9599    0.1195    0.1280
    
2023060100
   0    2.8668 -999.9900    4.9986    4.9986    3.9806   -1.0027    4.0838    0.2398    0.1435
   0    2.9586 -999.9900    5.1241    5.1241    3.8842   -1.1710    4.1664    0.2664    0.1503
   0    2.9170 -999.9900    5.0803    5.0803    3.8667   -1.0537    4.1230    0.2485    0.1478
   0    2.9705 -999.9900    5.1497    5.1497    3.8326   -1.1680    4.1737    0.2663    0.1493
    
2023060200
   0    2.8859 -999.9900    5.2567    5.2567    4.0801   -0.9439    4.1355    0.2474    0.1089
   0    2.9618 -999.9900    5.4103    5.4103    3.9793   -0.8590    4.2200    0.2602    0.1279
   0    2.8957 -999.9900    5.2308    5.2308    4.0934   -0.8333    4.1394    0.2429    0.1141
   0    2.9504 -999.9900    5.3630    5.3630    4.0104   -0.8096    4.2018    0.2533    0.1269
    
2023060300
   0    2.3423 -999.9900    4.0842    4.0842    4.0071   -0.8159    3.2381    0.2306    0.0680
   0    2.3987 -999.9900    4.2376    4.2376    4.0663   -0.9229    3.3477    0.2214    0.0657
   0    2.2435 -999.9900    3.9176    3.9176    3.9505   -0.8133    3.1062    0.2137    0.0648
   0    2.3126 -999.9900    4.0797    4.0797    4.0539   -0.8999    3.2335    0.2131    0.0625
    
2023060400
   0    2.2037 -999.9900    3.9215    3.9215    4.0595   -1.9138    3.1094    0.2195    0.0188
   0    2.2185 -999.9900    3.9300    3.9300    3.9591   -1.8998    3.1408    0.2368    0.0174
   0    2.2173 -999.9900    3.9519    3.9519    4.0515   -1.9246    3.1164    0.2257    0.0180
   0    2.2136 -999.9900    3.9294    3.9294    3.9922   -1.9091    3.1311    0.2329    0.0160
    
2023060500
   0    2.9443 -999.9900    5.2484    5.2484    3.9734   -2.3065    4.1140    0.2834    0.0807
   0    2.9310 -999.9900    5.3553    5.3553    4.0843   -2.4603    4.0880    0.2693    0.0785
   0    2.8720 -999.9900    5.1562    5.1562    3.9962   -2.2966    4.0103    0.2703    0.0767
   0    2.8931 -999.9900    5.2831    5.2831    4.0709   -2.4236    4.0329    0.2649    0.0777
    
2023060600
   0    2.4782 -999.9900    4.3853    4.3853    4.6197   -1.0070    3.5476    0.1753    0.0809
   0    2.5042 -999.9900    4.4093    4.4093    4.2595   -1.0685    3.5542    0.2069    0.0915
   0    2.5631 -999.9900    4.5481    4.5481    4.4454   -1.0146    3.6608    0.1976    0.0930
   0    2.5436 -999.9900    4.4842    4.4842    4.2460   -1.0608    3.6131    0.2106    0.0940
    
2023060700
   0    1.9779 -999.9900    3.4166    3.4166    4.1871   -0.3275    2.6959    0.0942    0.0967
   0    2.0719 -999.9900    3.6072    3.6072    4.1528   -0.3240    2.8810    0.1261    0.0946
   0    1.9661 -999.9900    3.4227    3.4227    4.2001   -0.4029    2.6837    0.0982    0.0845
   0    2.0436 -999.9900    3.5694    3.5694    4.1712   -0.3700    2.8248    0.1210    0.0883
    
2023060800
   0    1.8844 -999.9900    3.3216    3.3216    4.2328    0.3027    2.5493    0.0699    0.0987
   0    1.8426 -999.9900    3.2871    3.2871    4.0279    0.2147    2.5627    0.0626    0.1000
   1 -999.9900 -999.9900 -999.9900 -999.9900 -999.9900 -999.9900 -999.9900 -999.9900 -999.9900
   0    1.8260 -999.9900    3.2622    3.2622    3.9063    0.2223    2.5499    0.0637    0.1009
    
2023060900
   0    1.8859 -999.9900    3.2793    3.2793    3.8088   -0.0018    2.6735    0.1042    0.0947
   0    1.8415 -999.9900    3.1579    3.1579    3.7511   -0.0135    2.5724    0.1221    0.0792
   0    1.8417 -999.9900    3.1737    3.1737    3.9648    0.0450    2.5713    0.0994    0.0764
   0    1.8247 -999.9900    3.1234    3.1234    3.8524    0.0169    2.5366    0.1147    0.0725
    
2023061000
   0    1.9504 -999.9900    3.3814    3.3814    3.9261   -0.3247    2.7768    0.1308    0.0783
   0    1.9767 -999.9900    3.4250    3.4250    3.7919   -0.5096    2.8678    0.1376    0.0778
   0    1.9507 -999.9900    3.3925    3.3925    3.9119   -0.3215    2.7848    0.1297    0.0745
   0    1.9651 -999.9900    3.4127    3.4127    3.8204   -0.4707    2.8456    0.1344    0.0745
    
2023061100
   0    2.2662 -999.9900    4.1205    4.1205    4.3783   -0.0748    3.2409    0.1402    0.0735
   0    2.3289 -999.9900    4.2424    4.2424    4.1311   -0.1899    3.3118    0.1638    0.0935
   0    2.3246 -999.9900    4.2413    4.2413    4.3003   -0.1108    3.3482    0.1625    0.0753
   0    2.3487 -999.9900    4.2819    4.2819    4.1425   -0.1885    3.3554    0.1723    0.0891
    
2023061200
   0    2.2621 -999.9900    3.8294    3.8294    4.3708   -0.4571    3.0179    0.1540    0.1104
   0    2.2282 -999.9900    3.8156    3.8156    4.2394   -0.5702    3.0234    0.1644    0.1002
   0    2.1659 -999.9900    3.7058    3.7058    4.2895   -0.5237    2.9230    0.1449    0.0986
   0    2.1773 -999.9900    3.7384    3.7384    4.2230   -0.5876    2.9497    0.1579    0.0941
    
2023061300
   0    1.9779 -999.9900    3.4178    3.4178    3.9074   -0.7503    2.6981    0.1700    0.0631
   0    1.9232 -999.9900    3.3105    3.3105    3.8608   -0.7848    2.6043    0.1539    0.0647
   0    1.9995 -999.9900    3.4275    3.4275    3.9604   -0.8492    2.7126    0.1726    0.0600
   0    1.9464 -999.9900    3.3407    3.3407    3.8999   -0.8373    2.6353    0.1557    0.0633
    
2023061400
   0    2.8982 -999.9900    4.9011    4.9011    3.8329    0.0432    3.9173    0.2145    0.1676
   0    2.7700 -999.9900    4.7315    4.7315    3.8504    0.0416    3.7931    0.1815    0.1762
   0    2.8174 -999.9900    4.8235    4.8235    3.7558    0.0887    3.8664    0.2001    0.1633
   0    2.7351 -999.9900    4.6993    4.6993    3.8254    0.0693    3.7755    0.1757    0.1676
    
2023061500
   0    2.8053 -999.9900    4.9179    4.9179    3.7520    0.1299    3.9106    0.2006    0.1835
   0    2.6697 -999.9900    4.7528    4.7528    3.8727    0.1244    3.7482    0.1730    0.1734
   0    2.7284 -999.9900    4.8329    4.8329    3.7239    0.1192    3.8371    0.1903    0.1676
   0    2.6448 -999.9900    4.7279    4.7279    3.8399    0.1191    3.7323    0.1720    0.1646
    
2023061600
   0    2.3352 -999.9900    4.3363    4.3363    3.6889    0.0931    3.2263    0.1428    0.1268
   0    2.2963 -999.9900    4.2019    4.2019    3.8044   -0.0479    3.1452    0.1567    0.1127
   0    2.3725 -999.9900    4.4060    4.4060    3.6713    0.0052    3.2470    0.1519    0.1264
   0    2.3229 -999.9900    4.2673    4.2673    3.7767   -0.0724    3.1725    0.1597    0.1135
    
2023061700
   0    2.2783 -999.9900    4.0492    4.0492    3.7951   -0.4660    3.1355    0.1761    0.1229
   0    2.2485 -999.9900    3.9763    3.9763    3.9366   -0.5444    3.0903    0.1710    0.1052
   0    2.1990 -999.9900    3.9571    3.9571    3.7522   -0.5156    3.0289    0.1613    0.1116
   0    2.2046 -999.9900    3.9360    3.9360    3.8827   -0.5585    3.0332    0.1608    0.1015
    
2023061800
   0    2.0228 -999.9900    3.6029    3.6029    3.9545   -0.1234    2.7999    0.1033    0.1065
   0    2.0549 -999.9900    3.6637    3.6637    3.8262   -0.0528    2.8546    0.1143    0.1191
   0    2.0179 -999.9900    3.5809    3.5809    4.0132   -0.1286    2.7831    0.1013    0.0968
   0    2.0381 -999.9900    3.6298    3.6298    3.8969   -0.0700    2.8291    0.1091    0.1062
    
2023061900
   0    2.5317 -999.9900    4.4800    4.4800    3.7134    0.6060    3.5415    0.1319    0.2241
   0    2.3767 -999.9900    4.2373    4.2373    3.8143    0.5487    3.3527    0.1061    0.2074
   0    2.5227 -999.9900    4.4801    4.4801    3.7148    0.6358    3.5461    0.1297    0.2210
   0    2.3988 -999.9900    4.2857    4.2857    3.7963    0.5781    3.3935    0.1075    0.2060
    
2023062000
   0    2.5875 -999.9900    4.4590    4.4590    3.6531    0.7031    3.6906    0.1218    0.2298
   0    2.3758 -999.9900    4.0982    4.0982    3.7775    0.8238    3.3958    0.0812    0.2207
   0    2.5362 -999.9900    4.3813    4.3813    3.7162    0.8045    3.6319    0.1071    0.2208
   0    2.3880 -999.9900    4.1304    4.1304    3.7809    0.8605    3.4208    0.0829    0.2155
    
2023062100
   0    2.1140 -999.9900    3.7909    3.7909    3.6948   -0.5681    2.9451    0.1446    0.1130
   0    2.0302 -999.9900    3.6436    3.6436    3.6835   -0.5087    2.8646    0.1386    0.1001
   0    2.1131 -999.9900    3.8002    3.8002    3.6034   -0.5140    2.9746    0.1475    0.1166
   0    2.0457 -999.9900    3.6815    3.6815    3.6296   -0.4881    2.8980    0.1410    0.1043
    
2023062200
   0    1.7633 -999.9900    3.1341    3.1341    3.5109   -0.8634    2.4820    0.1359    0.0595
   0    1.7423 -999.9900    3.1258    3.1258    3.6431   -0.8423    2.4501    0.1306    0.0559
   0    1.6965 -999.9900    3.0078    3.0078    3.6696   -0.8278    2.3685    0.1128    0.0526
   0    1.7101 -999.9900    3.0596    3.0596    3.7022   -0.8251    2.3921    0.1147    0.0527
    
2023062300
   0    1.7816 -999.9900    3.2185    3.2185    3.4991    0.0650    2.4958    0.0830    0.1120
   0    1.8168 -999.9900    3.3050    3.3050    3.5804    0.0851    2.5371    0.0714    0.1174
   0    1.8274 -999.9900    3.2657    3.2657    3.7076    0.0637    2.5411    0.0730    0.1226
   0    1.8472 -999.9900    3.3396    3.3396    3.6645    0.0803    2.5721    0.0684    0.1199
    
2023062400
   0    2.2111 -999.9900    3.9776    3.9776    3.4373   -0.1538    3.1043    0.1349    0.1697
   0    2.2257 -999.9900    4.0619    4.0619    3.5882   -0.0256    3.1583    0.1134    0.1689
   0    2.2178 -999.9900    3.9899    3.9899    3.4191   -0.1891    3.1565    0.1384    0.1674
   0    2.2226 -999.9900    4.0446    4.0446    3.5568   -0.0723    3.1766    0.1133    0.1671
    
2023062500
   0    2.0885 -999.9900    3.7668    3.7668    3.6262   -0.2160    2.9642    0.1630    0.1134
   0    2.0942 -999.9900    3.7959    3.7959    3.7673   -0.0949    2.9621    0.1444    0.1213
   0    2.1196 -999.9900    3.8536    3.8536    3.6253   -0.1533    3.0253    0.1566    0.1200
   0    2.1086 -999.9900    3.8423    3.8423    3.7382   -0.0815    3.0010    0.1420    0.1258
    
2023062600
   0    2.4749 -999.9900    4.2717    4.2717    3.5402   -0.4080    3.4685    0.2331    0.1223
   0    2.1398 -999.9900    3.7396    3.7396    3.5816   -0.3279    3.0295    0.1915    0.0904
   0    2.4149 -999.9900    4.2115    4.2115    3.5778   -0.3021    3.4226    0.2219    0.1204
   0    2.1707 -999.9900    3.8092    3.8092    3.5983   -0.2804    3.0908    0.1916    0.0949
    
2023062700
   0    2.1372 -999.9900    3.8955    3.8955    3.7831    0.4055    3.1013    0.1067    0.1320
   0    2.1648 -999.9900    3.9260    3.9260    3.7928    0.3930    3.1273    0.1075    0.1307
   0    2.1668 -999.9900    3.9494    3.9494    3.7458    0.4294    3.1434    0.1048    0.1355
   0    2.1745 -999.9900    3.9474    3.9474    3.7740    0.4099    3.1459    0.1054    0.1308
    
2023062800
   0    2.1496 -999.9900    3.9248    3.9248    3.5361    1.1664    3.0486    0.0971    0.1941
   0    2.0851 -999.9900    3.7745    3.7745    3.4820    1.0667    2.9557    0.1043    0.1901
   0    2.0677 -999.9900    3.8050    3.8050    3.6609    1.0859    2.9673    0.0950    0.1672
   0    2.0534 -999.9900    3.7388    3.7388    3.5603    1.0384    2.9261    0.1018    0.1674
    
2023062900
   0    2.2067 -999.9900    3.9816    3.9816    3.5474    0.7155    3.1032    0.1074    0.1848
   0    2.1255 -999.9900    3.8340    3.8340    3.5987    0.6994    3.0141    0.1071    0.1673
   0    2.1070 -999.9900    3.8241    3.8241    3.6119    0.5756    2.9790    0.0987    0.1596
   0    2.0781 -999.9900    3.7573    3.7573    3.6368    0.6187    2.9492    0.1013    0.1563
    
2023063000
   0    1.8831 -999.9900    3.2711    3.2711    3.4543   -0.3132    2.6427    0.1769    0.0785
   0    1.8831 -999.9900    3.2711    3.2711    3.4543   -0.3132    2.6427    0.1769    0.0785
   0    1.8660 -999.9900    3.2800    3.2800    3.5124   -0.2782    2.6075    0.1666    0.0734
   0    1.8172 -999.9900    3.1689    3.1689    3.5458   -0.3192    2.5307    0.1586    0.0677
    
