v6.1 gefs
v6.1 naefs
v7.0 gefs
v7.0 naefs
    
2023040100
   0   42.4487 -999.9900   73.9241   73.9241   77.4263   13.2496   55.3033    0.0879    0.1697
   0   45.7425 -999.9900   79.8413   79.8413   78.3548   11.0084   61.5933    0.1137    0.2098
   0   42.7088 -999.9900   75.1042   75.1042   76.9402   11.2496   56.1735    0.1049    0.1672
   0   45.2014 -999.9900   79.4003   79.4003   78.0677   11.2074   60.8014    0.1179    0.2041
    
2023040200
   0   45.8202 -999.9900   78.0206   78.0206   79.9489    7.3605   60.4572    0.1481    0.1466
   0   47.2344 -999.9900   80.4062   80.4062   79.7381    7.3423   63.8638    0.1703    0.1453
   0   44.8811 -999.9900   74.2124   74.2124   78.8854    4.8113   56.9007    0.1178    0.1415
   0   46.3159 -999.9900   76.7944   76.7944   79.5844    6.4658   60.2342    0.1457    0.1432
    
2023040300
   0   50.5734 -999.9900   76.2714   76.2714   77.0414   -4.1072   59.0754    0.1313    0.2080
   0   49.9789 -999.9900   73.3055   73.3055   78.8036    0.1629   55.4382    0.1398    0.1583
   0   51.3272 -999.9900   77.7864   77.7864   79.5561   -1.2974   60.3425    0.1471    0.1914
   0   50.5265 -999.9900   74.7333   74.7333   79.8192    0.4751   56.8296    0.1467    0.1557
    
2023040400
   0   55.9385 -999.9900   90.6529   90.6529   78.8791   -7.1788   72.7957    0.1110    0.3418
   0   54.3176 -999.9900   88.3097   88.3097   81.3940   -8.1495   69.8989    0.1147    0.2905
   0   55.7725 -999.9900   91.2023   91.2023   80.1586   -8.1587   73.1780    0.1210    0.3181
   0   54.5847 -999.9900   88.7536   88.7536   81.6766   -8.6952   70.3539    0.1122    0.2878
    
2023040500
   0   49.8291 -999.9900   77.1885   77.1885   80.7760  -13.1746   59.6101    0.1254    0.1898
   0   48.7686 -999.9900   70.4581   70.4581   80.0894   -9.5349   52.8205    0.1163    0.1673
   0   50.0414 -999.9900   78.2666   78.2666   80.6053  -13.1222   60.4296    0.1197    0.2050
   0   49.0448 -999.9900   72.1451   72.1451   80.3871  -10.5703   54.3424    0.1124    0.1795
    
2023040600
   0   53.1527 -999.9900   88.9118   88.9118   77.2800   10.8796   71.9473    0.1506    0.2564
   0   52.8456 -999.9900   88.5367   88.5367   78.0523    4.6052   71.1781    0.1523    0.2627
   0   52.9066 -999.9900   89.3761   89.3761   80.0947    8.1393   72.6306    0.1515    0.2534
   0   52.6462 -999.9900   88.3992   88.3992   79.4988    3.3202   71.3640    0.1483    0.2535
    
2023040700
   0   53.1979 -999.9900   92.2385   92.2385   77.9720   24.8079   75.3310    0.1908    0.2396
   0   52.0748 -999.9900   90.3913   90.3913   81.0987   30.2354   73.5514    0.1534    0.2350
   0   53.5179 -999.9900   93.6529   93.6529   78.2654   29.7170   77.0613    0.1835    0.2626
   0   52.4130 -999.9900   91.0585   91.0585   80.3482   32.0541   74.4504    0.1545    0.2500
    
2023040800
   0   46.8790 -999.9900   75.6587   75.6587   83.1462   13.1740   59.1870    0.1147    0.1354
   0   49.1659 -999.9900   81.5852   81.5852   82.0875   17.5826   64.3945    0.1356    0.1819
   0   46.7134 -999.9900   76.1723   76.1723   80.9043   15.4496   59.1747    0.1041    0.1555
   0   48.6095 -999.9900   80.5347   80.5347   80.9680   18.4628   63.2645    0.1224    0.1811
    
2023040900
   0   48.9030 -999.9900   86.0286   86.0286   77.5543   21.6209   68.5866    0.0895    0.2799
   0   48.7720 -999.9900   86.3840   86.3840   81.5380   15.1685   68.7654    0.1240    0.2216
   0   47.8803 -999.9900   84.0259   84.0259   78.1096   20.6725   66.9282    0.0915    0.2499
   0   47.9629 -999.9900   83.4134   83.4134   81.4667   15.2252   66.3787    0.1094    0.2107
    
2023041000
   0   59.1200 -999.9900   97.1297   97.1297   81.8409   27.1141   82.7084    0.1834    0.2744
   0   56.4865 -999.9900   91.3716   91.3716   80.1425   29.3434   76.9750    0.1762    0.2359
   0   57.5547 -999.9900   94.7062   94.7062   81.1051   30.1320   80.7240    0.1671    0.2605
   0   55.9884 -999.9900   90.9615   90.9615   80.2964   30.7131   76.8063    0.1652    0.2265
    
2023041100
   0   52.4671 -999.9900   95.3727   95.3727   81.2489   31.9121   81.7143    0.1387    0.2951
   0   49.7295 -999.9900   88.7128   88.7128   82.3683   30.1966   74.2711    0.1201    0.2335
   0   52.4289 -999.9900   96.3519   96.3519   82.5077   30.9971   82.4838    0.1582    0.2880
   0   50.1769 -999.9900   90.3544   90.3544   83.0371   30.5628   75.9658    0.1309    0.2377
    
2023041200
   0   51.6636 -999.9900   92.4875   92.4875   78.9094   26.4242   76.0673    0.2199    0.2083
   0   50.9295 -999.9900   91.8206   91.8206   80.0029   21.6881   74.7479    0.1744    0.2119
   0   51.4739 -999.9900   91.5787   91.5787   79.2220   21.6379   75.0481    0.2029    0.2137
   0   50.9165 -999.9900   91.5982   91.5982   80.1912   20.0090   74.6430    0.1822    0.2118
    
2023041300
   0   48.3287 -999.9900   79.9765   79.9765   77.7454   16.5217   62.3653    0.1461    0.1694
   0   49.0491 -999.9900   80.9475   80.9475   78.6718   11.2831   63.1206    0.1601    0.1684
   0   48.6757 -999.9900   80.2448   80.2448   77.3571   12.0643   62.4966    0.1375    0.1898
   0   49.0602 -999.9900   80.7779   80.7779   78.4714   10.2747   62.9674    0.1454    0.1798
    
2023041400
   0   45.9092 -999.9900   73.9073   73.9073   77.1134    1.0904   55.3962    0.1198    0.1574
   0   47.2269 -999.9900   74.4830   74.4830   79.2825    5.8425   56.4429    0.1273    0.1580
   0   47.0137 -999.9900   74.6604   74.6604   78.2105    2.5150   56.9568    0.1195    0.1697
   0   47.5546 -999.9900   75.2176   75.2176   79.3573    5.9984   57.5616    0.1327    0.1642
    
2023041500
   0   50.9733 -999.9900   80.2914   80.2914   75.2190   -5.9536   62.8980    0.1643    0.1941
   0   49.6049 -999.9900   76.2543   76.2543   78.4716   -6.6402   58.8254    0.1265    0.1953
   0   49.8032 -999.9900   78.5335   78.5335   76.6900   -7.1145   61.2016    0.1485    0.1986
   0   49.2926 -999.9900   75.6452   75.6452   78.5007   -7.0646   58.4590    0.1210    0.1972
    
2023041600
   0   56.1258 -999.9900   86.4128   86.4128   75.2304    0.4239   69.6837    0.1855    0.2303
   0   56.8518 -999.9900   90.2230   90.2230   78.0658    0.7220   73.2921    0.2003    0.2323
   0   57.5005 -999.9900   88.2365   88.2365   73.4982   -2.2332   71.3644    0.2024    0.2515
   0   57.5726 -999.9900   90.5422   90.5422   76.7899   -0.3524   73.5167    0.2057    0.2520
    
2023041700
   0   54.2058 -999.9900   81.8978   81.8978   73.6125    1.9536   65.2489    0.1787    0.2351
   0   52.0295 -999.9900   82.5873   82.5873   77.1346   -2.7082   65.6993    0.1828    0.2104
   0   55.9067 -999.9900   85.1259   85.1259   74.1084    3.5199   68.6189    0.1754    0.2677
   0   53.2904 -999.9900   84.9198   84.9198   77.3896   -1.4762   68.2600    0.1776    0.2482
    
2023041800
   0   57.9874 -999.9900  101.4014  101.4014   73.8316   -0.2358   84.4621    0.2561    0.2585
   0   54.9260 -999.9900   97.0950   97.0950   77.1823   -0.2159   79.8301    0.2246    0.2406
   0   53.9158 -999.9900   93.3633   93.3633   75.9686    5.1573   76.0374    0.2050    0.2414
   0   53.0925 -999.9900   93.1821   93.1821   77.7124    2.8079   75.6246    0.1975    0.2288
    
2023041900
   0   45.2440 -999.9900   77.1621   77.1621   77.8327    8.1931   60.8605    0.1428    0.1693
   0   45.4978 -999.9900   78.5381   78.5381   80.0115    8.0036   61.5827    0.1346    0.1580
   0   43.9585 -999.9900   74.4713   74.4713   77.6372    8.8695   58.1360    0.1293    0.1557
   0   44.5049 -999.9900   76.1518   76.1518   80.0548    9.4986   59.3660    0.1245    0.1442
    
2023042000
   1 -999.9900 -999.9900 -999.9900 -999.9900 -999.9900 -999.9900 -999.9900 -999.9900 -999.9900
   0   53.1125 -999.9900   85.4877   85.4877   79.4613    1.7925   68.0767    0.1916    0.2057
   1 -999.9900 -999.9900 -999.9900 -999.9900 -999.9900 -999.9900 -999.9900 -999.9900 -999.9900
   0   57.7245 -999.9900   91.6890   91.6890   78.1309   -0.1400   74.7397    0.2163    0.2500
    
2023042100
   0   54.3949 -999.9900   79.6424   79.6424   77.0595   10.5719   60.5514    0.1820    0.1494
   0   56.7393 -999.9900   83.9594   83.9594   78.8395    6.5084   65.2591    0.1968    0.1786
   0   55.3755 -999.9900   80.0404   80.0404   77.6912   10.1453   60.7895    0.1782    0.1608
   0   56.7503 -999.9900   83.2177   83.2177   79.1010    7.7631   64.2668    0.1931    0.1757
    
2023042200
   0   59.2946 -999.9900   86.2898   86.2898   80.8014    0.1468   69.4355    0.1853    0.2278
   0   59.8163 -999.9900   85.6714   85.6714   81.3285    0.0331   68.6669    0.1920    0.2244
   0   60.0785 -999.9900   87.9225   87.9225   82.1748    0.7734   70.9361    0.1877    0.2330
   0   60.1747 -999.9900   86.8230   86.8230   82.2954    0.0893   69.7659    0.1930    0.2294
    
2023042300
   0   60.9824 -999.9900   77.6754   77.6754   76.1336    6.8973   59.9129    0.2029    0.1820
   0   62.2021 -999.9900   83.1406   83.1406   78.5343    3.3666   64.8972    0.2243    0.1885
   0   62.0072 -999.9900   81.2377   81.2377   78.5579    5.3538   63.1312    0.2008    0.2079
   0   62.5739 -999.9900   84.4986   84.4986   79.3942    3.9510   66.1376    0.2195    0.2071
    
2023042400
   0   56.5229 -999.9900   88.2305   88.2305   76.6995    0.9445   71.5503    0.1826    0.2309
   0   54.4103 -999.9900   82.1395   82.1395   79.1286    3.6360   64.5419    0.1601    0.2105
   0   56.5233 -999.9900   89.3800   89.3800   75.4504    2.7358   72.3675    0.1909    0.2391
   0   54.6327 -999.9900   84.1637   84.1637   78.0553    4.0116   66.4662    0.1690    0.2171
    
2023042500
   0   54.1989 -999.9900   74.1284   74.1284   76.9426   -5.8277   56.6303    0.1191    0.2094
   0   53.0687 -999.9900   73.7339   73.7339   79.6025   -0.7833   56.3010    0.1230    0.1776
   0   53.0280 -999.9900   72.4873   72.4873   78.3594   -4.2834   55.1657    0.1146    0.1905
   0   52.7169 -999.9900   73.3209   73.3209   79.7262   -1.5177   55.9863    0.1211    0.1719
    
2023042600
   0   57.6927 -999.9900   84.0928   84.0928   78.9952  -10.6673   67.2369    0.1541    0.2461
   0   57.6476 -999.9900   83.5550   83.5550   79.5488   -7.0571   65.9611    0.1530    0.2368
   0   56.4319 -999.9900   80.2636   80.2636   78.3217  -10.1141   63.5065    0.1476    0.2301
   0   56.7079 -999.9900   80.5545   80.5545   79.2805   -7.5781   63.2651    0.1499    0.2229
    
2023042700
   0   57.9638 -999.9900   90.7120   90.7120   73.4136  -11.9643   72.8035    0.2433    0.2122
   0   58.4151 -999.9900   92.2544   92.2544   74.5664   -9.5326   74.4860    0.2315    0.2172
   0   57.0169 -999.9900   89.9616   89.9616   74.8329   -7.9490   71.8219    0.2252    0.2047
   0   57.7520 -999.9900   92.5359   92.5359   75.4291   -7.6525   74.6220    0.2261    0.2135
    
2023042800
   0   59.8141 -999.9900   88.3072   88.3072   76.5206  -11.3086   71.5908    0.2127    0.2526
   0   59.5168 -999.9900   87.3075   87.3075   76.9980  -12.8347   70.1178    0.2116    0.2217
   0   60.4399 -999.9900   90.4653   90.4653   75.8582  -10.0168   73.1536    0.2151    0.2478
   0   60.0206 -999.9900   88.7690   88.7690   76.6710  -11.6774   71.2151    0.2128    0.2288
    
2023042900
   0   60.4518 -999.9900   84.1333   84.1333   76.0220   -4.6614   66.8657    0.2132    0.2098
   0   61.2439 -999.9900   87.1217   87.1217   76.9881   -7.9248   69.2857    0.1890    0.2303
   0   61.6425 -999.9900   88.1554   88.1554   76.2354   -7.7537   70.5740    0.2160    0.2231
   0   61.9424 -999.9900   89.0965   89.0965   76.8776   -9.3902   71.3096    0.1948    0.2368
    
2023043000
   0   60.7134 -999.9900   87.2916   87.2916   76.6414    0.3151   69.4919    0.2306    0.1859
   0   62.1212 -999.9900   90.9655   90.9655   78.2641   -2.2249   72.8276    0.2324    0.2066
   0   60.7692 -999.9900   88.9223   88.9223   76.6741   -0.7276   70.6930    0.2394    0.1849
   0   61.8469 -999.9900   90.9930   90.9930   78.1456   -2.0489   72.7482    0.2358    0.2022
    
2023050100
   0   57.3947 -999.9900   84.2111   84.2111   75.3234    8.0643   67.7776    0.1874    0.2341
   0   57.3539 -999.9900   81.7466   81.7466   74.8235    2.7853   65.1055    0.1852    0.2156
   0   57.3622 -999.9900   84.1127   84.1127   75.2940    8.1896   67.8607    0.1859    0.2256
   0   57.2887 -999.9900   82.0208   82.0208   74.9713    3.8108   65.4775    0.1853    0.2133
    
2023050200
   0   55.7763 -999.9900   82.0209   82.0209   76.5585    2.9497   65.0573    0.1995    0.1757
   0   57.1943 -999.9900   83.2020   83.2020   75.2759    6.8489   66.7364    0.2232    0.1618
   0   55.0829 -999.9900   80.1988   80.1988   76.4603    5.4138   62.7259    0.1723    0.1906
   0   56.4843 -999.9900   81.9698   81.9698   75.4723    7.0614   64.9964    0.2026    0.1715
    
2023050300
   0   56.5534 -999.9900   83.8048   83.8048   77.6087    5.3137   66.8499    0.1569    0.2372
   0   57.2647 -999.9900   86.3858   86.3858   77.1769    4.9268   69.2525    0.1825    0.2162
   0   57.3236 -999.9900   84.2359   84.2359   77.5874    4.4449   67.3591    0.1613    0.2382
   0   57.4907 -999.9900   86.2488   86.2488   77.2571    3.0837   69.1730    0.1791    0.2245
    
2023050400
   0   57.0337 -999.9900   84.1909   84.1909   75.9097    1.2140   67.8766    0.1387    0.2906
   0   56.3728 -999.9900   84.3550   84.3550   77.1142   -2.8883   67.3089    0.1593    0.2465
   0   58.2790 -999.9900   85.2292   85.2292   76.0053    0.4166   69.1498    0.1534    0.2820
   0   57.1514 -999.9900   85.1910   85.1910   77.2206   -2.7127   68.3317    0.1650    0.2505
    
2023050500
   0   52.7419 -999.9900   75.9489   75.9489   74.5395   -1.6155   59.1151    0.0865    0.2617
   1 -999.9900 -999.9900 -999.9900 -999.9900 -999.9900 -999.9900 -999.9900 -999.9900 -999.9900
   0   51.1996 -999.9900   73.1584   73.1584   76.3400   -0.0997   56.5402    0.0815    0.2292
   1 -999.9900 -999.9900 -999.9900 -999.9900 -999.9900 -999.9900 -999.9900 -999.9900 -999.9900
    
2023050600
   0   47.6357 -999.9900   75.1874   75.1874   73.3507   -2.9549   57.8968    0.0655    0.2460
   0   46.4331 -999.9900   73.4028   73.4028   76.1573   -2.2773   56.0438    0.0804    0.1938
   0   47.8396 -999.9900   75.8763   75.8763   76.3902   -2.3039   58.5909    0.0630    0.2389
   0   46.8280 -999.9900   74.2673   74.2673   77.3793   -1.9474   56.8542    0.0754    0.1985
    
2023050700
   0   46.9724 -999.9900   76.0836   76.0836   75.4319    7.0172   58.2329    0.0934    0.2305
   0   46.7880 -999.9900   75.7225   75.7225   76.1250    2.9473   57.8054    0.1160    0.1936
   0   45.7337 -999.9900   73.0555   73.0555   76.0083    5.9915   55.3510    0.0898    0.1999
   0   46.0548 -999.9900   73.7641   73.7641   76.3048    2.8661   55.8916    0.1083    0.1828
    
2023050800
   0   43.1665 -999.9900   64.8714   64.8714   72.6292    6.0531   47.3894    0.0705    0.1757
   0   44.5490 -999.9900   67.9915   67.9915   74.0153   -2.0104   49.9923    0.0915    0.1678
   0   43.6554 -999.9900   66.0096   66.0096   73.8280    9.5623   48.2301    0.0724    0.1636
   0   44.4254 -999.9900   67.9717   67.9717   74.8034    2.0146   49.8354    0.0856    0.1650
    
2023050900
   0   48.3500 -999.9900   70.9766   70.9766   75.7923    0.0552   52.5585    0.1275    0.1541
   0   47.5235 -999.9900   69.3211   69.3211   73.8652   -3.5036   50.8342    0.1311    0.1244
   0   48.1663 -999.9900   70.5186   70.5186   75.5721    0.6220   51.9159    0.1242    0.1478
   0   47.4167 -999.9900   68.8062   68.8062   74.3525   -2.1978   50.2710    0.1272    0.1266
    
2023051000
   0   48.6115 -999.9900   79.9135   79.9135   75.3387    3.3816   61.6842    0.1702    0.1486
   0   48.9135 -999.9900   78.8929   78.8929   74.7877    0.6019   60.9936    0.1769    0.1440
   0   48.4511 -999.9900   80.9175   80.9175   74.9559    2.5427   62.6598    0.1623    0.1610
   0   48.6297 -999.9900   79.1942   79.1942   75.0426    0.7335   61.1512    0.1697    0.1482
    
2023051100
   0   49.0268 -999.9900   76.6203   76.6203   72.6781    4.2296   58.4972    0.1575    0.1511
   0   50.5884 -999.9900   80.4207   80.4207   74.8802   10.8334   61.8947    0.1729    0.1578
   0   48.3692 -999.9900   74.9353   74.9353   74.6083    7.4541   56.9878    0.1388    0.1429
   0   49.8556 -999.9900   78.6808   78.6808   75.6548   11.6926   60.1914    0.1559    0.1556
    
2023051200
   1 -999.9900 -999.9900 -999.9900 -999.9900 -999.9900 -999.9900 -999.9900 -999.9900 -999.9900
   1 -999.9900 -999.9900 -999.9900 -999.9900 -999.9900 -999.9900 -999.9900 -999.9900 -999.9900
   1 -999.9900 -999.9900 -999.9900 -999.9900 -999.9900 -999.9900 -999.9900 -999.9900 -999.9900
   1 -999.9900 -999.9900 -999.9900 -999.9900 -999.9900 -999.9900 -999.9900 -999.9900 -999.9900
    
2023051300
   0   56.0815 -999.9900   78.1506   78.1506   71.1898   -1.2409   58.4478    0.0843    0.2768
   0   53.6891 -999.9900   74.1357   74.1357   72.7411   -1.2703   55.1986    0.1017    0.2167
   0   54.8960 -999.9900   76.2157   76.2157   72.0977   -2.9150   56.6239    0.0891    0.2635
   0   53.6297 -999.9900   73.4559   73.4559   72.7682   -1.1211   54.5505    0.0966    0.2181
    
2023051400
   0   65.3228 -999.9900   82.2593   82.2593   73.9130   -7.9892   63.5536    0.1171    0.3180
   0   63.9317 -999.9900   82.6712   82.6712   74.3306   -7.2594   63.4398    0.1167    0.2873
   0   64.0470 -999.9900   82.8609   82.8609   74.5735   -9.4990   63.6527    0.0978    0.3266
   0   63.5064 -999.9900   83.2846   83.2846   74.9166   -8.0807   63.8173    0.1093    0.2990
    
2023051500
   0   63.8928 -999.9900   96.1220   96.1220   71.8604   10.9007   79.1798    0.1300    0.3690
   0   60.4958 -999.9900   92.4336   92.4336   74.2941    8.7977   76.2980    0.1281    0.3330
   0   62.1522 -999.9900   93.2012   93.2012   71.8816    9.0802   76.0146    0.1043    0.3729
   0   60.1147 -999.9900   91.4138   91.4138   74.3706    8.5331   74.9995    0.1107    0.3433
    
2023051600
   0   56.7160 -999.9900   85.0794   85.0794   73.1015   10.6324   66.8183    0.1262    0.2866
   0   55.4935 -999.9900   84.2549   84.2549   74.0770   10.1368   66.5589    0.1556    0.2374
   0   56.1553 -999.9900   85.2028   85.2028   74.5533   13.7093   66.6827    0.1128    0.2897
   0   55.3070 -999.9900   85.2635   85.2635   74.8894   11.7630   67.1199    0.1464    0.2449
    
2023051700
   0   63.9588 -999.9900   82.0251   82.0251   69.9307   -1.9934   64.7964    0.2205    0.2162
   0   61.8443 -999.9900   80.6192   80.6192   71.8841   -1.6991   63.2919    0.2235    0.1807
   0   64.1559 -999.9900   82.6880   82.6880   69.9883   -4.8984   65.3850    0.2137    0.2188
   0   62.2211 -999.9900   81.0892   81.0892   71.7606   -3.4953   63.7305    0.2163    0.1884
    
2023051800
   0   64.2025 -999.9900   84.2326   84.2326   71.9312   -7.4082   66.2583    0.2250    0.2300
   0   64.8244 -999.9900   85.2155   85.2155   71.1480   -6.5622   67.4609    0.2492    0.2138
   0   63.9105 -999.9900   82.8662   82.8662   72.9392   -6.9227   65.1445    0.2028    0.2266
   0   64.3976 -999.9900   84.3808   84.3808   72.1398   -6.7762   66.6463    0.2287    0.2168
    
2023051900
   0   52.3778 -999.9900   80.5170   80.5170   74.7702   11.6659   63.4068    0.1135    0.2397
   0   52.5046 -999.9900   83.4023   83.4023   75.7298   13.7923   66.6068    0.1489    0.2372
   0   51.6153 -999.9900   80.4757   80.4757   75.1841   14.7699   63.1371    0.1192    0.2318
   0   52.0316 -999.9900   82.4342   82.4342   75.4597   15.6112   65.6510    0.1451    0.2304
    
2023052000
   0   52.9386 -999.9900   80.6026   80.6026   71.7366   16.7902   63.5565    0.1120    0.2594
   0   52.0964 -999.9900   79.2652   79.2652   72.0960   17.3829   61.8226    0.1153    0.2314
   0   54.3117 -999.9900   84.1966   84.1966   72.9814   19.5652   66.8179    0.1222    0.2651
   0   52.9757 -999.9900   81.9685   81.9685   72.9405   19.1260   64.2673    0.1232    0.2430
    
2023052100
   0   57.9017 -999.9900   82.5299   82.5299   75.9174   13.8064   65.3656    0.1374    0.2602
   0   57.2712 -999.9900   81.3842   81.3842   74.0337   12.1451   63.7831    0.1452    0.2511
   0   56.9846 -999.9900   81.2496   81.2496   74.0971   12.0585   63.6358    0.1280    0.2603
   0   56.7627 -999.9900   81.2105   81.2105   73.4085   11.9233   63.3434    0.1390    0.2548
    
2023052200
   0   58.9212 -999.9900   88.8309   88.8309   74.9877    7.1210   70.8934    0.1383    0.2801
   0   57.9933 -999.9900   84.8493   84.8493   74.2993    5.2942   66.9022    0.1462    0.2526
   0   57.8386 -999.9900   86.9105   86.9105   74.4731    3.0576   69.2277    0.1210    0.2895
   0   57.3453 -999.9900   84.5223   84.5223   74.2472    2.9828   66.6847    0.1323    0.2610
    
2023052300
   0   52.8866 -999.9900   88.9169   88.9169   71.1361   16.5589   71.4184    0.1326    0.2660
   0   51.0526 -999.9900   87.8784   87.8784   73.6189   15.5140   70.5736    0.1611    0.2325
   0   52.2457 -999.9900   89.3873   89.3873   73.0370   13.6622   71.7081    0.1361    0.2662
   0   51.0555 -999.9900   88.1051   88.1051   74.1346   14.4066   70.7008    0.1537    0.2398
    
2023052400
   0   54.8394 -999.9900   84.0304   84.0304   72.3952    8.4163   66.5730    0.1226    0.2687
   0   52.6883 -999.9900   78.7405   78.7405   73.9834    9.3492   61.9929    0.1231    0.2082
   0   53.7354 -999.9900   83.4652   83.4652   74.1038    7.7538   65.6167    0.1092    0.2588
   0   52.4409 -999.9900   79.1779   79.1779   74.7768    9.2409   62.1374    0.1136    0.2119
    
2023052500
   0   64.5248 -999.9900   92.6969   92.6969   72.3073    4.5031   75.8085    0.1648    0.3397
   0   62.8491 -999.9900   91.3469   91.3469   72.4897    3.9307   74.0134    0.1666    0.3009
   0   64.8312 -999.9900   93.5929   93.5929   71.6321    7.2583   76.6350    0.1674    0.3431
   0   63.1763 -999.9900   92.3063   92.3063   72.3019    5.6651   74.9664    0.1658    0.3125
    
2023052600
   0   65.8046 -999.9900   94.4746   94.4746   68.7480   15.4293   78.0803    0.1462    0.3874
   0   62.4107 -999.9900   90.9304   90.9304   72.0050   13.7738   73.6195    0.1457    0.3107
   0   64.3975 -999.9900   93.3354   93.3354   70.4982   15.2323   77.1664    0.1464    0.3556
   0   62.1923 -999.9900   90.8900   90.8900   72.4577   14.3136   73.8405    0.1459    0.3071
    
2023052700
   0   52.7437 -999.9900   82.9631   82.9631   71.5620    9.6845   65.8865    0.1487    0.2422
   0   51.8411 -999.9900   82.6176   82.6176   73.2196    6.0533   66.0828    0.1428    0.1987
   0   52.4583 -999.9900   82.8724   82.8724   71.6898   11.2878   66.5142    0.1383    0.2319
   0   51.7626 -999.9900   82.3358   82.3358   73.0774    7.7134   66.0762    0.1372    0.2010
    
2023052800
   0   44.4187 -999.9900   74.1730   74.1730   73.6404    0.0701   56.2523    0.1209    0.1716
   0   43.5608 -999.9900   72.7904   72.7904   72.6661    2.1493   54.9000    0.1356    0.1373
   0   45.6783 -999.9900   76.4414   76.4414   73.6240    1.2952   58.2364    0.1181    0.1920
   0   44.3012 -999.9900   74.1042   74.1042   73.3337    2.4479   56.1526    0.1264    0.1538
    
2023052900
   0   52.8836 -999.9900   84.0522   84.0522   74.4378   -0.6117   66.0138    0.1920    0.1983
   0   51.7402 -999.9900   82.2659   82.2659   73.3424   -9.9243   64.1894    0.2155    0.1547
   0   51.3664 -999.9900   82.3950   82.3950   75.3967    0.6716   64.5254    0.1663    0.1798
   0   51.0354 -999.9900   81.7873   81.7873   74.4083   -8.1866   63.7301    0.1986    0.1484
    
2023053000
   0   50.3610 -999.9900   85.0645   85.0645   75.8838   16.0654   68.4838    0.1734    0.1928
   0   50.5416 -999.9900   87.6609   87.6609   74.4512   14.7464   70.5434    0.1997    0.1893
   0   48.8219 -999.9900   81.7546   81.7546   74.9681   16.2036   64.9580    0.1627    0.1785
   0   49.5578 -999.9900   85.1735   85.1735   74.3788   15.7025   68.0897    0.1847    0.1826
    
2023053100
   0   50.5767 -999.9900   92.5627   92.5627   74.4940    7.3536   74.8883    0.1882    0.2542
   0   49.3413 -999.9900   91.3062   91.3062   74.9446    9.8994   74.1380    0.2029    0.2324
   0   49.0802 -999.9900   89.7589   89.7589   75.0032    4.9540   72.3991    0.1798    0.2294
   0   48.6538 -999.9900   89.6280   89.6280   75.1517    8.3883   72.5729    0.1882    0.2226
    
2023060100
   0   48.0046 -999.9900   83.8625   83.8625   75.9056    3.9816   66.9176    0.1754    0.1777
   0   45.8562 -999.9900   77.2430   77.2430   74.6388    3.7107   60.6694    0.1482    0.1460
   0   47.4298 -999.9900   81.0949   81.0949   75.2819    3.8202   64.1753    0.1433    0.1934
   0   45.8808 -999.9900   77.0999   77.0999   74.4745    3.3871   60.4824    0.1353    0.1608
    
2023060200
   0   57.2135 -999.9900   82.1405   82.1405   72.9307    3.3660   64.8867    0.1436    0.2466
   0   54.4628 -999.9900   80.7582   80.7582   73.2867    3.4970   63.3674    0.1432    0.2125
   0   55.1420 -999.9900   79.7586   79.7586   73.0535    4.7108   62.2948    0.1401    0.2269
   0   53.6392 -999.9900   79.5382   79.5382   73.2759    4.3935   61.9653    0.1419    0.2058
    
2023060300
   0   58.0429 -999.9900   83.6232   83.6232   73.5505    4.2741   66.5256    0.1355    0.2544
   0   56.6226 -999.9900   83.2448   83.2448   75.4985    0.0065   66.1685    0.1414    0.2364
   0   57.0930 -999.9900   82.3608   82.3608   73.9503    2.9283   65.3398    0.1312    0.2408
   0   56.3547 -999.9900   82.4787   82.4787   75.3197    0.2107   65.4110    0.1366    0.2333
    
2023060400
   0   57.6625 -999.9900   83.3480   83.3480   73.5936    2.0712   66.7874    0.1486    0.2597
   0   58.4496 -999.9900   87.3515   87.3515   73.2110    2.7095   71.0047    0.1631    0.2701
   0   58.1026 -999.9900   85.0531   85.0531   74.6591    2.8456   68.3828    0.1461    0.2681
   0   58.3690 -999.9900   87.3123   87.3123   74.1683    2.4438   70.8483    0.1591    0.2706
    
2023060500
   0   60.9080 -999.9900   84.9019   84.9019   73.1722    9.4060   68.8513    0.1623    0.2847
   0   60.4251 -999.9900   84.7495   84.7495   73.5875   11.5541   68.2503    0.1724    0.2596
   0   60.4717 -999.9900   84.3256   84.3256   74.8708    8.5227   68.2770    0.1591    0.2813
   0   60.3062 -999.9900   84.8842   84.8842   74.7143   10.6924   68.4924    0.1688    0.2602
    
2023060600
   0   61.7093 -999.9900   83.3634   83.3634   75.7980   -1.4627   66.5720    0.2098    0.2361
   0   63.4189 -999.9900   85.0044   85.0044   73.1303   -4.5533   68.6496    0.2165    0.2516
   0   62.9871 -999.9900   85.2712   85.2712   76.0087    0.0658   68.7237    0.2152    0.2522
   0   63.9031 -999.9900   85.9308   85.9308   73.8324   -3.3029   69.6132    0.2159    0.2597
    
2023060700
   0   61.2177 -999.9900   89.9955   89.9955   77.3173   -2.3619   74.1717    0.1831    0.2519
   0   60.0806 -999.9900   85.0459   85.0459   77.1833   -2.7526   69.1301    0.2065    0.2076
   0   60.3048 -999.9900   86.9500   86.9500   78.2973    0.2380   70.4166    0.1722    0.2450
   0   59.5938 -999.9900   84.0094   84.0094   77.7486   -1.1030   67.6673    0.1961    0.2079
    
2023060800
   0   57.5669 -999.9900   85.2138   85.2138   77.0492   -5.4427   69.0202    0.1682    0.2385
   0   57.1561 -999.9900   83.3718   83.3718   75.8289   -7.0008   67.0738    0.1685    0.2220
   1 -999.9900 -999.9900 -999.9900 -999.9900 -999.9900 -999.9900 -999.9900 -999.9900 -999.9900
   0   57.2573 -999.9900   85.0196   85.0196   76.4666   -6.4734   68.7125    0.1720    0.2292
    
2023060900
   0   54.8759 -999.9900   79.9754   79.9754   77.8861    3.0177   62.9074    0.1506    0.2254
   0   55.5729 -999.9900   81.1589   81.1589   75.4912    1.3651   64.0361    0.1623    0.2165
   0   54.3576 -999.9900   79.8056   79.8056   78.3935    1.5310   62.6785    0.1467    0.2134
   0   55.0915 -999.9900   81.0669   81.0669   76.3442    1.0742   63.9474    0.1581    0.2135
    
2023061000
   0   56.1877 -999.9900   79.3696   79.3696   73.7352    0.9992   61.9390    0.1569    0.2130
   0   55.8129 -999.9900   80.7117   80.7117   73.0358    1.2325   63.1991    0.1683    0.2019
   0   56.1405 -999.9900   80.2622   80.2622   73.9648    0.6687   62.6658    0.1614    0.2159
   0   55.7593 -999.9900   80.7588   80.7588   73.3889    1.0414   63.1289    0.1698    0.2033
    
2023061100
   0   56.0532 -999.9900   84.8881   84.8881   75.0000    5.9795   67.3347    0.1798    0.2429
   0   54.0893 -999.9900   81.4833   81.4833   74.7685    3.8570   63.0961    0.1768    0.2032
   0   56.1276 -999.9900   85.9015   85.9015   75.1791    3.0765   68.3683    0.1799    0.2520
   0   54.4850 -999.9900   82.4040   82.4040   75.0564    2.7261   64.2962    0.1778    0.2158
    
2023061200
   0   56.8008 -999.9900   86.2397   86.2397   74.1071    3.7636   68.5571    0.1889    0.2441
   0   54.6306 -999.9900   83.6293   83.6293   73.7163    4.7749   64.9648    0.1705    0.2221
   0   55.6408 -999.9900   83.7642   83.7642   74.0202    5.7860   66.0594    0.1806    0.2289
   0   54.2716 -999.9900   82.9079   82.9079   73.9207    5.4416   64.3484    0.1688    0.2168
    
2023061300
   0   53.1971 -999.9900   81.7736   81.7736   71.6811   -3.1994   63.1486    0.1861    0.1738
   0   52.3485 -999.9900   80.4745   80.4745   71.5932   -3.2491   61.7420    0.2098    0.1470
   0   53.2871 -999.9900   82.3223   82.3223   73.6867   -2.6056   63.6495    0.1813    0.1731
   0   52.5007 -999.9900   80.6928   80.6928   72.9166   -3.1049   61.9727    0.2039    0.1501
    
2023061400
   0   45.1918 -999.9900   71.5945   71.5945   70.8974   -4.3256   54.1274    0.1545    0.1182
   0   45.3461 -999.9900   69.8976   69.8976   72.1352   -5.1777   52.8457    0.1386    0.1271
   0   45.1072 -999.9900   71.8226   71.8226   72.4133   -4.9627   54.1447    0.1412    0.1223
   0   45.1411 -999.9900   70.1819   70.1819   72.7092   -5.3147   52.8794    0.1313    0.1274
    
2023061500
   0   46.8762 -999.9900   71.8257   71.8257   71.7524   -0.2051   54.4817    0.1664    0.1186
   0   47.8110 -999.9900   72.8187   72.8187   72.4211   -3.7007   55.4149    0.1723    0.1177
   0   46.8694 -999.9900   71.2304   71.2304   74.1596   -2.0983   54.3081    0.1498    0.1249
   0   47.5593 -999.9900   72.3674   72.3674   73.7605   -4.9092   55.2352    0.1592    0.1210
    
2023061600
   0   51.0668 -999.9900   75.8480   75.8480   73.1563   -5.2103   59.2629    0.1696    0.1739
   0   53.1987 -999.9900   79.7781   79.7781   72.9575  -10.0593   63.2528    0.1823    0.1872
   0   51.2342 -999.9900   76.9544   76.9544   72.1268   -4.1814   60.0162    0.1837    0.1583
   0   52.7726 -999.9900   79.5176   79.5176   72.6075   -8.2335   62.6462    0.1801    0.1741
    
2023061700
   0   53.8927 -999.9900   82.9703   82.9703   70.5799    3.1252   66.5683    0.1657    0.2330
   0   55.2046 -999.9900   83.0246   83.0246   72.3122   -1.9292   66.8482    0.1776    0.2105
   0   52.7639 -999.9900   79.6132   79.6132   72.7918    3.4863   63.3716    0.1510    0.2077
   0   54.2146 -999.9900   80.9914   80.9914   73.2742   -0.2409   64.8243    0.1689    0.1988
    
2023061800
   0   47.7908 -999.9900   79.8556   79.8556   73.3336   -2.9150   62.2888    0.1662    0.1820
   0   50.3919 -999.9900   85.8729   85.8729   71.2736   -4.4061   68.3864    0.1899    0.2000
   0   46.6485 -999.9900   77.9088   77.9088   73.8963   -1.1400   60.5727    0.1597    0.1618
   0   49.0984 -999.9900   83.8962   83.8962   72.3402   -3.2916   66.4459    0.1813    0.1836
    
2023061900
   0   45.7251 -999.9900   82.8251   82.8251   71.2944   -2.4862   64.4315    0.1355    0.2306
   0   45.8410 -999.9900   82.6174   82.6174   70.8086   -4.3610   64.3547    0.1439    0.2071
   0   45.7602 -999.9900   81.9886   81.9886   71.2691   -1.4439   64.0151    0.1405    0.2112
   0   45.7184 -999.9900   82.3902   82.3902   70.8447   -4.2832   64.2564    0.1455    0.2017
    
2023062000
   0   49.8215 -999.9900   86.2009   86.2009   69.9022   -1.6905   67.7893    0.1696    0.2465
   0   51.2903 -999.9900   88.4293   88.4293   70.8123   -0.4500   70.2257    0.1630    0.2562
   0   50.5376 -999.9900   86.7290   86.7290   70.0461    1.4177   68.4175    0.1575    0.2543
   0   51.4125 -999.9900   88.4992   88.4992   70.6987    1.1084   70.3177    0.1568    0.2615
    
2023062100
   0   47.9823 -999.9900   84.0530   84.0530   71.4502    0.8236   65.9131    0.1418    0.2332
   0   48.6870 -999.9900   85.0065   85.0065   72.9506    3.3497   67.3895    0.1461    0.2288
   0   48.4104 -999.9900   84.2876   84.2876   70.7832    4.1577   66.2064    0.1416    0.2371
   0   48.7557 -999.9900   85.2891   85.2891   72.5106    5.5818   67.4758    0.1432    0.2355
    
2023062200
   0   50.1003 -999.9900   89.0494   89.0494   70.9364    4.9709   70.3937    0.1515    0.2586
   0   49.8490 -999.9900   88.6285   88.6285   70.8087    8.9860   70.2295    0.1576    0.2485
   0   49.7201 -999.9900   87.2117   87.2117   72.1426    4.8465   68.8140    0.1497    0.2429
   0   49.5472 -999.9900   87.5219   87.5219   71.6899    8.0966   69.2140    0.1514    0.2404
    
2023062300
   0   46.0709 -999.9900   78.3678   78.3678   70.5886    8.8439   60.4752    0.1190    0.1999
   0   46.4441 -999.9900   78.5403   78.5403   71.1080   11.2871   60.6965    0.1259    0.1896
   0   46.5511 -999.9900   78.6502   78.6502   70.8174   10.2654   60.6608    0.1158    0.2069
   0   46.6394 -999.9900   78.8961   78.8961   71.2691   12.1220   60.9116    0.1250    0.1955
    
2023062400
   0   41.7514 -999.9900   69.9812   69.9812   71.6599    3.4100   51.5900    0.0992    0.1494
   0   44.5255 -999.9900   73.6618   73.6618   73.2656    6.0024   55.0437    0.1281    0.1467
   0   41.4314 -999.9900   68.0443   68.0443   71.7510    2.5740   49.9408    0.0911    0.1398
   0   43.7041 -999.9900   71.6110   71.6110   73.1926    4.7452   53.1333    0.1152    0.1382
    
2023062500
   0   46.6786 -999.9900   74.9252   74.9252   68.0545   -4.8562   55.9536    0.1467    0.1818
   0   47.8411 -999.9900   77.8094   77.8094   69.7574   -5.0935   58.5759    0.1829    0.1560
   0   46.2208 -999.9900   74.7375   74.7375   67.8459   -5.9235   55.3160    0.1372    0.1748
   0   47.2755 -999.9900   76.9697   76.9697   69.3879   -6.0308   57.4426    0.1652    0.1592
    
2023062600
   0   51.6568 -999.9900   82.2660   82.2660   71.4989    0.9414   62.6994    0.1398    0.2276
   0   52.6645 -999.9900   82.8659   82.8659   71.0285   -3.6076   64.0141    0.1488    0.2135
   0   51.3864 -999.9900   81.7666   81.7666   70.3943   -0.7699   61.8480    0.1346    0.2253
   0   52.2101 -999.9900   82.3665   82.3665   70.7127   -3.9583   63.2368    0.1418    0.2137
    
2023062700
   0   48.3588 -999.9900   80.4445   80.4445   69.8730    4.1607   61.2480    0.1721    0.1846
   0   47.6604 -999.9900   79.9572   79.9572   71.9518    2.9450   60.6200    0.1797    0.1597
   0   46.6528 -999.9900   78.1467   78.1467   70.9878    4.4871   58.8830    0.1530    0.1746
   0   46.7477 -999.9900   78.4644   78.4644   72.2762    3.3144   59.0120    0.1662    0.1557
    
2023062800
   0   49.9688 -999.9900   78.8535   78.8535   72.4206   -5.4929   60.9278    0.1975    0.1632
   0   49.7762 -999.9900   81.1186   81.1186   70.9289   -4.4516   61.7812    0.1967    0.1620
   0   49.2466 -999.9900   77.9728   77.9728   72.8824   -2.2267   59.7997    0.1745    0.1718
   0   49.2722 -999.9900   79.9141   79.9141   72.0172   -1.9307   60.7831    0.1816    0.1657
    
2023062900
   0   47.6600 -999.9900   75.0954   75.0954   71.5518    2.9059   56.0999    0.1283    0.1924
   0   46.9128 -999.9900   73.6380   73.6380   72.2391    4.2382   54.7797    0.1356    0.1657
   0   47.0864 -999.9900   74.4149   74.4149   71.0925    2.3511   55.3727    0.1188    0.1855
   0   46.6318 -999.9900   73.2325   73.2325   72.2572    3.8397   54.2337    0.1275    0.1637
    
2023063000
   0   50.4986 -999.9900   82.8489   82.8489   73.1962    5.5523   64.4327    0.1479    0.2186
   0   50.4986 -999.9900   82.8489   82.8489   73.1962    5.5523   64.4327    0.1479    0.2186
   0   50.5048 -999.9900   83.9709   83.9709   74.4218    5.8176   65.1658    0.1284    0.2459
   0   49.5243 -999.9900   81.9607   81.9607   73.9634    6.5813   62.9274    0.1271    0.2210
    
