2023050100
    
2023050200
   0  449.5561 -999.9900  829.1464  829.1464  666.0870   81.4845  602.2731    0.1180    0.1627
   0  426.1743 -999.9900  799.7752  799.7752  683.7935   80.9247  575.1406    0.0989    0.1369
   0  446.8180 -999.9900  824.0826  824.0826  683.5785   75.7547  600.0664    0.1247    0.1582
   0  428.1616 -999.9900  800.9698  800.9698  692.3576   77.6118  578.3917    0.0999    0.1416
    
2023050300
   0  447.0544 -999.9900  820.5130  820.5130  676.3535   10.7363  601.1794    0.1640    0.1249
   0  428.4771 -999.9900  791.4926  791.4926  691.1532    6.6210  579.9234    0.1489    0.1073
   0  446.2335 -999.9900  817.3903  817.3903  672.3012   14.5119  607.2026    0.1655    0.1222
   0  431.8779 -999.9900  795.6805  795.6805  685.5443    9.7101  588.3281    0.1533    0.1092
    
2023050400
   0  458.3989 -999.9900  838.6794  838.6794  666.1890  -43.6230  609.9700    0.1712    0.1529
   0  449.5167 -999.9900  825.8185  825.8185  700.1619  -22.1823  601.3995    0.1526    0.1372
   0  458.9518 -999.9900  841.3843  841.3843  666.3739  -37.6993  611.9662    0.1717    0.1573
   0  451.2444 -999.9900  829.7757  829.7757  693.8058  -22.8902  603.0709    0.1575    0.1408
    
2023050500
   0  433.3550 -999.9900  806.4998  806.4998  674.3810  -89.4158  580.9814    0.1607    0.1095
   0  422.0709 -999.9900  788.9874  788.9874  703.7789  -74.0438  564.5032    0.1498    0.1034
   0  426.0518 -999.9900  795.4255  795.4255  684.5448  -88.2353  569.8466    0.1484    0.1078
   0  419.2682 -999.9900  785.0879  785.0879  704.5039  -76.4034  560.8919    0.1433    0.1041
    
2023050600
   0  415.7000 -999.9900  775.6047  775.6047  629.5906  -94.1151  559.7509    0.1654    0.1124
   0  413.2184 -999.9900  779.9243  779.9243  662.1853  -66.8531  560.9090    0.1364    0.1040
   0  419.8743 -999.9900  783.7560  783.7560  646.1901  -77.4449  564.2926    0.1596    0.1117
   0  416.2347 -999.9900  783.6215  783.6215  665.5492  -62.3078  563.9175    0.1387    0.1064
    
2023050700
   0  409.6859 -999.9900  773.9069  773.9069  660.1806  -58.1564  556.8040    0.1411    0.1216
   0  404.7188 -999.9900  769.6306  769.6306  692.6140  -49.4574  551.6318    0.1178    0.1041
   0  414.4369 -999.9900  779.2165  779.2165  671.5855  -68.3567  562.7347    0.1417    0.1182
   0  408.5232 -999.9900  774.5258  774.5258  691.6792  -57.3291  555.6498    0.1217    0.1075
    
2023050800
   0  390.7127 -999.9900  743.8939  743.8939  656.6937  -23.7481  518.4685    0.1302    0.1168
   0  403.9223 -999.9900  769.8988  769.8988  677.0668  -48.3014  539.8206    0.1257    0.1114
   0  390.3113 -999.9900  750.0300  750.0300  659.9329  -22.3379  519.9648    0.1210    0.1076
   0  399.7094 -999.9900  765.9404  765.9404  677.6303  -42.5433  533.5969    0.1196    0.1072
    
2023050900
   0  432.8205 -999.9900  811.2822  811.2822  628.1397  -91.6330  584.5223    0.1503    0.1419
   0  423.2183 -999.9900  798.9896  798.9896  661.1467  -77.1310  573.5535    0.1291    0.1298
   0  405.7323 -999.9900  765.5401  765.5401  639.3828  -98.3724  548.0573    0.1347    0.1189
   0  407.4122 -999.9900  772.1349  772.1349  663.1709  -84.0834  551.1876    0.1247    0.1174
    
2023051000
   0  403.5000 -999.9900  762.0683  762.0683  657.4080  -81.8174  544.0820    0.1358    0.1188
   0  409.7324 -999.9900  777.1933  777.1933  672.3641  -75.3181  556.3608    0.1338    0.1149
   0  401.2318 -999.9900  759.8414  759.8414  656.5097  -79.9523  539.5233    0.1311    0.1162
   0  407.7064 -999.9900  774.0984  774.0984  667.3814  -75.5019  552.1531    0.1322    0.1155
    
2023051100
   0  431.1823 -999.9900  822.0530  822.0530  641.4179  -83.1303  587.8403    0.1562    0.1229
   0  423.3126 -999.9900  816.4626  816.4626  682.5735  -88.0342  578.3158    0.1318    0.1060
   0  426.5860 -999.9900  817.4614  817.4614  643.3154  -82.7010  584.0057    0.1508    0.1189
   0  422.3076 -999.9900  814.9290  814.9290  675.6596  -86.9242  578.2634    0.1333    0.1089
    
2023051200
   0  407.8991 -999.9900  774.8641  774.8641  635.3466  -69.1914  558.3823    0.1253    0.1404
   0  405.0349 -999.9900  779.3000  779.3000  657.4996  -72.3366  556.6523    0.1104    0.1075
   0  414.4975 -999.9900  788.5184  788.5184  633.8928  -88.9461  568.2985    0.1389    0.1261
   0  408.5096 -999.9900  785.2910  785.2910  653.5619  -82.7625  562.0621    0.1202    0.1066
    
2023051300
   0  425.8008 -999.9900  800.8899  800.8899  683.9338 -119.7247  587.0792    0.1471    0.1358
   0  406.7245 -999.9900  771.2208  771.2208  681.3809  -86.4698  558.4548    0.1256    0.1226
   0  424.9004 -999.9900  800.1638  800.1638  667.8888 -118.3657  585.9962    0.1533    0.1339
   0  409.5242 -999.9900  776.1414  776.1414  673.1873  -92.2978  563.3222    0.1326    0.1224
    
2023051400
   0  459.1615 -999.9900  849.1060  849.1060  621.3273 -103.7951  615.8847    0.1835    0.1594
   0  446.9836 -999.9900  840.0760  840.0760  656.3177  -84.0743  606.8121    0.1646    0.1431
   0  458.1805 -999.9900  851.4604  851.4604  618.7633 -105.0956  617.3382    0.1778    0.1543
   0  447.4552 -999.9900  841.7785  841.7785  649.9026  -88.8002  608.1962    0.1634    0.1414
    
2023051500
   0  477.5472 -999.9900  867.2874  867.2874  610.7111  -36.5132  631.8884    0.1642    0.2160
   0  462.1506 -999.9900  849.2166  849.2166  628.3395  -15.8455  625.9705    0.1492    0.2057
   0  461.5547 -999.9900  840.7458  840.7458  602.3427  -45.8753  614.9537    0.1659    0.2051
   0  454.7203 -999.9900  835.8740  835.8740  621.1846  -25.5995  616.2045    0.1521    0.1993
    
2023051600
   0  453.5423 -999.9900  839.5330  839.5330  654.8704  -28.2401  615.4336    0.1491    0.1570
   0  439.6414 -999.9900  823.0807  823.0807  659.0948   -2.9535  600.3947    0.1266    0.1557
   0  449.4950 -999.9900  839.0951  839.0951  650.4811  -35.4308  614.0738    0.1544    0.1553
   0  439.2761 -999.9900  825.0362  825.0362  657.0516  -12.3266  601.8369    0.1310    0.1526
    
2023051700
   0  443.9045 -999.9900  836.5693  836.5693  607.6443  -62.3387  607.4695    0.1644    0.1731
   0  436.0367 -999.9900  833.3160  833.3160  633.2828  -40.7966  598.3234    0.1402    0.1636
   0  447.8249 -999.9900  847.5486  847.5486  605.4850  -57.5131  611.6732    0.1560    0.1840
   0  439.8778 -999.9900  840.4437  840.4437  627.0967  -42.2056  602.4672    0.1404    0.1692
    
2023051800
   0  475.2409 -999.9900  885.8742  885.8742  620.7932  -80.0959  654.4952    0.1830    0.1895
   0  451.5504 -999.9900  849.1887  849.1887  645.7281  -36.2046  621.4548    0.1543    0.1796
   0  475.5655 -999.9900  892.1350  892.1350  630.1342  -76.5412  655.3777    0.1826    0.1879
   0  455.4046 -999.9900  859.4327  859.4327  647.5938  -42.8472  628.2328    0.1564    0.1789
    
2023051900
   0  507.3557 -999.9900  941.7313  941.7313  656.8297  -99.0044  684.5111    0.2051    0.1729
   0  478.6742 -999.9900  896.6901  896.6901  658.3292  -83.8088  650.5242    0.1895    0.1605
   0  504.0507 -999.9900  939.4127  939.4127  642.3306  -98.8844  677.3183    0.2112    0.1694
   0  482.0206 -999.9900  904.2673  904.2673  649.7401  -86.7747  653.1787    0.1977    0.1611
    
2023052000
   0  541.9847 -999.9900 1006.3532 1006.3532  606.6520 -115.3964  706.2062    0.2195    0.1958
   0  513.4764 -999.9900  956.4918  956.4918  620.4708  -91.2233  684.3266    0.2023    0.1945
   0  533.1505 -999.9900  994.5587  994.5587  614.4948 -116.3912  701.0211    0.2124    0.1924
   0  513.7005 -999.9900  959.0995  959.0995  622.5873  -96.6430  685.7405    0.2001    0.1920
    
2023052100
   0  481.0245 -999.9900  897.0895  897.0895  631.4147 -110.0855  641.6156    0.1919    0.1636
   0  453.8265 -999.9900  853.1745  853.1745  637.8298  -76.0570  614.2226    0.1668    0.1545
   0  465.7215 -999.9900  871.5750  871.5750  628.9413 -104.9313  621.3555    0.1762    0.1585
   0  449.7234 -999.9900  845.7859  845.7859  635.7579  -79.7716  606.5932    0.1627    0.1530
    
2023052200
   0  397.0356 -999.9900  752.0778  752.0778  598.1969  -74.1528  539.8616    0.1589    0.1265
   0  406.0418 -999.9900  771.0850  771.0850  621.0530  -82.4123  553.8757    0.1527    0.1256
   0  400.8693 -999.9900  757.9265  757.9265  590.8888  -81.3048  549.3453    0.1646    0.1290
   0  405.6497 -999.9900  769.9619  769.9619  613.2985  -85.0477  555.7527    0.1567    0.1265
    
2023052300
   0  427.2264 -999.9900  813.9666  813.9666  611.8854 -110.5075  565.5326    0.1777    0.1238
   0  417.2520 -999.9900  800.0261  800.0261  619.3527 -109.7272  561.4802    0.1658    0.1190
   0  431.3674 -999.9900  819.1796  819.1796  613.4341 -120.6959  572.2565    0.1815    0.1245
   0  420.9478 -999.9900  805.0869  805.0869  619.9683 -115.9974  564.9942    0.1692    0.1204
    
2023052400
   0  466.1608 -999.9900  897.4304  897.4304  592.5526 -129.5893  618.9987    0.1982    0.1472
   0  452.7850 -999.9900  879.1484  879.1484  629.4836 -131.1520  613.8278    0.1715    0.1329
   0  453.2449 -999.9900  875.8551  875.8551  606.3296 -125.8710  605.6146    0.1928    0.1395
   0  446.7731 -999.9900  868.9988  868.9988  630.9711 -128.5990  605.7277    0.1690    0.1311
    
2023052500
   0  480.6949 -999.9900  897.5192  897.5192  600.4476 -161.2710  640.4438    0.2282    0.1578
   0  472.3097 -999.9900  892.0410  892.0410  624.0809 -143.3579  642.8468    0.2052    0.1520
   0  468.6114 -999.9900  876.5439  876.5439  591.9778 -160.9546  624.5349    0.2217    0.1467
   0  465.7720 -999.9900  879.3044  879.3044  616.3060 -146.7611  632.3756    0.2059    0.1410
    
2023052600
   0  485.3728 -999.9900  884.3859  884.3859  602.9938 -166.0246  652.3340    0.2313    0.1630
   0  474.3644 -999.9900  879.1995  879.1995  606.2745 -161.5403  641.2460    0.2130    0.1496
   0  474.9536 -999.9900  868.7863  868.7863  598.3878 -162.0452  639.6055    0.2233    0.1597
   0  470.3536 -999.9900  871.1002  871.1002  602.5571 -160.0405  635.5265    0.2144    0.1479
    
2023052700
   0  465.9165 -999.9900  861.2318  861.2318  600.1040 -152.9233  629.8906    0.2123    0.1376
   0  464.7140 -999.9900  866.7328  866.7328  626.4644 -146.1220  634.2847    0.2012    0.1286
   0  461.4002 -999.9900  859.3149  859.3149  595.5737 -151.6031  624.6688    0.2091    0.1329
   0  461.3191 -999.9900  863.3801  863.3801  620.1699 -146.6873  629.6571    0.1994    0.1260
    
2023052800
   0  449.5409 -999.9900  843.2437  843.2437  622.6760 -122.6664  608.3210    0.1918    0.1596
   0  453.5345 -999.9900  847.0792  847.0792  628.1185 -123.9546  615.0164    0.1860    0.1580
   0  451.7121 -999.9900  850.0142  850.0142  619.8365 -144.3537  616.2069    0.1965    0.1531
   0  451.8237 -999.9900  848.4130  848.4130  628.0507 -136.7207  615.3301    0.1909    0.1543
    
2023052900
   0  470.5280 -999.9900  869.3123  869.3123  581.1285 -105.0995  641.7094    0.2095    0.1758
   0  469.3235 -999.9900  871.6110  871.6110  611.8564  -94.3536  644.9498    0.1990    0.1699
   0  452.5368 -999.9900  846.7054  846.7054  597.7992 -113.9065  617.9502    0.1982    0.1583
   0  458.0930 -999.9900  857.0261  857.0261  616.1750 -101.7889  629.6318    0.1934    0.1545
    
2023053000
   0  423.5614 -999.9900  781.6943  781.6943  591.8334  -27.6155  577.1517    0.1850    0.1612
   0  434.8726 -999.9900  805.7021  805.7021  609.6513  -68.2575  597.0040    0.1874    0.1557
   0  424.8993 -999.9900  786.1826  786.1826  586.2213  -36.5982  579.0587    0.1834    0.1686
   0  432.8954 -999.9900  803.0825  803.0825  603.5147  -65.5236  593.5667    0.1864    0.1606
    
2023053100
   0  419.6228 -999.9900  781.1340  781.1340  605.3905  -65.2443  569.8404    0.1678    0.1500
   0  420.0332 -999.9900  791.9070  791.9070  610.3379  -84.7891  572.5507    0.1678    0.1395
   0  416.2337 -999.9900  774.6089  774.6089  585.8728  -62.4958  569.3060    0.1703    0.1536
   0  416.1746 -999.9900  783.6891  783.6891  600.9931  -79.5495  569.3742    0.1658    0.1417
    
2023060100
   0  397.5449 -999.9900  738.9611  738.9611  608.7631  -18.5732  530.6697    0.1426    0.1495
   0  392.9259 -999.9900  744.3312  744.3312  609.0157  -50.7506  531.3981    0.1326    0.1312
   0  391.5663 -999.9900  734.4370  734.4370  594.5731  -19.4240  526.5735    0.1352    0.1435
   0  390.4883 -999.9900  740.2789  740.2789  601.2410  -44.9668  529.2549    0.1271    0.1327
    
2023060200
   0  389.8999 -999.9900  725.1920  725.1920  627.1010   -8.7538  530.6242    0.1081    0.1452
   0  374.5848 -999.9900  704.2310  704.2310  617.6733  -54.5059  510.7715    0.1107    0.1147
   0  381.6668 -999.9900  712.3172  712.3172  624.4091  -12.6915  517.7663    0.1067    0.1311
   0  372.0894 -999.9900  700.9204  700.9204  617.6217  -47.7242  506.8733    0.1078    0.1085
    
2023060300
   0  391.5545 -999.9900  710.5668  710.5668  573.4901    9.4999  515.7198    0.1342    0.1737
   0  377.2711 -999.9900  706.1884  706.1884  604.1670  -17.7162  505.4566    0.1142    0.1251
   0  384.4431 -999.9900  708.3175  708.3175  574.7039   10.7126  512.1096    0.1191    0.1650
   0  375.4682 -999.9900  704.6926  704.6926  599.9438  -11.5484  504.0588    0.1086    0.1277
    
2023060400
   0  412.6129 -999.9900  762.5475  762.5475  562.8868   32.6343  553.3605    0.1389    0.1610
   0  407.8699 -999.9900  757.7570  757.7570  588.4733    0.3171  550.2485    0.1400    0.1344
   0  414.6759 -999.9900  766.3746  766.3746  559.0358   40.6376  556.7198    0.1452    0.1627
   0  409.4619 -999.9900  760.0529  760.0529  582.4507   11.5810  552.5445    0.1416    0.1400
    
2023060500
   0  423.7704 -999.9900  793.2067  793.2067  550.9523   36.1248  559.5245    0.1472    0.1644
   0  423.0535 -999.9900  798.1474  798.1474  586.8546   14.0343  562.7953    0.1420    0.1405
   0  413.7055 -999.9900  775.9907  775.9907  552.6873   27.0095  546.7758    0.1402    0.1573
   0  417.1035 -999.9900  786.7177  786.7177  580.9786   12.9897  553.9716    0.1366    0.1405
    
2023060600
   0  391.2677 -999.9900  714.9380  714.9380  627.0026   34.1055  518.9202    0.1001    0.1408
   0  396.4661 -999.9900  732.1896  732.1896  612.3004   17.8020  533.0502    0.0974    0.1362
   0  388.9176 -999.9900  715.0144  715.0144  602.7119   26.7872  516.6285    0.1020    0.1373
   0  393.8635 -999.9900  727.3843  727.3843  602.5553   16.6750  527.8252    0.1020    0.1354
    
2023060700
   0  401.0767 -999.9900  727.7497  727.7497  593.9633   11.5096  527.9877    0.1322    0.1435
   0  394.0724 -999.9900  723.8620  723.8620  602.5901    3.5680  528.4480    0.1284    0.1290
   0  393.0811 -999.9900  716.8893  716.8893  581.7177   -0.8470  522.0850    0.1375    0.1284
   0  390.7137 -999.9900  718.1835  718.1835  593.6245   -2.2547  525.2030    0.1300    0.1249
    
2023060800
   0  387.8247 -999.9900  706.7375  706.7375  598.6649   -7.3233  516.0586    0.1459    0.1225
   0  369.3190 -999.9900  688.8062  688.8062  593.4230  -14.8070  496.8799    0.1253    0.0996
   0  386.1888 -999.9900  705.3586  705.3586  583.5802   -0.1938  518.0457    0.1402    0.1251
   0  371.3744 -999.9900  690.3267  690.3267  587.0664   -9.0262  500.7856    0.1220    0.1062
    
2023060900
   0  340.6844 -999.9900  645.2778  645.2778  561.3412   40.3143  444.8191    0.1085    0.1223
   0  332.7682 -999.9900  639.5883  639.5883  577.2199   39.9970  436.6490    0.0877    0.1096
   0  334.9052 -999.9900  635.8398  635.8398  585.1273   44.5712  436.3308    0.0963    0.1158
   0  330.8075 -999.9900  635.0167  635.0167  587.9319   42.6134  431.5417    0.0845    0.1071
    
2023061000
   0  329.8690 -999.9900  628.2898  628.2898  578.1326   39.5458  436.3355    0.0970    0.1070
   0  321.3239 -999.9900  616.2161  616.2161  585.1673   38.2678  424.5393    0.0813    0.0895
   0  331.0968 -999.9900  633.0438  633.0438  575.5787   44.2744  440.9400    0.0913    0.1140
   0  322.7897 -999.9900  619.4421  619.4421  584.5291   41.3665  428.3000    0.0786    0.0954
    
2023061100
   0  368.1982 -999.9900  718.5445  718.5445  586.5607   43.6210  492.8705    0.1016    0.1516
   0  356.7052 -999.9900  703.3459  703.3459  578.4780   45.2349  478.4375    0.0958    0.1377
   0  361.9713 -999.9900  704.9603  704.9603  594.8014   40.9799  485.3625    0.0988    0.1433
   0  355.1306 -999.9900  697.6964  697.6964  585.6302   43.3396  475.8016    0.0977    0.1346
    
2023061200
   0  401.7291 -999.9900  775.3663  775.3663  563.0593   66.4615  532.5333    0.1269    0.2034
   0  383.9707 -999.9900  752.6350  752.6350  577.5142   76.3817  511.0452    0.1090    0.1793
   0  389.8705 -999.9900  754.1858  754.1858  578.1512   52.3174  521.7211    0.1209    0.1768
   0  380.9338 -999.9900  743.9872  743.9872  583.7747   65.9078  508.7931    0.1061    0.1686
    
2023061300
   0  385.8888 -999.9900  748.7552  748.7552  521.9196   87.3612  516.1878    0.1118    0.2122
   0  370.1719 -999.9900  722.3082  722.3082  544.3401   77.7097  496.3279    0.1020    0.1857
   0  390.4204 -999.9900  758.3820  758.3820  530.4520   83.9520  522.5841    0.1088    0.2057
   0  375.7993 -999.9900  732.5728  732.5728  546.1892   77.5884  503.6305    0.1027    0.1874
    
2023061400
   0  375.6804 -999.9900  718.1500  718.1500  545.4603  102.7231  502.5697    0.0952    0.2180
   0  354.1465 -999.9900  690.1103  690.1103  561.2960  104.0536  474.1519    0.0804    0.1753
   0  363.8402 -999.9900  701.8286  701.8286  550.9533   86.3548  490.6037    0.0889    0.1954
   0  350.8288 -999.9900  683.7945  683.7945  563.7015   93.9715  471.1720    0.0748    0.1726
    
2023061500
   0  346.8980 -999.9900  667.4518  667.4518  537.5273  127.0257  466.3338    0.0858    0.1628
   0  335.5309 -999.9900  655.7512  655.7512  556.3124  111.8162  445.1609    0.0826    0.1350
   0  341.9798 -999.9900  659.0846  659.0846  538.6861  121.5069  458.0073    0.0845    0.1493
   0  335.4222 -999.9900  653.7379  653.7379  552.3419  111.5530  444.9350    0.0809    0.1355
    
2023061600
   0  367.7491 -999.9900  705.1019  705.1019  553.7015  113.0735  482.1902    0.1068    0.1657
   0  358.3835 -999.9900  698.6648  698.6648  558.2783  109.9698  470.9420    0.0987    0.1452
   0  358.3969 -999.9900  692.2136  692.2136  540.6802  114.1036  472.6460    0.1029    0.1650
   0  354.4589 -999.9900  691.5442  691.5442  550.5629  111.2077  466.8461    0.0987    0.1463
    
2023061700
   0  388.9355 -999.9900  732.3174  732.3174  526.5739   76.7144  520.1398    0.1234    0.2010
   0  387.7675 -999.9900  738.0106  738.0106  546.2999   71.6713  519.4084    0.1179    0.1843
   0  387.7426 -999.9900  733.2312  733.2312  530.4245   79.7615  519.3715    0.1238    0.1928
   0  387.6193 -999.9900  737.7505  737.7505  544.0965   74.5001  519.3578    0.1197    0.1840
    
2023061800
   0  376.3920 -999.9900  713.5399  713.5399  531.1878   86.0537  502.0332    0.1206    0.1929
   0  369.2395 -999.9900  705.6631  705.6631  540.3474   67.6071  497.0143    0.1223    0.1696
   0  377.8762 -999.9900  717.2601  717.2601  533.1982   76.7432  507.3387    0.1151    0.1890
   0  370.8771 -999.9900  708.2635  708.2635  541.3323   65.7367  500.2486    0.1186    0.1713
    
2023061900
   0  382.7850 -999.9900  727.8164  727.8164  527.1329   25.0399  507.4317    0.1496    0.1508
   0  376.2073 -999.9900  719.2855  719.2855  546.4519    8.6442  503.0259    0.1441    0.1369
   0  383.8867 -999.9900  727.5364  727.5364  535.1467   17.4566  512.8113    0.1404    0.1496
   0  377.4400 -999.9900  719.9980  719.9980  548.3116    7.3688  505.8652    0.1389    0.1380
    
2023062000
   0  385.1234 -999.9900  737.0611  737.0611  512.1943  -23.0934  516.8349    0.1837    0.1460
   0  363.3898 -999.9900  706.5165  706.5165  525.5773  -18.9283  489.7199    0.1357    0.1290
   0  383.7047 -999.9900  737.1115  737.1115  516.3507  -21.6377  518.1989    0.1636    0.1488
   0  367.3299 -999.9900  713.4180  713.4180  524.3678  -18.8948  496.5346    0.1362    0.1348
    
2023062100
   0  364.2440 -999.9900  696.9028  696.9028  512.8247  -25.6369  477.2018    0.1715    0.1274
   0  352.4330 -999.9900  681.3337  681.3337  524.1482  -34.2340  467.4309    0.1536    0.1085
   0  354.5118 -999.9900  679.0316  679.0316  518.3882  -36.8740  465.1416    0.1624    0.1177
   0  349.0529 -999.9900  673.7195  673.7195  524.9547  -39.2604  462.2521    0.1509    0.1049
    
2023062200
   0  352.8267 -999.9900  665.6057  665.6057  497.9286  -31.6617  472.7163    0.1604    0.1549
   0  350.4253 -999.9900  666.6418  666.6418  522.9483  -47.1735  473.1430    0.1424    0.1255
   0  347.6986 -999.9900  657.5575  657.5575  503.1173  -36.4279  465.9830    0.1512    0.1449
   0  347.8754 -999.9900  661.5565  661.5565  520.9915  -46.9317  468.6534    0.1392    0.1249
    
2023062300
   0  325.9579 -999.9900  622.7340  622.7340  501.2103   -8.1064  430.9941    0.1308    0.1351
   0  325.2388 -999.9900  630.6672  630.6672  526.8396  -12.1012  433.1100    0.1140    0.1161
   0  324.9926 -999.9900  628.1000  628.1000  506.2737   15.8321  429.4452    0.1226    0.1359
   0  325.3529 -999.9900  632.7618  632.7618  524.0164    3.0739  432.8542    0.1109    0.1207
    
2023062400
   0  327.1757 -999.9900  639.7399  639.7399  504.1563   11.5842  430.6024    0.1117    0.1104
   0  332.7784 -999.9900  648.3855  648.3855  520.7481    1.0014  440.6952    0.1150    0.1102
   0  328.7305 -999.9900  645.5533  645.5533  499.3094   14.9843  432.8273    0.1100    0.1153
   0  332.6081 -999.9900  649.6079  649.6079  515.2833    5.1555  439.4966    0.1148    0.1114
    
2023062500
   0  340.0548 -999.9900  656.7381  656.7381  502.1148  -14.6121  450.8700    0.1455    0.1226
   0  339.3144 -999.9900  660.8733  660.8733  509.5309  -18.0841  454.2630    0.1282    0.1164
   0  331.8510 -999.9900  646.2231  646.2231  492.7216   -0.8439  437.2752    0.1323    0.1259
   0  333.4717 -999.9900  652.6146  652.6146  504.1238   -9.1280  443.8315    0.1232    0.1204
    
2023062600
   0  344.2157 -999.9900  661.4230  661.4230  498.4070   15.4449  460.9798    0.1360    0.1555
   0  334.5426 -999.9900  648.1173  648.1173  503.0844   14.7858  447.8015    0.1291    0.1372
   0  342.9046 -999.9900  662.7326  662.7326  497.7363   22.8827  460.2604    0.1289    0.1516
   0  335.4797 -999.9900  651.4592  651.4592  501.9219   19.3998  449.5423    0.1262    0.1377
    
2023062700
   0  339.5918 -999.9900  650.2350  650.2350  513.5565   59.5892  454.3821    0.0931    0.1562
   0  336.0109 -999.9900  648.2546  648.2546  522.3285   78.0096  452.0341    0.0792    0.1506
   0  337.3412 -999.9900  650.9447  650.9447  501.5743   67.9689  452.9987    0.0904    0.1602
   0  335.4306 -999.9900  649.0091  649.0091  513.6667   79.3560  451.2722    0.0808    0.1519
    
2023062800
   0  336.1408 -999.9900  657.6926  657.6926  484.2036   71.6860  441.1793    0.0969    0.1559
   0  345.4370 -999.9900  676.0706  676.0706  493.7763   67.2284  454.0384    0.0996    0.1564
   0  338.3608 -999.9900  662.4951  662.4951  500.4225   81.9699  448.2041    0.0917    0.1429
   0  344.8708 -999.9900  675.5977  675.5977  501.3060   74.4338  455.4464    0.0958    0.1451
    
2023062900
   0  323.6200 -999.9900  627.4704  627.4704  523.5519   65.1927  427.6262    0.0979    0.1092
   0  324.0291 -999.9900  631.3141  631.3141  503.8778   61.7099  427.3180    0.1049    0.1113
   0  322.7651 -999.9900  624.2759  624.2759  524.9421   56.0867  427.3678    0.0979    0.1060
   0  322.9113 -999.9900  628.0128  628.0128  509.3090   56.7512  426.2188    0.1022    0.1103
    
2023063000
   0  331.9156 -999.9900  644.6588  644.6588  481.9900   13.6257  440.3203    0.1376    0.1173
   0  331.4047 -999.9900  644.6588  644.6588  481.9915   13.6257  440.3203    0.1376    0.1173
   0  325.0199 -999.9900  635.1060  635.1060  493.5371    9.1030  430.1613    0.1275    0.1086
   0  325.5642 -999.9900  637.2766  637.2766  492.1544    6.7892  425.7547    0.1291    0.1085
    
