2023050100
    
2023050200
   0   45.4426 -999.9900   85.6775   85.6775   84.7245    4.9938   64.1697    0.0832    0.1276
   0   43.4264 -999.9900   82.7133   82.7133   87.3036    6.7844   60.9309    0.0537    0.1125
   0   45.3721 -999.9900   85.1246   85.1246   84.3402    4.3556   63.9947    0.0860    0.1326
   0   43.6156 -999.9900   82.6690   82.6690   86.8582    6.0435   61.2837    0.0587    0.1164
    
2023050300
   0   45.5569 -999.9900   85.1991   85.1991   83.9436    0.7668   65.0575    0.1185    0.1073
   0   42.6790 -999.9900   81.1875   81.1875   86.6672    0.9801   61.7476    0.0799    0.0797
   0   44.5949 -999.9900   83.5882   83.5882   83.5116    0.8045   63.9599    0.1115    0.1002
   0   42.7311 -999.9900   81.0505   81.0505   85.8249    0.9604   61.6552    0.0886    0.0798
    
2023050400
   0   45.6013 -999.9900   84.3108   84.3108   81.3628   -4.9517   64.7952    0.1381    0.1271
   0   44.5619 -999.9900   83.2596   83.2596   87.7014   -1.9508   63.1371    0.0938    0.1108
   0   44.8358 -999.9900   83.7920   83.7920   81.8052   -5.0672   63.9097    0.1320    0.1133
   0   44.2854 -999.9900   83.1010   83.1010   86.7467   -2.6200   62.7277    0.0954    0.1077
    
2023050500
   0   39.3801 -999.9900   72.8380   72.8380   82.8014   -4.8597   54.1230    0.1023    0.0885
   0   39.8583 -999.9900   74.8311   74.8311   86.5290   -4.1825   55.3324    0.1010    0.0738
   0   38.4662 -999.9900   70.9311   70.9311   84.1133   -5.0120   53.2281    0.0986    0.0814
   0   39.2650 -999.9900   73.3493   73.3493   86.5106   -4.4104   54.6638    0.0965    0.0722
    
2023050600
   0   41.0069 -999.9900   79.2659   79.2659   79.0167   -5.7164   56.8952    0.1028    0.0972
   0   39.7617 -999.9900   76.4602   76.4602   83.1944   -1.7336   54.7809    0.0733    0.0944
   0   41.9849 -999.9900   81.4292   81.4292   80.9756   -4.0533   57.9639    0.1050    0.0990
   0   40.4688 -999.9900   78.0407   78.0407   83.7934   -1.5327   55.6378    0.0775    0.0964
    
2023050700
   0   39.7028 -999.9900   76.3820   76.3820   82.0352   -2.4274   56.3235    0.0846    0.1263
   0   39.1040 -999.9900   75.1521   75.1521   85.5161   -0.7589   55.7075    0.0605    0.1024
   0   40.8102 -999.9900   78.5133   78.5133   83.0201   -2.9789   57.9697    0.0839    0.1290
   0   39.8744 -999.9900   76.8246   76.8246   85.2696   -1.4234   56.9337    0.0641    0.1066
    
2023050800
   0   39.4163 -999.9900   76.5311   76.5311   84.6277    1.9742   56.3845    0.0855    0.0769
   0   39.9644 -999.9900   77.9485   77.9485   84.9974   -0.1426   57.6937    0.0755    0.0761
   0   39.9916 -999.9900   77.5729   77.5729   84.6905    1.6494   57.2418    0.0857    0.0773
   0   40.0170 -999.9900   78.0229   78.0229   85.2040    0.0858   57.4798    0.0757    0.0799
    
2023050900
   0   41.8941 -999.9900   81.0547   81.0547   80.8410   -5.4918   59.9849    0.1118    0.1115
   0   41.9147 -999.9900   81.1405   81.1405   84.5029   -4.1354   59.8284    0.0979    0.1055
   0   39.4617 -999.9900   76.4841   76.4841   82.0679   -6.0816   56.3056    0.0953    0.0887
   0   40.2346 -999.9900   77.9650   77.9650   84.8962   -4.7603   57.3277    0.0895    0.0905
    
2023051000
   0   40.5829 -999.9900   78.9895   78.9895   82.7094   -5.7712   56.2477    0.0889    0.0924
   0   41.2837 -999.9900   80.3993   80.3993   85.5779   -4.8919   57.8291    0.0866    0.1051
   0   40.9517 -999.9900   80.2009   80.2009   81.8776   -6.2310   56.2315    0.0998    0.0952
   0   41.3554 -999.9900   80.8318   80.8318   84.5289   -5.3442   57.4827    0.0953    0.1020
    
2023051100
   0   39.5371 -999.9900   79.5144   79.5144   79.4772   -4.0034   55.7665    0.0881    0.1052
   0   40.0597 -999.9900   81.1828   81.1828   84.3349   -4.1966   56.7997    0.0660    0.0948
   0   39.4436 -999.9900   80.2689   80.2689   80.4273   -4.0196   55.5970    0.0768    0.1134
   0   39.8561 -999.9900   81.2566   81.2566   83.9658   -4.1617   56.4431    0.0640    0.1003
    
2023051200
   0   42.4169 -999.9900   84.7382   84.7382   80.7950   -0.4424   60.3074    0.0833    0.1482
   0   41.2909 -999.9900   84.6968   84.6968   84.7006   -1.1601   58.5025    0.0553    0.1151
   0   42.5591 -999.9900   85.3444   85.3444   81.8380   -2.4697   60.4611    0.0880    0.1323
   0   41.5725 -999.9900   85.0369   85.0369   84.5525   -2.1847   58.8916    0.0632    0.1130
    
2023051300
   0   42.6087 -999.9900   86.2392   86.2392   84.5500   -4.2615   60.3169    0.0928    0.1180
   0   41.0806 -999.9900   83.4035   83.4035   86.1296   -3.1523   58.0496    0.0785    0.1152
   0   43.2306 -999.9900   87.3007   87.3007   83.2508   -4.7867   61.1042    0.1009    0.1254
   0   41.7177 -999.9900   84.5796   84.5796   85.1089   -3.6890   58.8926    0.0851    0.1176
    
2023051400
   0   47.3687 -999.9900   91.6123   91.6123   80.7664   -2.2590   66.8416    0.1336    0.1646
   0   46.7768 -999.9900   90.8178   90.8178   84.2595   -2.3155   66.8500    0.1198    0.1512
   0   46.5399 -999.9900   89.9658   89.9658   80.7042   -0.8191   66.4387    0.1141    0.1650
   0   46.1498 -999.9900   89.6157   89.6157   83.9278   -1.4398   66.2605    0.1038    0.1513
    
2023051500
   0   51.7409 -999.9900   98.8068   98.8068   76.8171    2.3332   71.5968    0.1117    0.2169
   0   49.3108 -999.9900   94.2930   94.2930   81.4195    2.4257   69.6997    0.0881    0.1898
   0   49.9227 -999.9900   95.8102   95.8102   76.8799    0.6388   69.7052    0.1101    0.1976
   0   48.6047 -999.9900   93.1832   93.1832   80.7421    1.3903   68.8365    0.0860    0.1831
    
2023051600
   0   49.2410 -999.9900   94.1852   94.1852   82.0423    2.3608   69.6706    0.1020    0.1557
   0   46.8896 -999.9900   89.9046   89.9046   84.4444    3.1321   66.6762    0.0848    0.1489
   0   49.3461 -999.9900   94.7481   94.7481   82.0343    1.7920   69.9304    0.1060    0.1691
   0   47.3208 -999.9900   90.9629   90.9629   84.1363    2.6357   67.4397    0.0851    0.1562
    
2023051700
   0   49.4946 -999.9900   93.5016   93.5016   75.2712   -0.3209   70.5581    0.1508    0.1844
   0   47.3149 -999.9900   91.4921   91.4921   80.9247    0.3125   68.0013    0.0981    0.1609
   0   49.3518 -999.9900   93.7430   93.7430   75.3844   -0.2110   70.4303    0.1421    0.1842
   0   47.6976 -999.9900   92.0512   92.0512   79.8595    0.2527   68.5048    0.1015    0.1659
    
2023051800
   0   44.2237 -999.9900   85.0493   85.0493   80.1686   -1.6263   63.2860    0.1078    0.1418
   0   42.7477 -999.9900   83.7503   83.7503   83.4484    1.4792   60.3208    0.0849    0.1423
   0   43.8404 -999.9900   85.0804   85.0804   80.4228   -1.0834   63.0594    0.1018    0.1534
   0   42.6475 -999.9900   83.8020   83.8020   83.1720    1.1842   60.4762    0.0853    0.1424
    
2023051900
   0   47.2132 -999.9900   93.5234   93.5234   82.8386   -0.6558   65.9343    0.1054    0.1556
   0   44.7507 -999.9900   89.5245   89.5245   85.4815   -1.0297   62.4158    0.0923    0.1357
   0   46.7326 -999.9900   93.0784   93.0784   82.4192   -0.7312   65.6097    0.1056    0.1458
   0   44.9549 -999.9900   90.0729   90.0729   84.6947   -1.0003   62.7062    0.0946    0.1350
    
2023052000
   0   49.4762 -999.9900   98.4833   98.4833   80.3260   -4.3994   69.8206    0.1449    0.1672
   0   46.6863 -999.9900   93.4751   93.4751   81.7864   -2.2062   65.9597    0.1127    0.1536
   0   48.1710 -999.9900   96.5643   96.5643   81.5868   -3.8382   68.1046    0.1410    0.1534
   0   46.3432 -999.9900   93.1622   93.1622   82.3903   -2.3084   65.5738    0.1147    0.1440
    
2023052100
   0   42.9567 -999.9900   85.0273   85.0273   81.3787   -1.5568   61.4236    0.0970    0.1358
   0   41.8646 -999.9900   82.6701   82.6701   81.6360    1.3196   60.1129    0.0912    0.1216
   0   41.3643 -999.9900   81.2289   81.2289   81.2133   -1.7889   59.1383    0.0913    0.1299
   0   41.0058 -999.9900   80.7191   80.7191   81.6049    0.6042   58.9208    0.0849    0.1202
    
2023052200
   0   36.5163 -999.9900   71.2674   71.2674   77.5528   -1.4953   52.7002    0.0571    0.1113
   0   36.3361 -999.9900   73.6302   73.6302   79.8336   -1.4950   52.5377    0.0614    0.0887
   0   35.9764 -999.9900   70.5866   70.5866   77.0930   -2.7132   52.2118    0.0674    0.1024
   0   35.9443 -999.9900   72.5879   72.5879   79.2759   -2.2254   52.1725    0.0610    0.0855
    
2023052300
   0   40.7495 -999.9900   81.9441   81.9441   77.8065   -1.2197   57.5990    0.1089    0.1309
   0   39.0461 -999.9900   79.4438   79.4438   80.6365   -2.7044   55.3413    0.0809    0.1070
   0   40.3574 -999.9900   81.4629   81.4629   79.0786   -3.0613   57.1959    0.0955    0.1213
   0   39.1777 -999.9900   79.7001   79.7001   80.7561   -3.5123   55.5283    0.0808    0.1056
    
2023052400
   0   45.1875 -999.9900   90.7830   90.7830   76.1879   -7.0930   63.4055    0.1265    0.1439
   0   44.0404 -999.9900   90.1620   90.1620   81.1987   -6.5795   62.4301    0.1026    0.1291
   0   43.8540 -999.9900   87.8331   87.8331   77.8355   -6.4398   61.9980    0.1208    0.1357
   0   43.3736 -999.9900   88.4212   88.4212   81.2411   -6.2904   61.6899    0.1016    0.1248
    
2023052500
   0   51.5614 -999.9900  100.1442  100.1442   75.5554   -9.3456   71.7672    0.1819    0.1916
   0   48.7343 -999.9900   97.0336   97.0336   79.7126   -7.9742   68.7774    0.1396    0.1747
   0   49.9911 -999.9900   97.1129   97.1129   75.4769   -9.9590   70.2481    0.1695    0.1908
   0   48.3065 -999.9900   95.6986   95.6986   78.9748   -8.6166   68.4697    0.1384    0.1739
    
2023052600
   0   51.8314 -999.9900   97.6150   97.6150   74.9882   -7.4389   72.3271    0.1798    0.1793
   0   51.1445 -999.9900   97.5651   97.5651   77.8005   -8.2150   71.7950    0.1673    0.1796
   0   50.2491 -999.9900   95.4361   95.4361   75.1071   -7.8429   70.8105    0.1733    0.1738
   0   50.3486 -999.9900   96.3280   96.3280   77.2335   -8.3021   71.0103    0.1672    0.1743
    
2023052700
   0   48.5835 -999.9900   93.0157   93.0157   77.1738   -7.4478   69.4368    0.1694    0.1823
   0   48.7015 -999.9900   94.6693   94.6693   82.1093   -5.3439   69.9984    0.1442    0.1715
   0   48.2235 -999.9900   93.0281   93.0281   76.6703   -7.1185   69.2324    0.1614    0.1790
   0   48.3365 -999.9900   94.0904   94.0904   81.1489   -5.5670   69.6502    0.1407    0.1697
    
2023052800
   0   46.2164 -999.9900   88.8186   88.8186   79.0513   -5.8332   66.1128    0.1495    0.1789
   0   46.1158 -999.9900   89.8276   89.8276   81.7179   -3.7371   65.3274    0.1288    0.1623
   0   45.9200 -999.9900   88.8890   88.8890   78.5261   -8.2759   66.0014    0.1531    0.1556
   0   45.7794 -999.9900   89.4463   89.4463   81.1294   -5.6215   65.1080    0.1320    0.1539
    
2023052900
   0   46.6751 -999.9900   88.5341   88.5341   74.4304   -5.3405   66.1794    0.1706    0.1654
   0   45.1075 -999.9900   87.0870   87.0870   78.9878   -2.2428   64.3930    0.1398    0.1443
   0   45.4630 -999.9900   87.8936   87.8936   75.9345   -5.4283   65.0758    0.1533    0.1484
   0   44.6400 -999.9900   86.9569   86.9569   78.9679   -2.9149   64.0425    0.1364    0.1391
    
2023053000
   0   41.2455 -999.9900   78.1372   78.1372   77.9493    1.9499   59.3546    0.1013    0.1544
   0   41.3539 -999.9900   79.2678   79.2678   79.0883    1.1318   59.7097    0.1014    0.1444
   0   42.1212 -999.9900   80.0513   80.0513   76.4582    1.0330   60.8553    0.1233    0.1592
   0   41.7910 -999.9900   79.9656   79.9656   78.2165    0.7451   60.3979    0.1109    0.1460
    
2023053100
   0   43.3831 -999.9900   85.4594   85.4594   77.2271    2.0112   61.7906    0.1012    0.1723
   0   43.4240 -999.9900   87.5587   87.5587   79.1475    2.8943   62.3338    0.0993    0.1649
   0   43.2075 -999.9900   85.4948   85.4948   75.0997    1.4937   61.7818    0.1162    0.1778
   0   43.0634 -999.9900   86.6783   86.6783   78.1229    2.4039   61.9910    0.1012    0.1659
    
2023060100
   0   41.7149 -999.9900   83.2339   83.2339   76.4390    5.8657   59.7559    0.0966    0.1610
   0   41.7865 -999.9900   84.8425   84.8425   78.2961    5.0976   59.6860    0.0735    0.1483
   0   41.5919 -999.9900   83.3067   83.3067   75.7583    5.6208   59.7796    0.0898    0.1620
   0   41.7549 -999.9900   84.5686   84.5686   77.5797    5.1290   59.7594    0.0742    0.1531
    
2023060200
   0   42.6004 -999.9900   86.5949   86.5949   77.0392    4.5702   59.1376    0.0949    0.1594
   0   40.3163 -999.9900   81.8528   81.8528   79.8903    3.5616   56.8452    0.0672    0.1347
   0   42.1088 -999.9900   85.9976   85.9976   76.9737    4.2190   58.7791    0.0929    0.1427
   0   40.4713 -999.9900   82.4704   82.4704   79.2563    3.5527   57.1268    0.0681    0.1320
    
2023060300
   0   42.8609 -999.9900   84.6134   84.6134   74.7409    5.6067   58.6681    0.1010    0.1650
   0   41.4662 -999.9900   83.3556   83.3556   79.1235    6.5570   57.8537    0.0773    0.1312
   0   41.7167 -999.9900   82.9770   82.9770   74.3586    5.5391   57.8012    0.0948    0.1632
   0   40.9853 -999.9900   82.3701   82.3701   78.3003    6.3266   57.2713    0.0773    0.1364
    
2023060400
   0   40.9157 -999.9900   80.9197   80.9197   74.0959    6.5702   56.4739    0.0927    0.1584
   0   40.8066 -999.9900   80.3868   80.3868   77.9379    7.6915   56.4930    0.0761    0.1395
   0   41.0601 -999.9900   81.1821   81.1821   73.5765    7.0654   56.9183    0.0887    0.1608
   0   40.8668 -999.9900   80.5617   80.5617   76.9720    7.7637   56.7383    0.0777    0.1403
    
2023060500
   0   39.6490 -999.9900   78.4946   78.4946   73.7024    5.5740   54.8778    0.0891    0.1436
   0   38.1572 -999.9900   76.5358   76.5358   77.3527    7.0626   53.0549    0.0688    0.1172
   0   39.0122 -999.9900   78.0381   78.0381   73.5424    4.4138   54.0650    0.0888    0.1390
   0   38.0441 -999.9900   76.4311   76.4311   76.7559    6.0693   52.8496    0.0689    0.1163
    
2023060600
   0   35.0325 -999.9900   68.2670   68.2670   78.6177    7.1699   48.5354    0.0546    0.1029
   0   35.4655 -999.9900   69.7675   69.7675   78.7819    8.2632   49.4354    0.0454    0.0954
   0   35.1425 -999.9900   68.4111   68.4111   76.8379    6.8589   48.9309    0.0607    0.1120
   0   35.3720 -999.9900   69.2952   69.2952   77.9387    7.8583   49.2991    0.0489    0.0983
    
2023060700
   0   36.3426 -999.9900   69.0119   69.0119   74.6741    5.4284   49.7645    0.0862    0.1068
   0   36.7139 -999.9900   70.1932   70.1932   76.7476    7.2200   50.8902    0.0775    0.0997
   0   35.7704 -999.9900   68.3346   68.3346   73.8355    4.8377   49.3158    0.0888    0.0952
   0   36.2448 -999.9900   69.3111   69.3111   76.0747    6.5078   50.3493    0.0763    0.0920
    
2023060800
   0   39.0102 -999.9900   74.4497   74.4497   75.3613    6.2396   55.5352    0.1252    0.1092
   0   37.6253 -999.9900   72.4158   72.4158   75.6285    8.0316   53.4080    0.0814    0.1105
   0   39.2582 -999.9900   74.6978   74.6978   74.3992    6.2028   56.1429    0.1287    0.1139
   0   37.8456 -999.9900   72.5444   72.5444   75.4371    7.6509   53.9463    0.0867    0.1039
    
2023060900
   0   33.6896 -999.9900   65.7947   65.7947   72.7187   11.1548   47.7783    0.0572    0.1141
   0   35.0589 -999.9900   69.4115   69.4115   75.4111   12.9126   50.1631    0.0419    0.1216
   0   33.6058 -999.9900   65.8280   65.8280   73.7218   11.2299   47.9478    0.0542    0.1093
   0   34.7318 -999.9900   68.6947   68.6947   75.4741   12.6054   49.6519    0.0458    0.1200
    
2023061000
   0   34.5037 -999.9900   67.2851   67.2851   74.7114   12.4167   48.1864    0.0530    0.1236
   0   33.8217 -999.9900   66.4677   66.4677   75.8322   14.1840   47.1171    0.0466    0.1166
   0   34.3956 -999.9900   66.9741   66.9741   73.5645   12.4546   48.2642    0.0554    0.1307
   0   33.6798 -999.9900   65.8389   65.8389   75.4797   13.8540   47.0158    0.0481    0.1165
    
2023061100
   0   38.6249 -999.9900   78.4965   78.4965   74.0782   10.8509   53.5336    0.0933    0.1546
   0   37.3146 -999.9900   75.6980   75.6980   74.1313   14.5089   52.0754    0.0727    0.1445
   0   38.2268 -999.9900   77.7521   77.7521   73.8543   11.2272   53.7977    0.0890    0.1378
   0   37.1571 -999.9900   75.4398   75.4398   74.3694   14.0030   52.0346    0.0737    0.1358
    
2023061200
   0   39.5056 -999.9900   80.3961   80.3961   71.4699   11.9512   54.9467    0.0938    0.1578
   0   37.9740 -999.9900   76.8976   76.8976   74.2527   15.8957   53.9116    0.0725    0.1409
   0   38.0422 -999.9900   77.1777   77.1777   72.0213   11.4956   53.1396    0.0776    0.1544
   0   37.3982 -999.9900   75.4953   75.4953   74.1444   14.8339   52.8970    0.0686    0.1447
    
2023061300
   0   39.7477 -999.9900   79.7389   79.7389   66.1708   11.2135   55.5237    0.0958    0.1912
   0   36.7210 -999.9900   75.4264   75.4264   70.5359   14.9107   52.1736    0.0529    0.1528
   0   40.8303 -999.9900   82.5095   82.5095   66.7036   11.3589   57.0979    0.0931    0.1969
   0   37.8140 -999.9900   77.7536   77.7536   70.3108   14.2588   53.6419    0.0580    0.1638
    
2023061400
   0   40.2533 -999.9900   81.7410   81.7410   69.3872   11.1982   56.0757    0.0923    0.1982
   0   37.3651 -999.9900   76.7987   76.7987   72.8183   15.4743   52.0064    0.0599    0.1658
   0   39.3058 -999.9900   80.3559   80.3559   69.6748   10.4903   54.6245    0.0808    0.1906
   0   37.3019 -999.9900   76.6637   76.6637   72.5961   14.1938   51.8846    0.0575    0.1654
    
2023061500
   0   40.3665 -999.9900   81.8046   81.8046   69.6977   11.1653   56.5976    0.0912    0.1734
   0   37.7338 -999.9900   77.4640   77.4640   73.4929   14.8205   53.0710    0.0648    0.1419
   0   39.2393 -999.9900   79.5548   79.5548   69.7587   10.9070   54.8346    0.0859    0.1654
   0   37.4678 -999.9900   76.7822   76.7822   72.9482   13.9352   52.6078    0.0679    0.1404
    
2023061600
   0   39.6297 -999.9900   80.0788   80.0788   68.0794    9.0157   55.0676    0.1136    0.1829
   0   38.2770 -999.9900   78.2395   78.2395   71.6193   14.1017   53.9369    0.0728    0.1678
   0   38.6664 -999.9900   78.7077   78.7077   67.8785    8.9020   54.1779    0.1100    0.1622
   0   37.8424 -999.9900   77.5777   77.5777   71.0178   13.0154   53.4683    0.0775    0.1573
    
2023061700
   0   37.6123 -999.9900   75.6439   75.6439   67.6886    4.4802   52.9265    0.0977    0.1604
   0   37.0334 -999.9900   76.0235   76.0235   72.0573    9.7690   51.9473    0.0674    0.1450
   0   36.6095 -999.9900   74.4948   74.4948   67.7492    5.4714   52.1236    0.0997    0.1512
   0   36.5122 -999.9900   75.1365   75.1365   71.3575    9.3070   51.5341    0.0740    0.1404
    
2023061800
   0   36.4577 -999.9900   74.8888   74.8888   67.3182    6.5504   50.9339    0.0948    0.1444
   0   37.3766 -999.9900   77.0847   77.0847   71.0019    9.5239   52.8187    0.0831    0.1420
   0   36.4739 -999.9900   75.1158   75.1158   67.0077    5.5080   51.1913    0.0920    0.1384
   0   36.9830 -999.9900   76.3072   76.3072   70.6192    8.3035   52.2645    0.0808    0.1354
    
2023061900
   0   38.6274 -999.9900   77.8463   77.8463   66.3857    1.5084   53.4286    0.1154    0.1355
   0   38.4983 -999.9900   78.3863   78.3863   70.4998    5.4158   53.9121    0.0998    0.1297
   0   37.1710 -999.9900   74.9876   74.9876   67.7007    0.2613   52.5917    0.1037    0.1221
   0   37.5872 -999.9900   76.3530   76.3530   70.6819    3.8854   53.0675    0.0937    0.1258
    
2023062000
   0   38.6512 -999.9900   78.4028   78.4028   68.0814   -0.1862   54.2855    0.1484    0.1221
   0   38.9673 -999.9900   79.5110   79.5110   71.1959    4.1454   55.1979    0.1053    0.1284
   0   39.2018 -999.9900   79.8208   79.8208   68.0875   -0.7019   55.1814    0.1334    0.1228
   0   39.2551 -999.9900   80.2010   80.2010   70.4985    2.9691   55.5817    0.1060    0.1292
    
2023062100
   0   38.1716 -999.9900   78.3766   78.3766   64.4141   -0.8778   53.6505    0.1410    0.1121
   0   38.2144 -999.9900   79.2527   79.2527   67.3567    3.0308   54.0257    0.1123    0.1051
   0   37.4286 -999.9900   76.2894   76.2894   64.8012   -1.4413   52.9932    0.1422    0.1079
   0   37.6242 -999.9900   77.5678   77.5678   67.3147    1.9103   53.4120    0.1229    0.1011
    
2023062200
   0   39.8400 -999.9900   78.6751   78.6751   63.9479    1.2481   56.6124    0.1552    0.1653
   0   39.5659 -999.9900   79.5617   79.5617   67.6149    2.6657   56.5447    0.1240    0.1399
   0   39.1774 -999.9900   76.7173   76.7173   64.1586    0.8086   55.6543    0.1540    0.1557
   0   39.1381 -999.9900   78.1297   78.1297   67.1187    2.1190   55.8838    0.1287    0.1346
    
2023062300
   0   36.3468 -999.9900   70.9475   70.9475   61.6658    1.6680   51.4325    0.1288    0.1475
   0   37.2163 -999.9900   74.3506   74.3506   66.4403    5.1614   52.6809    0.1050    0.1483
   0   36.8033 -999.9900   72.3976   72.3976   63.2611    3.3726   52.2278    0.1222    0.1431
   0   37.3016 -999.9900   74.4933   74.4933   66.4240    5.4858   52.9384    0.1047    0.1439
    
2023062400
   0   36.3964 -999.9900   71.6892   71.6892   64.4692    3.1180   51.1970    0.1195    0.1419
   0   37.9093 -999.9900   76.2072   76.2072   66.9378    5.7539   53.5574    0.1110    0.1392
   0   36.0636 -999.9900   71.3469   71.3469   64.2306    3.7013   51.2635    0.1111    0.1369
   0   37.3848 -999.9900   75.0833   75.0833   66.3578    5.5773   53.0463    0.1022    0.1378
    
2023062500
   0   35.1338 -999.9900   70.1797   70.1797   61.9907   -0.4533   49.6683    0.1502    0.1178
   0   37.0208 -999.9900   74.3698   74.3698   64.6810    2.1176   52.6968    0.1341    0.1310
   0   34.4857 -999.9900   68.8237   68.8237   62.1880   -0.8331   48.9888    0.1374    0.1191
   0   36.0896 -999.9900   72.4519   72.4519   64.6295    1.3758   51.4836    0.1242    0.1276
    
2023062600
   0   35.3145 -999.9900   70.3119   70.3119   62.8616    0.0324   50.1187    0.1454    0.1311
   0   36.4405 -999.9900   71.9368   71.9368   65.1311    3.8960   51.6320    0.1357    0.1345
   0   35.4995 -999.9900   70.6939   70.6939   62.8367    1.1227   50.1419    0.1410    0.1264
   0   36.2382 -999.9900   71.7080   71.7080   64.8090    3.7775   51.2991    0.1353    0.1330
    
2023062700
   0   34.7953 -999.9900   68.0304   68.0304   65.4051    3.9589   50.2113    0.1223    0.1384
   0   36.4368 -999.9900   72.1442   72.1442   67.2466    8.2918   52.9234    0.1077    0.1291
   0   35.3165 -999.9900   68.9390   68.9390   64.4372    5.1732   51.1054    0.1219    0.1439
   0   36.3705 -999.9900   71.7715   71.7715   66.4161    8.1543   52.7757    0.1083    0.1342
    
2023062800
   0   34.0327 -999.9900   67.0234   67.0234   63.4297    5.8667   48.3365    0.0931    0.1439
   0   36.1800 -999.9900   71.8162   71.8162   64.4056    7.9154   51.4641    0.0999    0.1461
   0   34.0912 -999.9900   67.0342   67.0342   64.1899    6.6248   48.7345    0.0883    0.1410
   0   35.7016 -999.9900   70.6769   70.6769   64.9131    7.9362   50.9182    0.0949    0.1423
    
2023062900
   0   30.8801 -999.9900   61.5010   61.5010   63.4822    5.7087   43.3994    0.0953    0.1146
   0   31.8879 -999.9900   63.8205   63.8205   63.2123    7.0919   44.8523    0.1020    0.1132
   0   30.2430 -999.9900   60.5835   60.5835   63.7968    5.7781   42.6260    0.0810    0.1075
   0   31.1352 -999.9900   62.5162   62.5162   63.7557    6.8236   43.8460    0.0929    0.1049
    
2023063000
   0   30.0693 -999.9900   59.8203   59.8203   62.8003   -0.5432   41.7610    0.1087    0.0786
   0   30.0233 -999.9900   59.8203   59.8203   62.8004   -0.5432   41.7610    0.1087    0.0786
   0   29.8001 -999.9900   59.2849   59.2849   64.4268   -0.9700   41.9280    0.1042    0.0679
   0   30.1003 -999.9900   59.6962   59.6962   64.8701    1.5891   42.3467    0.1034    0.0684
    
