v6.1 gefs
v6.1 naefs
v7.0 gefs
v7.0 naefs
    
2023040100
   0    1.7803 -999.9900    3.3124    3.3124    3.7977   -0.1142    2.4047    0.1012    0.0544
   0    1.9474 -999.9900    3.6442    3.6442    3.4980   -0.2015    2.6791    0.1382    0.0778
   0    1.7797 -999.9900    3.3103    3.3103    3.7332   -0.1017    2.3976    0.0978    0.0600
   0    1.9052 -999.9900    3.5647    3.5647    3.5355   -0.1766    2.6155    0.1225    0.0737
    
2023040200
   0    1.7764 -999.9900    3.2125    3.2125    3.6871   -0.8753    2.4473    0.1282    0.0563
   0    1.8566 -999.9900    3.3310    3.3310    3.4390   -1.0860    2.5445    0.1825    0.0518
   0    1.7406 -999.9900    3.1627    3.1627    3.5852   -0.7641    2.3688    0.1209    0.0625
   0    1.8105 -999.9900    3.2705    3.2705    3.4357   -0.9771    2.4728    0.1592    0.0550
    
2023040300
   0    1.7730 -999.9900    3.3133    3.3133    3.6391   -0.6466    2.4600    0.1140    0.0721
   0    1.8157 -999.9900    3.3902    3.3902    3.5682   -0.8891    2.5092    0.1354    0.0540
   0    1.7897 -999.9900    3.3545    3.3545    3.6217   -0.7687    2.5026    0.1150    0.0647
   0    1.8231 -999.9900    3.4117    3.4117    3.5602   -0.9139    2.5354    0.1315    0.0556
    
2023040400
   0    2.0566 -999.9900    3.9418    3.9418    3.6103    0.7832    2.8516    0.0893    0.1317
   0    2.0231 -999.9900    3.8187    3.8187    3.6121    0.5034    2.7270    0.1053    0.1095
   0    1.9987 -999.9900    3.8419    3.8419    3.5702    0.6361    2.7383    0.0884    0.1313
   0    1.9958 -999.9900    3.7859    3.7859    3.5843    0.4711    2.6882    0.1010    0.1153
    
2023040500
   0    1.9290 -999.9900    3.6295    3.6295    3.6872    0.7805    2.6998    0.0809    0.1223
   0    1.8817 -999.9900    3.5359    3.5359    3.6462    0.5810    2.6357    0.0953    0.1089
   0    1.9620 -999.9900    3.6794    3.6794    3.6215    0.8485    2.7428    0.0807    0.1337
   0    1.9004 -999.9900    3.5753    3.5753    3.6258    0.6617    2.6693    0.0881    0.1172
    
2023040600
   0    2.4040 -999.9900    4.3251    4.3251    3.3892    1.0124    3.3260    0.1312    0.1834
   0    2.3527 -999.9900    4.3376    4.3376    3.4434    0.8690    3.3023    0.1288    0.1595
   0    2.3685 -999.9900    4.2708    4.2708    3.4954    0.9786    3.2921    0.1302    0.1670
   0    2.3370 -999.9900    4.2981    4.2981    3.5006    0.8774    3.2839    0.1268    0.1521
    
2023040700
   0    2.0270 -999.9900    3.6283    3.6283    3.6840    0.2837    2.7983    0.1129    0.1350
   0    1.9556 -999.9900    3.5452    3.5452    3.7966    0.4123    2.7370    0.0940    0.1151
   0    2.0338 -999.9900    3.6718    3.6718    3.6726    0.4369    2.8158    0.1013    0.1370
   0    1.9722 -999.9900    3.5851    3.5851    3.7708    0.4785    2.7651    0.0901    0.1184
    
2023040800
   0    1.6527 -999.9900    3.0184    3.0184    3.6632    0.0477    2.3260    0.0766    0.0682
   0    1.7698 -999.9900    3.2258    3.2258    3.6482    0.0252    2.5045    0.1061    0.0721
   0    1.6289 -999.9900    2.9659    2.9659    3.6335    0.1805    2.2863    0.0667    0.0697
   0    1.7230 -999.9900    3.1402    3.1402    3.6474    0.1094    2.4380    0.0896    0.0686
    
2023040900
   0    1.8000 -999.9900    3.2842    3.2842    3.6926    0.4299    2.4352    0.0651    0.1318
   0    1.7825 -999.9900    3.2658    3.2658    3.7018    0.1507    2.4883    0.0685    0.1214
   0    1.7146 -999.9900    3.2015    3.2015    3.5604    0.3251    2.3642    0.0660    0.0961
   0    1.7310 -999.9900    3.2147    3.2147    3.6271    0.1437    2.4329    0.0669    0.0975
    
2023041000
   0    2.0588 -999.9900    3.7828    3.7828    3.7168    0.0309    2.8497    0.1183    0.1105
   0    1.9842 -999.9900    3.6884    3.6884    3.5780   -0.2715    2.7821    0.1327    0.0916
   0    1.9941 -999.9900    3.7055    3.7055    3.5993    0.0019    2.7895    0.1146    0.1075
   0    1.9585 -999.9900    3.6584    3.6584    3.5376   -0.2284    2.7565    0.1259    0.0931
    
2023041100
   0    1.8552 -999.9900    3.5227    3.5227    3.5307    0.2533    2.6441    0.0912    0.1029
   0    1.7437 -999.9900    3.2851    3.2851    3.4470    0.1291    2.4627    0.0967    0.0891
   0    1.8392 -999.9900    3.4965    3.4965    3.6036    0.2321    2.6337    0.0845    0.0959
   0    1.7513 -999.9900    3.3093    3.3093    3.5161    0.1412    2.4866    0.0890    0.0856
    
2023041200
   0    2.1996 -999.9900    4.1608    4.1608    3.6645   -0.2315    3.1099    0.1376    0.1113
   0    2.1873 -999.9900    4.0609    4.0609    3.4738   -0.3810    3.0617    0.1670    0.1086
   0    2.1540 -999.9900    4.0583    4.0583    3.5792   -0.2457    3.0339    0.1454    0.1077
   0    2.1577 -999.9900    4.0159    4.0159    3.4643   -0.3596    3.0220    0.1610    0.1067
    
2023041300
   0    1.8379 -999.9900    3.4850    3.4850    3.5424   -0.0004    2.5412    0.0949    0.1021
   0    1.8941 -999.9900    3.5860    3.5860    3.4879   -0.1935    2.6522    0.1175    0.0940
   0    1.8576 -999.9900    3.5348    3.5348    3.4793    0.0695    2.5860    0.0923    0.1103
   0    1.8845 -999.9900    3.5822    3.5822    3.4754   -0.1129    2.6467    0.1071    0.0969
    
2023041400
   0    1.5715 -999.9900    2.9307    2.9307    3.2428   -0.0221    2.1770    0.0869    0.0888
   0    1.6695 -999.9900    3.0914    3.0914    3.4092   -0.1160    2.3166    0.0968    0.0914
   0    1.6304 -999.9900    3.0280    3.0280    3.2956    0.0298    2.2552    0.0877    0.0983
   0    1.6869 -999.9900    3.1255    3.1255    3.3974   -0.0661    2.3428    0.0945    0.0989
    
2023041500
   0    1.5594 -999.9900    2.9229    2.9229    3.1494    0.2689    2.1817    0.0673    0.1177
   0    1.5555 -999.9900    2.8933    2.8933    3.3057    0.1786    2.1643    0.0734    0.0821
   0    1.5110 -999.9900    2.8265    2.8265    3.2358    0.2895    2.1181    0.0594    0.0921
   0    1.5264 -999.9900    2.8422    2.8422    3.3231    0.2090    2.1293    0.0647    0.0771
    
2023041600
   0    1.6039 -999.9900    2.9421    2.9421    3.4497    0.3894    2.2465    0.0666    0.0791
   0    1.5648 -999.9900    2.8356    2.8356    3.4091    0.2134    2.1909    0.0799    0.0605
   0    1.6576 -999.9900    3.0446    3.0446    3.3920    0.4271    2.3307    0.0769    0.0840
   0    1.5976 -999.9900    2.9057    2.9057    3.3964    0.2713    2.2424    0.0817    0.0637
    
2023041700
   0    1.9553 -999.9900    3.4627    3.4627    3.2066   -0.2405    2.7035    0.1910    0.1113
   0    1.9070 -999.9900    3.3834    3.3834    3.2618   -0.4579    2.6596    0.1809    0.0871
   0    2.0316 -999.9900    3.5988    3.5988    3.2109   -0.1835    2.8325    0.1932    0.1204
   0    1.9504 -999.9900    3.4663    3.4663    3.2715   -0.3801    2.7369    0.1825    0.0920
    
2023041800
   0    2.4423 -999.9900    4.3993    4.3993    3.3306   -0.5507    3.3218    0.2152    0.1443
   0    2.3505 -999.9900    4.2529    4.2529    3.3305   -0.7105    3.2547    0.2151    0.1252
   0    2.2638 -999.9900    4.1227    4.1227    3.3658   -0.3584    3.1045    0.1892    0.1289
   0    2.2543 -999.9900    4.1072    4.1072    3.3601   -0.5631    3.1293    0.1961    0.1186
    
2023041900
   0    1.9538 -999.9900    3.6526    3.6526    3.4114   -0.2049    2.7775    0.1238    0.1234
   0    2.0355 -999.9900    3.7705    3.7705    3.4082   -0.2675    2.8549    0.1475    0.1209
   0    1.9179 -999.9900    3.5808    3.5808    3.4022   -0.2448    2.7225    0.1159    0.1229
   0    1.9874 -999.9900    3.6939    3.6939    3.4162   -0.2789    2.7997    0.1321    0.1211
    
2023042000
   1 -999.9900 -999.9900 -999.9900 -999.9900 -999.9900 -999.9900 -999.9900 -999.9900 -999.9900
   0    2.1907 -999.9900    4.0036    4.0036    3.5306   -0.0986    3.1279    0.1213    0.1713
   1 -999.9900 -999.9900 -999.9900 -999.9900 -999.9900 -999.9900 -999.9900 -999.9900 -999.9900
   0    2.4948 -999.9900    4.2941    4.2941    3.2244   -0.2679    3.3670    0.2161    0.2007
    
2023042100
   0    2.0627 -999.9900    3.8223    3.8223    3.6014    0.2725    2.8792    0.1153    0.1338
   0    2.1357 -999.9900    3.9506    3.9506    3.6225    0.1629    3.0195    0.1151    0.1380
   0    2.0863 -999.9900    3.8721    3.8721    3.5534    0.2716    2.9253    0.1119    0.1381
   0    2.1386 -999.9900    3.9583    3.9583    3.5857    0.1843    3.0183    0.1139    0.1402
    
2023042200
   0    1.6822 -999.9900    3.0241    3.0241    3.4802    0.6812    2.3423    0.0800    0.1205
   0    1.6625 -999.9900    3.0267    3.0267    3.3125    0.4350    2.3474    0.0916    0.1079
   0    1.6876 -999.9900    3.0413    3.0413    3.5426    0.5801    2.3747    0.0842    0.0991
   0    1.6680 -999.9900    3.0345    3.0345    3.3878    0.4235    2.3603    0.0901    0.0976
    
2023042300
   0    1.7185 -999.9900    3.2190    3.2190    3.3162    0.3456    2.3990    0.0954    0.1172
   0    1.7013 -999.9900    3.1687    3.1687    3.3025    0.2129    2.4022    0.0937    0.1048
   0    1.7254 -999.9900    3.2436    3.2436    3.4582    0.4761    2.4186    0.0822    0.1201
   0    1.7103 -999.9900    3.1969    3.1969    3.3874    0.3177    2.4153    0.0848    0.1098
    
2023042400
   0    1.7263 -999.9900    3.2317    3.2317    3.4706    0.5864    2.4237    0.0738    0.1025
   0    1.6355 -999.9900    3.0385    3.0385    3.3505    0.3253    2.2788    0.0817    0.0882
   0    1.7548 -999.9900    3.3014    3.3014    3.4839    0.6389    2.4571    0.0680    0.1116
   0    1.6612 -999.9900    3.1031    3.1031    3.4014    0.4090    2.3165    0.0722    0.0930
    
2023042500
   0    1.6427 -999.9900    3.0275    3.0275    3.4838    0.8824    2.2679    0.0412    0.1231
   0    1.5946 -999.9900    2.9641    2.9641    3.4362    0.6196    2.1898    0.0504    0.0958
   0    1.6267 -999.9900    3.0155    3.0155    3.5115    0.8956    2.2491    0.0365    0.1185
   0    1.5896 -999.9900    2.9608    2.9608    3.4703    0.6801    2.1874    0.0441    0.0956
    
2023042600
   0    1.7775 -999.9900    3.2514    3.2514    3.3446    1.1307    2.4869    0.0457    0.1721
   0    1.7272 -999.9900    3.1768    3.1768    3.3045    0.9003    2.4340    0.0653    0.1381
   0    1.7437 -999.9900    3.2188    3.2188    3.2495    1.1212    2.4494    0.0428    0.1701
   0    1.7084 -999.9900    3.1585    3.1585    3.2696    0.9407    2.4124    0.0553    0.1412
    
2023042700
   0    1.9417 -999.9900    3.5832    3.5832    3.4637    0.7285    2.6760    0.0931    0.1618
   0    1.7887 -999.9900    3.2985    3.2985    3.3605    0.4445    2.4703    0.0919    0.1307
   0    1.8153 -999.9900    3.3691    3.3691    3.5449    0.7160    2.5048    0.0719    0.1364
   0    1.7447 -999.9900    3.2267    3.2267    3.4263    0.4938    2.4087    0.0779    0.1204
    
2023042800
   0    1.7189 -999.9900    3.1709    3.1709    3.4627    0.8276    2.3809    0.0610    0.1432
   0    1.6773 -999.9900    3.0850    3.0850    3.3644    0.5586    2.3504    0.0715    0.1238
   0    1.7454 -999.9900    3.2687    3.2687    3.4475    0.8612    2.4270    0.0582    0.1432
   0    1.6971 -999.9900    3.1529    3.1529    3.3849    0.6326    2.3801    0.0666    0.1261
    
2023042900
   0    1.7806 -999.9900    3.6108    3.6108    3.3548    0.6738    2.3917    0.0410    0.1328
   0    1.7351 -999.9900    3.5379    3.5379    3.3329    0.5831    2.3360    0.0410    0.1203
   0    1.8343 -999.9900    3.7079    3.7079    3.4657    0.7741    2.4712    0.0406    0.1291
   0    1.7694 -999.9900    3.6016    3.6016    3.4152    0.6614    2.3887    0.0379    0.1180
    
2023043000
   0    1.9834 -999.9900    3.8262    3.8262    3.5148    0.1576    2.6451    0.1192    0.0964
   0    1.9276 -999.9900    3.7377    3.7377    3.3785    0.0643    2.5587    0.1169    0.1016
   0    1.9731 -999.9900    3.8298    3.8298    3.4195    0.1428    2.5979    0.1175    0.1007
   0    1.9293 -999.9900    3.7552    3.7552    3.3519    0.0741    2.5479    0.1159    0.0998
    
2023050100
   0    2.3316 -999.9900    4.3057    4.3057    3.2584   -0.0994    3.1652    0.2059    0.1414
   0    2.3440 -999.9900    4.3459    4.3459    3.1047   -0.3430    3.1757    0.2159    0.1363
   0    2.2947 -999.9900    4.2648    4.2648    3.2370   -0.1580    3.1249    0.2006    0.1334
   0    2.3149 -999.9900    4.3082    4.3082    3.1311   -0.3294    3.1427    0.2089    0.1319
    
2023050200
   0    2.2074 -999.9900    3.9844    3.9844    3.2836   -0.3932    3.0746    0.1934    0.1297
   0    2.2237 -999.9900    3.9996    3.9996    3.1492   -0.6041    3.0836    0.1910    0.1383
   0    2.1673 -999.9900    3.9127    3.9127    3.3065   -0.2429    3.0217    0.1759    0.1321
   0    2.1913 -999.9900    3.9451    3.9451    3.2022   -0.4717    3.0426    0.1779    0.1362
    
2023050300
   0    1.8630 -999.9900    3.4102    3.4102    3.3066   -0.0065    2.5925    0.1097    0.1403
   0    1.8406 -999.9900    3.3671    3.3671    3.2180   -0.2858    2.5708    0.1222    0.1283
   0    1.9136 -999.9900    3.4974    3.4974    3.2686   -0.0730    2.6895    0.1177    0.1404
   0    1.8714 -999.9900    3.4250    3.4250    3.2176   -0.2698    2.6295    0.1236    0.1292
    
2023050400
   0    1.9498 -999.9900    3.6932    3.6932    3.0317    0.1482    2.6885    0.1282    0.1443
   0    1.9327 -999.9900    3.7298    3.7298    3.0845   -0.1325    2.6628    0.1352    0.1139
   0    2.0173 -999.9900    3.8427    3.8427    3.1755    0.0889    2.7874    0.1256    0.1432
   0    1.9646 -999.9900    3.7979    3.7979    3.1761   -0.1119    2.7088    0.1302    0.1145
    
2023050500
   0    1.6295 -999.9900    3.0261    3.0261    3.2067    0.6744    2.2846    0.0576    0.1408
   1 -999.9900 -999.9900 -999.9900 -999.9900 -999.9900 -999.9900 -999.9900 -999.9900 -999.9900
   0    1.6059 -999.9900    3.0156    3.0156    3.3398    0.6883    2.2331    0.0472    0.1138
   1 -999.9900 -999.9900 -999.9900 -999.9900 -999.9900 -999.9900 -999.9900 -999.9900 -999.9900
    
2023050600
   0    1.8015 -999.9900    3.3195    3.3195    3.0450    1.1007    2.4749    0.0414    0.2138
   0    1.7789 -999.9900    3.2706    3.2706    3.1748    0.7242    2.5027    0.0641    0.1698
   0    1.8430 -999.9900    3.4170    3.4170    3.1507    1.0404    2.5449    0.0402    0.2110
   0    1.8095 -999.9900    3.3484    3.3484    3.2008    0.7633    2.5465    0.0575    0.1775
    
2023050700
   0    1.7545 -999.9900    3.2514    3.2514    3.3097    0.9605    2.4947    0.0452    0.1728
   0    1.7931 -999.9900    3.2988    3.2988    3.1797    0.4720    2.5849    0.0788    0.1534
   0    1.7302 -999.9900    3.2140    3.2140    3.3278    0.8746    2.4693    0.0391    0.1659
   0    1.7669 -999.9900    3.2638    3.2638    3.2213    0.5182    2.5502    0.0656    0.1550
    
2023050800
   0    1.3589 -999.9900    2.4704    2.4704    3.1630    0.2909    1.8923    0.0435    0.0744
   0    1.4689 -999.9900    2.6742    2.6742    3.1942    0.0718    2.0588    0.0722    0.0809
   0    1.3966 -999.9900    2.5379    2.5379    3.1765    0.4095    1.9266    0.0437    0.0914
   0    1.4641 -999.9900    2.6601    2.6601    3.2067    0.1868    2.0387    0.0617    0.0901
    
2023050900
   0    1.4112 -999.9900    2.6159    2.6159    3.1850    0.0710    1.9439    0.0609    0.0783
   0    1.4339 -999.9900    2.6884    2.6884    3.1302   -0.3938    1.9901    0.0945    0.0450
   0    1.4098 -999.9900    2.6192    2.6192    3.1929    0.0982    1.9406    0.0583    0.0734
   0    1.4204 -999.9900    2.6578    2.6578    3.1619   -0.2845    1.9677    0.0810    0.0487
    
2023051000
   0    1.5050 -999.9900    2.8952    2.8952    3.1901   -0.0180    2.0799    0.0805    0.0774
   0    1.5109 -999.9900    2.8911    2.8911    3.1680   -0.1245    2.0979    0.0824    0.0770
   0    1.5113 -999.9900    2.9052    2.9052    3.2571    0.0625    2.0735    0.0732    0.0793
   0    1.5079 -999.9900    2.8901    2.8901    3.2199   -0.0549    2.0832    0.0740    0.0762
    
2023051100
   0    1.6113 -999.9900    3.0182    3.0182    3.2139    0.0530    2.2752    0.0765    0.1226
   0    1.6646 -999.9900    3.0960    3.0960    3.1352    0.0351    2.3365    0.0853    0.1223
   0    1.6127 -999.9900    3.0364    3.0364    3.1752    0.1300    2.2752    0.0717    0.1238
   0    1.6532 -999.9900    3.0890    3.0890    3.1305    0.0849    2.3217    0.0805    0.1213
    
2023051200
   1 -999.9900 -999.9900 -999.9900 -999.9900 -999.9900 -999.9900 -999.9900 -999.9900 -999.9900
   1 -999.9900 -999.9900 -999.9900 -999.9900 -999.9900 -999.9900 -999.9900 -999.9900 -999.9900
   1 -999.9900 -999.9900 -999.9900 -999.9900 -999.9900 -999.9900 -999.9900 -999.9900 -999.9900
   1 -999.9900 -999.9900 -999.9900 -999.9900 -999.9900 -999.9900 -999.9900 -999.9900 -999.9900
    
2023051300
   0    1.7929 -999.9900    3.2919    3.2919    3.1624    1.2950    2.4654    0.0518    0.1904
   0    1.6469 -999.9900    3.0361    3.0361    3.0207    0.8485    2.2913    0.0592    0.1543
   0    1.7664 -999.9900    3.2487    3.2487    3.1296    1.2430    2.4575    0.0518    0.1809
   0    1.6613 -999.9900    3.0668    3.0668    3.0245    0.9066    2.3217    0.0574    0.1550
    
2023051400
   0    2.0462 -999.9900    3.7145    3.7145    3.0566    1.5036    2.7607    0.0574    0.2488
   0    1.9292 -999.9900    3.5241    3.5241    3.0114    1.1042    2.6033    0.0673    0.2014
   0    2.0373 -999.9900    3.7337    3.7337    3.0836    1.5299    2.7772    0.0527    0.2427
   0    1.9357 -999.9900    3.5639    3.5639    3.0502    1.1999    2.6350    0.0604    0.2032
    
2023051500
   0    2.1231 -999.9900    3.9137    3.9137    3.0381    0.8999    2.9105    0.1034    0.2081
   0    1.9876 -999.9900    3.6024    3.6024    2.9513    0.5429    2.7484    0.1116    0.1975
   0    2.0558 -999.9900    3.8027    3.8027    3.0133    1.0054    2.8326    0.0858    0.2092
   0    1.9654 -999.9900    3.5829    3.5829    2.9705    0.6776    2.7239    0.0972    0.1965
    
2023051600
   0    1.6484 -999.9900    3.0405    3.0405    2.9270    0.1812    2.3294    0.1091    0.1406
   0    1.6044 -999.9900    2.9475    2.9475    2.9556   -0.3201    2.2600    0.1273    0.0984
   0    1.6140 -999.9900    2.9738    2.9738    3.0128    0.1841    2.2894    0.0941    0.1303
   0    1.5842 -999.9900    2.9122    2.9122    3.0136   -0.2181    2.2379    0.1114    0.0995
    
2023051700
   0    1.6027 -999.9900    2.8576    2.8576    3.0694   -0.3720    2.1702    0.1385    0.0715
   0    1.4825 -999.9900    2.6798    2.6798    2.9524   -0.6457    2.0627    0.1326    0.0540
   0    1.6001 -999.9900    2.8626    2.8626    3.0401   -0.4162    2.1713    0.1394    0.0660
   0    1.4969 -999.9900    2.7105    2.7105    2.9672   -0.6175    2.0809    0.1296    0.0528
    
2023051800
   0    1.6574 -999.9900    3.0612    3.0612    3.0192   -0.3164    2.3188    0.1255    0.1014
   0    1.6500 -999.9900    3.0636    3.0636    2.9456   -0.5463    2.3246    0.1487    0.0816
   0    1.6367 -999.9900    3.0173    3.0173    2.9816   -0.2897    2.2977    0.1198    0.0940
   0    1.6338 -999.9900    3.0285    3.0285    2.9471   -0.4843    2.3066    0.1379    0.0811
    
2023051900
   0    1.6847 -999.9900    3.2999    3.2999    3.1262    0.6733    2.3357    0.0635    0.1358
   0    1.6172 -999.9900    3.1647    3.1647    3.0641    0.3667    2.2246    0.0643    0.1199
   0    1.6563 -999.9900    3.2607    3.2607    3.1373    0.5701    2.2720    0.0558    0.1213
   0    1.6153 -999.9900    3.1730    3.1730    3.0783    0.3661    2.2150    0.0576    0.1162
    
2023052000
   0    1.6431 -999.9900    3.1421    3.1421    2.9208    0.7205    2.2868    0.0725    0.1506
   0    1.5477 -999.9900    2.9160    2.9160    2.9724    0.4970    2.1713    0.0662    0.1285
   0    1.6736 -999.9900    3.2111    3.2111    2.9893    0.7476    2.3318    0.0663    0.1509
   0    1.5801 -999.9900    2.9961    2.9961    3.0130    0.5580    2.2158    0.0650    0.1307
    
2023052100
   0    1.5373 -999.9900    2.8700    2.8700    2.9270    0.5848    2.1651    0.0703    0.1359
   0    1.4510 -999.9900    2.6649    2.6649    2.8354    0.3590    2.0388    0.0757    0.1222
   0    1.5207 -999.9900    2.8490    2.8490    2.9079    0.5594    2.1447    0.0674    0.1297
   0    1.4542 -999.9900    2.6899    2.6899    2.8464    0.3890    2.0496    0.0704    0.1195
    
2023052200
   0    1.5269 -999.9900    2.8284    2.8284    2.8964    0.0499    2.1327    0.1070    0.1056
   0    1.4534 -999.9900    2.6723    2.6723    2.8658   -0.1477    2.0183    0.1104    0.0774
   0    1.4910 -999.9900    2.7538    2.7538    2.8853    0.1702    2.0648    0.0933    0.1057
   0    1.4415 -999.9900    2.6524    2.6524    2.8704   -0.0360    1.9962    0.1001    0.0803
    
2023052300
   0    1.6541 -999.9900    3.0566    3.0566    3.0416    0.5313    2.3010    0.0773    0.1460
   0    1.5324 -999.9900    2.8183    2.8183    2.9637    0.1825    2.1220    0.0993    0.1065
   0    1.5985 -999.9900    2.9682    2.9682    3.0293    0.5613    2.2166    0.0676    0.1327
   0    1.5231 -999.9900    2.8157    2.8157    2.9681    0.2703    2.1072    0.0881    0.1079
    
2023052400
   0    1.7824 -999.9900    3.3212    3.3212    2.9528    0.9645    2.4673    0.0755    0.1933
   0    1.7053 -999.9900    3.1679    3.1679    2.8810    0.7324    2.3929    0.0853    0.1734
   0    1.7645 -999.9900    3.3127    3.3127    2.9876    0.9873    2.4569    0.0680    0.1833
   0    1.7063 -999.9900    3.1875    3.1875    2.9239    0.7925    2.3975    0.0756    0.1727
    
2023052500
   0    1.5663 -999.9900    2.9220    2.9220    2.7785    0.8859    2.1664    0.0569    0.1780
   0    1.5339 -999.9900    2.8360    2.8360    2.8459    0.5744    2.1268    0.0758    0.1389
   0    1.5756 -999.9900    2.9415    2.9415    2.7707    0.7859    2.1896    0.0625    0.1664
   0    1.5403 -999.9900    2.8573    2.8573    2.8362    0.5767    2.1387    0.0738    0.1381
    
2023052600
   0    1.7563 -999.9900    3.2540    3.2540    2.7747    1.1840    2.4470    0.0629    0.2264
   0    1.6276 -999.9900    3.0483    3.0483    2.7415    0.8828    2.2923    0.0604    0.1861
   0    1.7029 -999.9900    3.1710    3.1710    2.8516    1.1240    2.3855    0.0541    0.2080
   0    1.6219 -999.9900    3.0395    3.0395    2.7932    0.9070    2.2855    0.0552    0.1817
    
2023052700
   0    1.6554 -999.9900    3.1044    3.1044    2.8791    0.6178    2.2931    0.0912    0.1586
   0    1.6425 -999.9900    3.0824    3.0824    2.9395    0.3956    2.3018    0.0981    0.1315
   0    1.6596 -999.9900    3.1379    3.1379    2.8818    0.6446    2.3216    0.0841    0.1602
   0    1.6427 -999.9900    3.0998    3.0998    2.9367    0.4561    2.3100    0.0911    0.1336
    
2023052800
   0    1.5281 -999.9900    2.9768    2.9768    2.9343    0.1224    2.1351    0.0941    0.0966
   0    1.5167 -999.9900    2.9365    2.9365    2.9177   -0.1210    2.1251    0.1095    0.0783
   0    1.5773 -999.9900    3.0832    3.0832    2.8588    0.2338    2.2030    0.0916    0.1122
   0    1.5353 -999.9900    2.9902    2.9902    2.8970   -0.0055    2.1553    0.1003    0.0879
    
2023052900
   0    1.5403 -999.9900    2.8584    2.8584    2.9829   -0.5588    2.1231    0.1341    0.0740
   0    1.5442 -999.9900    2.8709    2.8709    2.9525   -0.8145    2.1360    0.1558    0.0520
   0    1.4850 -999.9900    2.7643    2.7643    2.9681   -0.4126    2.0459    0.1155    0.0664
   0    1.5024 -999.9900    2.7999    2.7999    2.9621   -0.6756    2.0777    0.1373    0.0492
    
2023053000
   0    1.5075 -999.9900    2.8020    2.8020    2.9627   -0.3618    2.0999    0.1074    0.0860
   0    1.5482 -999.9900    2.8748    2.8748    2.9170   -0.6769    2.1769    0.1361    0.0710
   0    1.4624 -999.9900    2.7143    2.7143    2.9216   -0.3230    2.0211    0.1013    0.0812
   0    1.5082 -999.9900    2.7983    2.7983    2.9125   -0.5906    2.1074    0.1245    0.0703
    
2023053100
   0    1.7577 -999.9900    3.2954    3.2954    2.8554    0.0084    2.4767    0.1287    0.1393
   0    1.7049 -999.9900    3.1602    3.1602    2.8401   -0.1827    2.3937    0.1397    0.1146
   0    1.6938 -999.9900    3.1772    3.1772    2.8052    0.0082    2.3846    0.1241    0.1292
   0    1.6733 -999.9900    3.1143    3.1143    2.8142   -0.1445    2.3536    0.1326    0.1133
    
2023060100
   0    1.6020 -999.9900    2.9687    2.9687    2.8660    0.1713    2.2549    0.1031    0.1254
   0    1.5743 -999.9900    2.9304    2.9304    2.8721    0.0110    2.2049    0.1192    0.1005
   0    1.5929 -999.9900    2.9719    2.9719    2.8537    0.2763    2.2403    0.1002    0.1290
   0    1.5662 -999.9900    2.9291    2.9291    2.8749    0.1061    2.1984    0.1099    0.1051
    
2023060200
   0    1.6483 -999.9900    3.0824    3.0824    2.8201    0.5064    2.3049    0.0879    0.1451
   0    1.5299 -999.9900    2.8740    2.8740    2.9198    0.2665    2.1547    0.0927    0.0973
   0    1.5815 -999.9900    2.9787    2.9787    2.8420    0.3929    2.2079    0.0835    0.1196
   0    1.5095 -999.9900    2.8470    2.8470    2.9168    0.2463    2.1214    0.0868    0.0926
    
2023060300
   0    1.6303 -999.9900    3.0568    3.0568    2.8740    0.5915    2.2553    0.0815    0.1438
   0    1.5752 -999.9900    2.9379    2.9379    2.9489    0.5041    2.1881    0.0855    0.1233
   0    1.5854 -999.9900    2.9701    2.9701    2.9070    0.5764    2.1856    0.0756    0.1320
   0    1.5580 -999.9900    2.9122    2.9122    2.9493    0.5126    2.1598    0.0808    0.1171
    
2023060400
   0    1.5624 -999.9900    2.9206    2.9206    2.9453    0.6417    2.1534    0.0713    0.1440
   0    1.5551 -999.9900    2.9072    2.9072    2.9274    0.4091    2.1452    0.0878    0.1189
   0    1.5921 -999.9900    2.9747    2.9747    2.8922    0.7111    2.2034    0.0717    0.1538
   0    1.5687 -999.9900    2.9347    2.9347    2.9077    0.4972    2.1714    0.0828    0.1258
    
2023060500
   0    1.6673 -999.9900    3.0966    3.0966    2.8355    0.2482    2.3367    0.1194    0.1431
   0    1.6425 -999.9900    3.0427    3.0427    2.8186    0.0782    2.2988    0.1234    0.1301
   0    1.6607 -999.9900    3.0962    3.0962    2.8021    0.2408    2.3317    0.1204    0.1420
   0    1.6411 -999.9900    3.0505    3.0505    2.8054    0.1078    2.3030    0.1216    0.1312
    
2023060600
   0    1.6064 -999.9900    2.9838    2.9838    2.8891   -0.2484    2.2105    0.1426    0.0830
   0    1.6689 -999.9900    3.0969    3.0969    2.7986   -0.3077    2.2904    0.1557    0.0883
   0    1.6575 -999.9900    3.0766    3.0766    2.8398   -0.1744    2.2936    0.1481    0.0933
   0    1.6827 -999.9900    3.1217    3.1217    2.7958   -0.2514    2.3181    0.1515    0.0931
    
2023060700
   0    1.7323 -999.9900    3.2704    3.2704    2.9847   -0.0767    2.3807    0.1242    0.1141
   0    1.7075 -999.9900    3.2721    3.2721    2.9453   -0.3444    2.3732    0.1434    0.0850
   0    1.7080 -999.9900    3.2435    3.2435    2.9759    0.0368    2.3724    0.1182    0.1123
   0    1.6920 -999.9900    3.2459    3.2459    2.9591   -0.2227    2.3618    0.1321    0.0881
    
2023060800
   0    1.5700 -999.9900    2.9060    2.9060    2.9399   -0.0163    2.1838    0.0902    0.1158
   0    1.5833 -999.9900    2.9440    2.9440    2.8828   -0.1511    2.2170    0.1034    0.1114
   1 -999.9900 -999.9900 -999.9900 -999.9900 -999.9900 -999.9900 -999.9900 -999.9900 -999.9900
   0    1.5691 -999.9900    2.9153    2.9153    2.8834   -0.1078    2.1945    0.0972    0.1124
    
2023060900
   0    1.4013 -999.9900    2.5361    2.5361    3.0110    0.0208    1.9389    0.0748    0.0872
   0    1.4054 -999.9900    2.5508    2.5508    2.8998   -0.1428    1.9720    0.0932    0.0795
   0    1.3706 -999.9900    2.4979    2.4979    2.9142   -0.0298    1.9102    0.0745    0.0838
   0    1.3861 -999.9900    2.5286    2.5286    2.8610   -0.1404    1.9504    0.0885    0.0785
    
2023061000
   0    1.4527 -999.9900    2.7511    2.7511    2.6933   -0.2011    2.0370    0.1024    0.1008
   0    1.4370 -999.9900    2.7224    2.7224    2.7043   -0.4093    2.0256    0.1086    0.0756
   0    1.4451 -999.9900    2.7407    2.7407    2.7653   -0.2149    2.0307    0.1018    0.0880
   0    1.4337 -999.9900    2.7202    2.7202    2.7465   -0.3759    2.0218    0.1053    0.0730
    
2023061100
   0    1.5598 -999.9900    2.9919    2.9919    2.7630   -0.0433    2.1477    0.1017    0.1245
   0    1.4901 -999.9900    2.8665    2.8665    2.8125   -0.2403    2.0685    0.1039    0.0906
   0    1.5480 -999.9900    2.9722    2.9722    2.7934    0.0392    2.1356    0.0932    0.1220
   0    1.4906 -999.9900    2.8678    2.8678    2.8327   -0.1514    2.0688    0.0959    0.0946
    
2023061200
   0    1.6031 -999.9900    2.9689    2.9689    2.9942    0.1985    2.2636    0.0748    0.1242
   0    1.5466 -999.9900    2.8591    2.8591    2.8511   -0.0002    2.1646    0.0967    0.1099
   0    1.5409 -999.9900    2.8696    2.8696    2.9451    0.1436    2.1700    0.0691    0.1123
   0    1.5170 -999.9900    2.8163    2.8163    2.8549    0.0066    2.1243    0.0861    0.1051
    
2023061300
   0    1.4833 -999.9900    2.7368    2.7368    3.1062   -0.3197    2.0462    0.0979    0.0773
   0    1.4939 -999.9900    2.7429    2.7429    2.9736   -0.5406    2.0755    0.1174    0.0728
   0    1.4618 -999.9900    2.6943    2.6943    3.0691   -0.2759    2.0128    0.0947    0.0727
   0    1.4745 -999.9900    2.7079    2.7079    2.9863   -0.4702    2.0438    0.1091    0.0706
    
2023061400
   0    1.4647 -999.9900    2.7209    2.7209    2.8767   -0.3826    2.0361    0.1227    0.0602
   0    1.4894 -999.9900    2.7591    2.7591    2.9295   -0.4932    2.0754    0.1291    0.0514
   0    1.4572 -999.9900    2.6868    2.6868    3.0191   -0.3189    2.0134    0.1111    0.0556
   0    1.4770 -999.9900    2.7297    2.7297    3.0043   -0.4329    2.0517    0.1182    0.0507
    
2023061500
   0    1.4601 -999.9900    2.7286    2.7286    2.9132   -0.5078    2.0232    0.1231    0.0716
   0    1.5679 -999.9900    2.9076    2.9076    2.9034   -0.7137    2.1821    0.1546    0.0678
   0    1.4714 -999.9900    2.7449    2.7449    2.9404   -0.5356    2.0564    0.1132    0.0757
   0    1.5479 -999.9900    2.8812    2.8812    2.9225   -0.6892    2.1671    0.1379    0.0701
    
2023061600
   0    1.6274 -999.9900    3.0881    3.0881    3.0046   -0.4648    2.2709    0.1240    0.0822
   0    1.7418 -999.9900    3.3030    3.3030    2.9798   -0.6608    2.4503    0.1587    0.0779
   0    1.6343 -999.9900    3.1054    3.1054    2.9106   -0.5532    2.2776    0.1357    0.0801
   0    1.7158 -999.9900    3.2590    3.2590    2.9429   -0.6746    2.4119    0.1544    0.0767
    
2023061700
   0    1.5990 -999.9900    2.8820    2.8820    2.8016   -0.2813    2.2111    0.1407    0.1169
   0    1.6857 -999.9900    3.0376    3.0376    2.8925   -0.6237    2.3591    0.1616    0.0934
   0    1.5676 -999.9900    2.8369    2.8369    2.8435   -0.3117    2.1810    0.1271    0.1085
   0    1.6452 -999.9900    2.9740    2.9740    2.9060   -0.5734    2.3037    0.1484    0.0931
    
2023061800
   0    1.6598 -999.9900    3.0686    3.0686    2.9278   -0.6513    2.3255    0.1655    0.0829
   0    1.7712 -999.9900    3.2599    3.2599    2.8512   -0.8845    2.4899    0.2042    0.0743
   0    1.5908 -999.9900    2.9549    2.9549    2.9634   -0.6539    2.2338    0.1468    0.0720
   0    1.6984 -999.9900    3.1460    3.1460    2.9021   -0.8394    2.3954    0.1821    0.0685
    
2023061900
   0    1.6676 -999.9900    3.0647    3.0647    3.0270   -0.1909    2.3797    0.1371    0.0969
   0    1.7328 -999.9900    3.1738    3.1738    2.9276   -0.4657    2.4491    0.1722    0.0883
   0    1.6890 -999.9900    3.1088    3.1088    2.9489   -0.3299    2.4094    0.1431    0.0990
   0    1.7297 -999.9900    3.1768    3.1768    2.9023   -0.4941    2.4542    0.1680    0.0904
    
2023062000
   0    1.8329 -999.9900    3.2805    3.2805    2.9199   -0.0482    2.5661    0.1620    0.1441
   0    1.8883 -999.9900    3.3649    3.3649    2.8391   -0.1545    2.6299    0.1829    0.1316
   0    1.8637 -999.9900    3.3398    3.3398    2.8646   -0.0376    2.6250    0.1637    0.1515
   0    1.8931 -999.9900    3.3813    3.3813    2.8247   -0.1269    2.6511    0.1787    0.1379
    
2023062100
   0    1.8474 -999.9900    3.4079    3.4079    2.8984    0.2456    2.5506    0.1101    0.1735
   0    1.7949 -999.9900    3.2772    3.2772    2.9818    0.0829    2.5164    0.1232    0.1511
   0    1.8663 -999.9900    3.4757    3.4757    2.8946    0.2335    2.5911    0.1116    0.1769
   0    1.8035 -999.9900    3.3251    3.3251    2.9867    0.1082    2.5376    0.1161    0.1561
    
2023062200
   0    1.9610 -999.9900    3.6490    3.6490    2.9099    0.5142    2.7044    0.0976    0.2053
   0    1.9144 -999.9900    3.5247    3.5247    2.7856    0.3217    2.6697    0.1237    0.1764
   0    1.9132 -999.9900    3.5803    3.5803    2.9765    0.3907    2.6469    0.0958    0.1769
   0    1.8901 -999.9900    3.5017    3.5017    2.8598    0.2861    2.6348    0.1140    0.1664
    
2023062300
   0    1.5718 -999.9900    2.9456    2.9456    3.0882    0.2392    2.2088    0.0637    0.1243
   0    1.5375 -999.9900    2.8427    2.8427    2.9890    0.1426    2.1529    0.0834    0.1098
   0    1.5681 -999.9900    2.9289    2.9289    3.0382    0.2761    2.1963    0.0689    0.1221
   0    1.5379 -999.9900    2.8489    2.8489    2.9835    0.1841    2.1562    0.0795    0.1100
    
2023062400
   0    1.3384 -999.9900    2.5402    2.5402    2.8468    0.2788    1.8308    0.0605    0.0920
   0    1.4326 -999.9900    2.6930    2.6930    2.8748    0.0240    1.9661    0.0860    0.0837
   0    1.3417 -999.9900    2.5382    2.5382    2.9456    0.1321    1.8319    0.0622    0.0789
   0    1.4098 -999.9900    2.6539    2.6539    2.9350   -0.0131    1.9310    0.0799    0.0761
    
2023062500
   0    1.4721 -999.9900    2.7073    2.7073    2.8653   -0.1327    2.0073    0.0990    0.0892
   0    1.4940 -999.9900    2.7605    2.7605    2.8427   -0.3991    2.0597    0.1210    0.0791
   0    1.4582 -999.9900    2.7039    2.7039    2.8478   -0.1523    1.9841    0.0957    0.0864
   0    1.4784 -999.9900    2.7457    2.7457    2.8392   -0.3576    2.0326    0.1131    0.0760
    
2023062600
   0    1.5410 -999.9900    2.7668    2.7668    2.9812    0.0303    2.0962    0.1050    0.1187
   0    1.5634 -999.9900    2.8189    2.8189    2.8382   -0.1405    2.1609    0.1224    0.1186
   0    1.5022 -999.9900    2.7090    2.7090    2.9171    0.0354    2.0443    0.1012    0.1117
   0    1.5281 -999.9900    2.7627    2.7627    2.8406   -0.1033    2.1096    0.1132    0.1128
    
2023062700
   0    1.5338 -999.9900    2.7476    2.7476    2.7931    0.0077    2.1290    0.1304    0.1155
   0    1.5507 -999.9900    2.7693    2.7693    2.7690   -0.2171    2.1420    0.1429    0.1123
   0    1.4881 -999.9900    2.6879    2.6879    2.7623    0.0339    2.0733    0.1175    0.1128
   0    1.5162 -999.9900    2.7248    2.7248    2.7604   -0.1564    2.0995    0.1308    0.1104
    
2023062800
   0    1.4844 -999.9900    2.7631    2.7631    2.7485   -0.2044    2.0727    0.1247    0.0997
   0    1.5291 -999.9900    2.8242    2.8242    2.6811   -0.3397    2.1381    0.1476    0.0948
   0    1.4623 -999.9900    2.7291    2.7291    2.7931   -0.1382    2.0420    0.1182    0.0940
   0    1.4983 -999.9900    2.7779    2.7779    2.7368   -0.2728    2.0925    0.1360    0.0905
    
2023062900
   0    1.2998 -999.9900    2.3977    2.3977    2.8355    0.3136    1.7879    0.0555    0.0839
   0    1.2848 -999.9900    2.3448    2.3448    2.7931    0.0313    1.7691    0.0720    0.0724
   0    1.2809 -999.9900    2.3367    2.3367    2.8880    0.3168    1.7525    0.0445    0.0880
   0    1.2709 -999.9900    2.3105    2.3105    2.8400    0.0897    1.7429    0.0601    0.0748
    
2023063000
   0    1.3492 -999.9900    2.4648    2.4648    2.9002    0.3968    1.8622    0.0585    0.1108
   0    1.3492 -999.9900    2.4648    2.4648    2.9002    0.3968    1.8622    0.0585    0.1108
   0    1.3701 -999.9900    2.5364    2.5364    2.9262    0.5346    1.8996    0.0549    0.0965
   0    1.3082 -999.9900    2.4017    2.4017    2.8098    0.4400    1.8283    0.0630    0.0759
    
