2023050100
    
2023050200
   0    2.2907 -999.9900    4.1310    4.1310    3.8405    0.2139    3.2307    0.0954    0.1298
   0    2.2168 -999.9900    4.0099    4.0099    3.9815    0.2711    3.1399    0.0752    0.1188
   0    2.2703 -999.9900    4.0849    4.0849    3.8388    0.1901    3.1989    0.0949    0.1327
   0    2.2136 -999.9900    3.9977    3.9977    3.9609    0.2463    3.1320    0.0772    0.1208
    
2023050300
   0    2.2917 -999.9900    4.2133    4.2133    3.7639    0.3635    3.2351    0.0837    0.1410
   0    2.2045 -999.9900    4.0500    4.0500    3.9705    0.3357    3.1149    0.0705    0.1204
   0    2.2747 -999.9900    4.1688    4.1688    3.8311    0.3285    3.2287    0.0830    0.1403
   0    2.2098 -999.9900    4.0543    4.0543    3.9687    0.3212    3.1301    0.0711    0.1191
    
2023050400
   0    2.3331 -999.9900    4.3121    4.3121    3.8360    0.2856    3.2800    0.1038    0.1607
   0    2.2711 -999.9900    4.2322    4.2322    4.0355    0.2621    3.2069    0.0781    0.1387
   0    2.3157 -999.9900    4.2931    4.2931    3.8363    0.2589    3.2404    0.0993    0.1555
   0    2.2711 -999.9900    4.2345    4.2345    3.9983    0.2520    3.1996    0.0797    0.1393
    
2023050500
   0    2.1138 -999.9900    3.9440    3.9440    3.9602    0.4796    2.9116    0.0632    0.1169
   0    2.0566 -999.9900    3.8655    3.8655    4.0383    0.4058    2.8469    0.0532    0.1053
   0    2.1138 -999.9900    3.9549    3.9549    3.9773    0.4603    2.9280    0.0610    0.1132
   0    2.0628 -999.9900    3.8787    3.8787    4.0416    0.4104    2.8631    0.0518    0.0992
    
2023050600
   0    2.0991 -999.9900    3.9090    3.9090    3.8551    0.3819    2.9155    0.0719    0.1342
   0    2.0997 -999.9900    3.9097    3.9097    4.0238    0.4726    2.9004    0.0581    0.1320
   0    2.1443 -999.9900    4.0127    4.0127    3.8306    0.4274    2.9735    0.0710    0.1333
   0    2.1233 -999.9900    3.9665    3.9665    3.9824    0.4827    2.9267    0.0597    0.1318
    
2023050700
   0    2.1837 -999.9900    4.0522    4.0522    3.7063    0.3338    3.0646    0.0800    0.1634
   0    2.1703 -999.9900    4.0591    4.0591    3.9013    0.3627    3.0686    0.0637    0.1462
   0    2.2070 -999.9900    4.1163    4.1163    3.7597    0.3358    3.1086    0.0770    0.1581
   0    2.1814 -999.9900    4.0902    4.0902    3.8993    0.3594    3.0864    0.0647    0.1423
    
2023050800
   0    2.3355 -999.9900    4.3763    4.3763    3.8530    0.3828    3.2836    0.0897    0.1503
   0    2.3576 -999.9900    4.4486    4.4486    3.9562    0.4195    3.3057    0.0904    0.1498
   0    2.3373 -999.9900    4.3870    4.3870    3.8117    0.3653    3.2931    0.0912    0.1478
   0    2.3482 -999.9900    4.4300    4.4300    3.9241    0.4029    3.3010    0.0897    0.1489
    
2023050900
   0    2.2888 -999.9900    4.2296    4.2296    3.7743    0.3044    3.2266    0.1050    0.1610
   0    2.3073 -999.9900    4.2785    4.2785    3.9151    0.3101    3.2375    0.1031    0.1558
   0    2.2236 -999.9900    4.1379    4.1379    3.8331    0.2736    3.1619    0.0973    0.1488
   0    2.2554 -999.9900    4.1957    4.1957    3.9414    0.2916    3.1816    0.0971    0.1465
    
2023051000
   0    2.2783 -999.9900    4.2102    4.2102    3.7794    0.2468    3.2154    0.1007    0.1435
   0    2.2564 -999.9900    4.2244    4.2244    3.9580    0.2786    3.1981    0.0828    0.1413
   0    2.2622 -999.9900    4.1799    4.1799    3.7752    0.2559    3.1958    0.1008    0.1419
   0    2.2477 -999.9900    4.1977    4.1977    3.9265    0.2788    3.1862    0.0841    0.1395
    
2023051100
   0    2.1784 -999.9900    3.9463    3.9463    3.7207    0.2610    3.1131    0.1105    0.1538
   0    2.1629 -999.9900    3.9650    3.9650    3.9036    0.3114    3.0563    0.0877    0.1472
   0    2.1429 -999.9900    3.8942    3.8942    3.7292    0.2616    3.0687    0.1044    0.1536
   0    2.1375 -999.9900    3.9137    3.9137    3.8792    0.3005    3.0285    0.0872    0.1482
    
2023051200
   0    2.3855 -999.9900    4.2970    4.2970    3.7611    0.2827    3.3776    0.1237    0.1938
   0    2.2416 -999.9900    4.0842    4.0842    3.9545    0.3307    3.1705    0.0846    0.1702
   0    2.3497 -999.9900    4.2441    4.2441    3.8200    0.2715    3.3454    0.1116    0.1859
   0    2.2477 -999.9900    4.0910    4.0910    3.9509    0.3059    3.1903    0.0876    0.1680
    
2023051300
   0    2.3083 -999.9900    4.2166    4.2166    3.8147    0.4446    3.2570    0.0909    0.1883
   0    2.2381 -999.9900    4.0857    4.0857    3.9690    0.4535    3.1809    0.0668    0.1794
   0    2.2959 -999.9900    4.2228    4.2228    3.7942    0.4034    3.2559    0.0854    0.1869
   0    2.2421 -999.9900    4.1068    4.1068    3.9358    0.4282    3.1898    0.0675    0.1789
    
2023051400
   0    2.2251 -999.9900    4.1253    4.1253    3.8990    0.5738    3.1444    0.0722    0.1739
   0    2.2931 -999.9900    4.2383    4.2383    3.9834    0.5428    3.2457    0.0719    0.1816
   0    2.1964 -999.9900    4.0467    4.0467    3.9139    0.6480    3.1243    0.0653    0.1779
   0    2.2525 -999.9900    4.1512    4.1512    3.9955    0.5947    3.2005    0.0658    0.1785
    
2023051500
   0    2.4606 -999.9900    4.5205    4.5205    3.6219    0.6382    3.4199    0.0998    0.2288
   0    2.3948 -999.9900    4.4069    4.4069    3.8420    0.6027    3.3858    0.0855    0.2020
   0    2.3822 -999.9900    4.4202    4.4202    3.6749    0.5960    3.3275    0.0954    0.2092
   0    2.3532 -999.9900    4.3531    4.3531    3.8463    0.5860    3.3206    0.0828    0.1925
    
2023051600
   0    2.4061 -999.9900    4.3664    4.3664    3.7535    0.4129    3.3631    0.1136    0.2002
   0    2.3217 -999.9900    4.2553    4.2553    3.8988    0.4265    3.2554    0.0989    0.1756
   0    2.3931 -999.9900    4.3711    4.3711    3.7664    0.4184    3.3601    0.1125    0.2019
   0    2.3246 -999.9900    4.2684    4.2684    3.8911    0.4284    3.2651    0.0996    0.1777
    
2023051700
   0    2.2880 -999.9900    4.2022    4.2022    3.5764    0.3332    3.1801    0.1232    0.1825
   0    2.2376 -999.9900    4.1071    4.1071    3.7761    0.3568    3.1417    0.1048    0.1567
   0    2.2798 -999.9900    4.2081    4.2081    3.5490    0.3289    3.1938    0.1217    0.1832
   0    2.2400 -999.9900    4.1257    4.1257    3.7261    0.3509    3.1495    0.1081    0.1621
    
2023051800
   0    2.2011 -999.9900    4.0911    4.0911    3.6080    0.3862    3.0539    0.1161    0.1530
   0    2.1375 -999.9900    4.0248    4.0248    3.7846    0.3982    2.9911    0.0999    0.1228
   0    2.1433 -999.9900    4.0010    4.0010    3.6381    0.3967    2.9989    0.1113    0.1475
   0    2.1117 -999.9900    3.9750    3.9750    3.7762    0.4035    2.9590    0.0990    0.1233
    
2023051900
   0    2.3305 -999.9900    4.3222    4.3222    3.7507    0.6049    3.2194    0.1174    0.1477
   0    2.2694 -999.9900    4.2269    4.2269    3.9305    0.5335    3.1656    0.1052    0.1240
   0    2.3282 -999.9900    4.3385    4.3385    3.7635    0.6098    3.2306    0.1130    0.1452
   0    2.2732 -999.9900    4.2433    4.2433    3.9159    0.5521    3.1716    0.1037    0.1260
    
2023052000
   0    2.1165 -999.9900    3.9455    3.9455    3.6661    0.6578    2.9131    0.0886    0.1574
   0    2.0750 -999.9900    3.8826    3.8826    3.8291    0.6629    2.8534    0.0745    0.1416
   0    2.1389 -999.9900    4.0189    4.0189    3.6550    0.6997    2.9743    0.0882    0.1556
   0    2.0891 -999.9900    3.9269    3.9269    3.8041    0.6881    2.8890    0.0744    0.1419
    
2023052100
   0    1.9173 -999.9900    3.5239    3.5239    3.5062    0.7446    2.6775    0.0417    0.1639
   0    1.9419 -999.9900    3.5848    3.5848    3.7185    0.8301    2.7323    0.0391    0.1509
   0    1.8640 -999.9900    3.4485    3.4485    3.5582    0.6783    2.6262    0.0419    0.1481
   0    1.9011 -999.9900    3.5217    3.5217    3.7125    0.7743    2.6805    0.0371    0.1435
    
2023052200
   0    1.8914 -999.9900    3.5197    3.5197    3.4868    0.4864    2.6796    0.0689    0.1473
   0    1.8793 -999.9900    3.4914    3.4914    3.6117    0.5702    2.6824    0.0588    0.1383
   0    1.8313 -999.9900    3.4031    3.4031    3.4813    0.4453    2.6031    0.0700    0.1404
   0    1.8395 -999.9900    3.4143    3.4143    3.5963    0.5303    2.6238    0.0600    0.1327
    
2023052300
   0    1.9545 -999.9900    3.5838    3.5838    3.5587    0.4889    2.7766    0.0843    0.1384
   0    1.8687 -999.9900    3.4095    3.4095    3.7141    0.4874    2.6585    0.0686    0.1206
   0    1.9026 -999.9900    3.4920    3.4920    3.5860    0.4622    2.7178    0.0825    0.1250
   0    1.8560 -999.9900    3.3879    3.3879    3.6990    0.4728    2.6426    0.0709    0.1159
    
2023052400
   0    2.0018 -999.9900    3.6245    3.6245    3.4658    0.2542    2.8122    0.1120    0.1441
   0    1.9050 -999.9900    3.4665    3.4665    3.6904    0.3375    2.6709    0.0808    0.1239
   0    1.9629 -999.9900    3.5748    3.5748    3.5203    0.2586    2.7696    0.1052    0.1360
   0    1.8952 -999.9900    3.4599    3.4599    3.6846    0.3247    2.6642    0.0811    0.1190
    
2023052500
   0    2.3207 -999.9900    4.2558    4.2558    3.4012    0.4050    3.2413    0.1407    0.2107
   0    2.1805 -999.9900    4.0422    4.0422    3.6298    0.4410    3.0684    0.1186    0.1638
   0    2.2667 -999.9900    4.1851    4.1851    3.4071    0.4002    3.1867    0.1371    0.1984
   0    2.1718 -999.9900    4.0329    4.0329    3.5976    0.4317    3.0640    0.1179    0.1646
    
2023052600
   0    2.3847 -999.9900    4.3314    4.3314    3.4487    0.5747    3.3375    0.1477    0.2257
   0    2.2746 -999.9900    4.2006    4.2006    3.6617    0.6091    3.2335    0.1206    0.1924
   0    2.3205 -999.9900    4.2500    4.2500    3.4520    0.5574    3.2702    0.1384    0.2126
   0    2.2569 -999.9900    4.1744    4.1744    3.6241    0.5927    3.2128    0.1208    0.1894
    
2023052700
   0    2.2464 -999.9900    4.1439    4.1439    3.4289    0.5329    3.1463    0.1226    0.1945
   0    2.1714 -999.9900    4.0582    4.0582    3.6674    0.6063    3.0694    0.0984    0.1652
   0    2.2012 -999.9900    4.0793    4.0793    3.4222    0.5272    3.1083    0.1132    0.1973
   0    2.1531 -999.9900    4.0280    4.0280    3.6257    0.5896    3.0529    0.0963    0.1694
    
2023052800
   0    2.0608 -999.9900    3.7689    3.7689    3.6425    0.4585    2.9208    0.0974    0.1593
   0    2.0325 -999.9900    3.7378    3.7378    3.8003    0.6158    2.8882    0.0797    0.1401
   0    2.0401 -999.9900    3.7528    3.7528    3.6035    0.4305    2.8898    0.0971    0.1579
   0    2.0180 -999.9900    3.7196    3.7196    3.7617    0.5689    2.8687    0.0785    0.1419
    
2023052900
   0    2.1365 -999.9900    3.8994    3.8994    3.4678    0.4491    2.9830    0.1142    0.1724
   0    2.0854 -999.9900    3.8428    3.8428    3.6961    0.6141    2.9524    0.0925    0.1479
   0    2.1220 -999.9900    3.8948    3.8948    3.5027    0.4831    2.9926    0.1070    0.1669
   0    2.0856 -999.9900    3.8483    3.8483    3.6739    0.6027    2.9614    0.0902    0.1502
    
2023053000
   0    1.9816 -999.9900    3.6560    3.6560    3.5168    0.4021    2.7784    0.1009    0.1561
   0    1.9641 -999.9900    3.6272    3.6272    3.6921    0.5313    2.8054    0.0792    0.1472
   0    1.9672 -999.9900    3.6573    3.6573    3.4667    0.3822    2.7833    0.0928    0.1533
   0    1.9523 -999.9900    3.6217    3.6217    3.6410    0.4948    2.7971    0.0786    0.1454
    
2023053100
   0    2.0843 -999.9900    3.8591    3.8591    3.3807    0.3707    2.9678    0.1066    0.1870
   0    2.0766 -999.9900    3.8567    3.8567    3.6130    0.5286    3.0007    0.0867    0.1708
   0    2.0939 -999.9900    3.9102    3.9102    3.3986    0.3468    2.9838    0.1150    0.1829
   0    2.0726 -999.9900    3.8632    3.8632    3.6007    0.4788    2.9878    0.0948    0.1667
    
2023060100
   0    2.1450 -999.9900    3.9895    3.9895    3.4881    0.3230    3.0457    0.1251    0.1579
   0    2.0839 -999.9900    3.9018    3.9018    3.6917    0.4295    2.9836    0.0986    0.1441
   0    2.1087 -999.9900    3.9305    3.9305    3.4544    0.3140    3.0030    0.1176    0.1579
   0    2.0734 -999.9900    3.8838    3.8838    3.6315    0.4069    2.9664    0.0996    0.1485
    
2023060200
   0    2.0726 -999.9900    3.9694    3.9694    3.4812    0.2033    2.9064    0.1082    0.1471
   0    2.0078 -999.9900    3.8306    3.8306    3.7112    0.3805    2.8751    0.0767    0.1300
   0    2.0615 -999.9900    3.9706    3.9706    3.4421    0.2199    2.9011    0.1037    0.1433
   0    2.0082 -999.9900    3.8479    3.8479    3.6558    0.3559    2.8708    0.0779    0.1292
    
2023060300
   0    2.0866 -999.9900    3.9705    3.9705    3.4305    0.2746    2.9125    0.0946    0.1511
   0    2.0314 -999.9900    3.9045    3.9045    3.7038    0.4632    2.8759    0.0704    0.1380
   0    2.0163 -999.9900    3.8587    3.8587    3.4270    0.2490    2.8285    0.0865    0.1453
   0    1.9922 -999.9900    3.8334    3.8334    3.6657    0.4113    2.8217    0.0651    0.1368
    
2023060400
   0    1.9185 -999.9900    3.6961    3.6961    3.4225    0.2303    2.6919    0.0863    0.1425
   0    1.9014 -999.9900    3.6703    3.6703    3.6443    0.4225    2.6665    0.0652    0.1339
   0    1.8927 -999.9900    3.6467    3.6467    3.3955    0.2160    2.6536    0.0874    0.1399
   0    1.8829 -999.9900    3.6371    3.6371    3.5940    0.3769    2.6439    0.0666    0.1319
    
2023060500
   0    1.9297 -999.9900    3.6601    3.6601    3.3936    0.1488    2.7123    0.1066    0.1318
   0    1.8706 -999.9900    3.5883    3.5883    3.6925    0.3160    2.6209    0.0733    0.1194
   0    1.9149 -999.9900    3.6574    3.6574    3.4253    0.1176    2.6894    0.0976    0.1267
   0    1.8684 -999.9900    3.5881    3.5881    3.6642    0.2654    2.6193    0.0745    0.1193
    
2023060600
   0    1.8797 -999.9900    3.5670    3.5670    3.4813    0.1222    2.6384    0.0856    0.1332
   0    1.8394 -999.9900    3.4655    3.4655    3.6880    0.3256    2.5870    0.0661    0.1096
   0    1.8561 -999.9900    3.5260    3.5260    3.4559    0.1434    2.6264    0.0883    0.1273
   0    1.8303 -999.9900    3.4548    3.4548    3.6384    0.2987    2.5891    0.0684    0.1112
    
2023060700
   0    1.9051 -999.9900    3.6103    3.6103    3.4738    0.0356    2.6810    0.0914    0.1375
   0    1.9090 -999.9900    3.6474    3.6474    3.6440    0.2621    2.6974    0.0700    0.1298
   0    1.8478 -999.9900    3.5262    3.5262    3.4583    0.0740    2.6013    0.0833    0.1323
   0    1.8678 -999.9900    3.5753    3.5753    3.6164    0.2408    2.6359    0.0687    0.1255
    
2023060800
   0    1.9920 -999.9900    3.8199    3.8199    3.4706    0.1681    2.7881    0.0935    0.1471
   0    1.9472 -999.9900    3.7501    3.7501    3.5965    0.3931    2.7426    0.0684    0.1454
   0    1.9592 -999.9900    3.7553    3.7553    3.4796    0.1780    2.7420    0.0893    0.1361
   0    1.9323 -999.9900    3.7176    3.7176    3.5846    0.3555    2.7172    0.0708    0.1388
    
2023060900
   0    1.8098 -999.9900    3.4049    3.4049    3.3619    0.1918    2.5016    0.0939    0.1389
   0    1.8677 -999.9900    3.5696    3.5696    3.6211    0.4076    2.6131    0.0696    0.1314
   0    1.8110 -999.9900    3.4444    3.4444    3.3926    0.1823    2.5252    0.0848    0.1377
   0    1.8533 -999.9900    3.5528    3.5528    3.5944    0.3600    2.5958    0.0684    0.1303
    
2023061000
   0    1.9025 -999.9900    3.5608    3.5608    3.4391    0.3010    2.6693    0.0920    0.1543
   0    1.8750 -999.9900    3.5432    3.5432    3.6065    0.5229    2.6555    0.0616    0.1428
   0    1.8824 -999.9900    3.5167    3.5167    3.4194    0.2730    2.6464    0.0968    0.1501
   0    1.8561 -999.9900    3.4958    3.4958    3.5864    0.4628    2.6315    0.0671    0.1391
    
2023061100
   0    2.0046 -999.9900    3.8556    3.8556    3.3673    0.3397    2.7913    0.1107    0.1620
   0    1.9844 -999.9900    3.8270    3.8270    3.4924    0.6270    2.7639    0.0869    0.1575
   0    1.9972 -999.9900    3.8488    3.8488    3.3607    0.3608    2.7807    0.1078    0.1544
   0    1.9737 -999.9900    3.8095    3.8095    3.4848    0.5836    2.7455    0.0886    0.1539
    
2023061200
   0    1.9433 -999.9900    3.6395    3.6395    3.4521    0.4177    2.7320    0.0980    0.1546
   0    1.9430 -999.9900    3.7143    3.7143    3.5884    0.6731    2.7371    0.0787    0.1460
   0    1.9598 -999.9900    3.6832    3.6832    3.4376    0.4441    2.7554    0.0983    0.1590
   0    1.9462 -999.9900    3.7154    3.7154    3.5635    0.6392    2.7421    0.0798    0.1489
    
2023061300
   0    2.0924 -999.9900    3.9008    3.9008    3.3334    0.3242    2.9406    0.1334    0.1647
   0    2.0302 -999.9900    3.8538    3.8538    3.5024    0.6633    2.8895    0.0887    0.1493
   0    2.0994 -999.9900    3.9114    3.9114    3.2973    0.3157    2.9547    0.1295    0.1670
   0    2.0383 -999.9900    3.8551    3.8551    3.4644    0.5917    2.8953    0.0939    0.1490
    
2023061400
   0    2.0122 -999.9900    3.7353    3.7353    3.2944    0.2343    2.8120    0.1218    0.1618
   0    1.9832 -999.9900    3.6967    3.6967    3.4659    0.5319    2.7993    0.0955    0.1569
   0    1.9903 -999.9900    3.7079    3.7079    3.3273    0.2321    2.7943    0.1136    0.1605
   0    1.9719 -999.9900    3.6774    3.6774    3.4617    0.4722    2.7860    0.0942    0.1535
    
2023061500
   0    1.9830 -999.9900    3.6634    3.6634    3.3534    0.1259    2.7488    0.1235    0.1500
   0    1.9200 -999.9900    3.6025    3.6025    3.5268    0.4397    2.7049    0.0907    0.1315
   0    1.9475 -999.9900    3.6111    3.6111    3.3500    0.1398    2.7110    0.1131    0.1453
   0    1.9026 -999.9900    3.5647    3.5647    3.5094    0.3863    2.6742    0.0882    0.1312
    
2023061600
   0    1.8508 -999.9900    3.4641    3.4641    3.2836    0.0435    2.5870    0.1139    0.1360
   0    1.8346 -999.9900    3.4380    3.4380    3.4860    0.3843    2.5996    0.0849    0.1261
   0    1.8552 -999.9900    3.4699    3.4699    3.2587    0.0150    2.5969    0.1184    0.1339
   0    1.8331 -999.9900    3.4344    3.4344    3.4442    0.3006    2.5908    0.0910    0.1261
    
2023061700
   0    1.9101 -999.9900    3.5868    3.5868    3.3740   -0.1756    2.6848    0.1257    0.1110
   0    1.8850 -999.9900    3.5795    3.5795    3.5202    0.1990    2.6532    0.0976    0.1139
   0    1.8689 -999.9900    3.5081    3.5081    3.3655   -0.1350    2.6233    0.1200    0.1077
   0    1.8577 -999.9900    3.5170    3.5170    3.5031    0.1498    2.6120    0.0985    0.1088
    
2023061800
   0    1.9380 -999.9900    3.6256    3.6256    3.3425   -0.1292    2.7364    0.1343    0.1280
   0    1.9795 -999.9900    3.7745    3.7745    3.5180    0.1712    2.8366    0.1051    0.1276
   0    1.9523 -999.9900    3.6517    3.6517    3.3107   -0.1372    2.7602    0.1322    0.1269
   0    1.9681 -999.9900    3.7370    3.7370    3.4902    0.1076    2.8163    0.1099    0.1231
    
2023061900
   0    2.0934 -999.9900    3.9102    3.9102    3.3332   -0.0912    2.9534    0.1574    0.1527
   0    2.1312 -999.9900    4.0245    4.0245    3.4985    0.2423    3.0197    0.1205    0.1553
   0    2.0321 -999.9900    3.7928    3.7928    3.3364   -0.0976    2.8835    0.1509    0.1497
   0    2.0776 -999.9900    3.9185    3.9185    3.4848    0.1728    2.9520    0.1208    0.1523
    
2023062000
   0    2.1979 -999.9900    4.1048    4.1048    3.2925    0.1273    3.1112    0.1683    0.1612
   0    2.2709 -999.9900    4.3054    4.3054    3.4980    0.4124    3.2367    0.1395    0.1662
   0    2.2159 -999.9900    4.1513    4.1513    3.2911    0.1029    3.1282    0.1691    0.1634
   0    2.2653 -999.9900    4.2899    4.2899    3.4600    0.3418    3.2191    0.1426    0.1659
    
2023062100
   0    2.1517 -999.9900    4.0183    4.0183    3.2585    0.2743    3.0449    0.1669    0.1570
   0    2.2412 -999.9900    4.2115    4.2115    3.4438    0.5643    3.2018    0.1481    0.1643
   0    2.1459 -999.9900    3.9976    3.9976    3.2381    0.2726    3.0476    0.1713    0.1572
   0    2.2152 -999.9900    4.1536    4.1536    3.4056    0.5063    3.1685    0.1517    0.1598
    
2023062200
   0    2.0828 -999.9900    3.9015    3.9015    3.1928    0.4146    2.9332    0.1494    0.1557
   0    2.1881 -999.9900    4.1435    4.1435    3.4137    0.5972    3.1053    0.1340    0.1631
   0    2.0781 -999.9900    3.8786    3.8786    3.1962    0.4326    2.9352    0.1471    0.1562
   0    2.1615 -999.9900    4.0745    4.0745    3.3826    0.5725    3.0656    0.1347    0.1594
    
2023062300
   0    2.0031 -999.9900    3.7603    3.7603    3.1695    0.3740    2.7863    0.1300    0.1581
   0    2.0691 -999.9900    3.9597    3.9597    3.3823    0.5868    2.8970    0.1031    0.1542
   0    2.0092 -999.9900    3.7843    3.7843    3.2096    0.3721    2.8040    0.1259    0.1505
   0    2.0549 -999.9900    3.9238    3.9238    3.3750    0.5446    2.8777    0.1029    0.1504
    
2023062400
   0    1.9582 -999.9900    3.6949    3.6949    3.2708    0.2562    2.7108    0.1151    0.1435
   0    2.0082 -999.9900    3.8263    3.8263    3.4039    0.4455    2.8004    0.1003    0.1444
   0    1.9184 -999.9900    3.6335    3.6335    3.2568    0.2664    2.6699    0.1048    0.1426
   0    1.9694 -999.9900    3.7527    3.7527    3.3827    0.4151    2.7471    0.0948    0.1426
    
2023062500
   0    1.8479 -999.9900    3.5024    3.5024    3.2153   -0.0113    2.6082    0.1494    0.1218
   0    1.9488 -999.9900    3.6787    3.6787    3.3688    0.1740    2.7359    0.1390    0.1267
   0    1.8320 -999.9900    3.4877    3.4877    3.2092   -0.0657    2.5975    0.1434    0.1178
   0    1.9107 -999.9900    3.6210    3.6210    3.3507    0.1056    2.6928    0.1358    0.1189
    
2023062600
   0    1.8807 -999.9900    3.4960    3.4960    3.1918   -0.1067    2.6154    0.1606    0.1220
   0    1.9636 -999.9900    3.6739    3.6739    3.3462    0.1000    2.7651    0.1430    0.1239
   0    1.8481 -999.9900    3.4641    3.4641    3.1881   -0.1086    2.5960    0.1592    0.1093
   0    1.9173 -999.9900    3.6040    3.6040    3.3310    0.0588    2.7130    0.1464    0.1112
    
2023062700
   0    1.8797 -999.9900    3.5313    3.5313    3.1950   -0.1326    2.6236    0.1513    0.1084
   0    1.9731 -999.9900    3.6980    3.6980    3.3192    0.0149    2.7802    0.1429    0.1146
   0    1.8601 -999.9900    3.5095    3.5095    3.1697   -0.0950    2.6063    0.1498    0.1044
   0    1.9372 -999.9900    3.6430    3.6430    3.2905    0.0092    2.7334    0.1430    0.1098
    
2023062800
   0    1.7586 -999.9900    3.2650    3.2650    3.2355   -0.1292    2.4496    0.1320    0.1089
   0    1.8311 -999.9900    3.3813    3.3813    3.3208    0.0582    2.5672    0.1227    0.1117
   0    1.7375 -999.9900    3.2341    3.2341    3.2166   -0.1313    2.4244    0.1316    0.1021
   0    1.7927 -999.9900    3.3189    3.3189    3.3103    0.0270    2.5118    0.1203    0.1060
    
2023062900
   0    1.7052 -999.9900    3.2170    3.2170    3.2283   -0.0777    2.4031    0.1304    0.1047
   0    1.6813 -999.9900    3.1868    3.1868    3.3030    0.0503    2.3763    0.1059    0.0897
   0    1.6962 -999.9900    3.2065    3.2065    3.2339   -0.0435    2.4050    0.1255    0.1011
   0    1.6731 -999.9900    3.1687    3.1687    3.3073    0.0474    2.3678    0.1060    0.0904
    
2023063000
   0    1.6398 -999.9900    3.1048    3.1048    3.1350   -0.2059    2.3229    0.1373    0.0921
   0    1.6375 -999.9900    3.1048    3.1048    3.1350   -0.2059    2.3229    0.1373    0.0921
   0    1.6328 -999.9900    3.1068    3.1068    3.2188   -0.2542    2.3182    0.1287    0.0802
   0    1.5863 -999.9900    3.0042    3.0042    3.3076   -0.0557    2.2502    0.1007    0.0739
    
