2023050100
    
2023050200
   0    1.5520 -999.9900    3.0350    3.0350    2.9530    0.2774    2.2029    0.0792    0.1492
   0    1.4905 -999.9900    2.9453    2.9453    3.0763    0.3547    2.1157    0.0695    0.1276
   0    1.5439 -999.9900    3.0219    3.0219    2.9588    0.2693    2.1941    0.0792    0.1528
   0    1.4871 -999.9900    2.9307    2.9307    3.0791    0.3344    2.1134    0.0673    0.1285
    
2023050300
   0    1.5827 -999.9900    3.1888    3.1888    2.9233    0.1958    2.2340    0.0892    0.1474
   0    1.4821 -999.9900    2.9988    2.9988    3.0704    0.2468    2.1016    0.0763    0.1059
   0    1.5613 -999.9900    3.1402    3.1402    2.9602    0.1941    2.2102    0.0877    0.1443
   0    1.4840 -999.9900    2.9986    2.9986    3.0707    0.2357    2.1076    0.0765    0.1072
    
2023050400
   0    1.5580 -999.9900    3.1961    3.1961    2.9444    0.1846    2.2044    0.1018    0.1453
   0    1.5354 -999.9900    3.2255    3.2255    3.1066    0.1812    2.1752    0.0764    0.1227
   0    1.5435 -999.9900    3.1949    3.1949    2.9445    0.1372    2.1949    0.0895    0.1380
   0    1.5226 -999.9900    3.2029    3.2029    3.0912    0.1535    2.1651    0.0732    0.1199
    
2023050500
   0    1.4676 -999.9900    3.0707    3.0707    2.9412    0.2490    2.0344    0.0645    0.1148
   0    1.4656 -999.9900    3.1237    3.1237    3.0320    0.2441    2.0386    0.0590    0.1028
   0    1.4637 -999.9900    3.0756    3.0756    2.9693    0.2265    2.0346    0.0624    0.1015
   0    1.4522 -999.9900    3.0903    3.0903    3.0568    0.2315    2.0213    0.0551    0.0943
    
2023050600
   0    1.4509 -999.9900    2.9927    2.9927    2.9147    0.2922    2.0142    0.0607    0.1303
   0    1.4676 -999.9900    3.0603    3.0603    3.0683    0.3883    2.0362    0.0539    0.1113
   0    1.4687 -999.9900    3.0551    3.0551    2.8904    0.2964    2.0334    0.0650    0.1233
   0    1.4695 -999.9900    3.0710    3.0710    3.0372    0.3715    2.0338    0.0554    0.1127
    
2023050700
   0    1.5210 -999.9900    3.0897    3.0897    2.8308    0.3135    2.1354    0.0916    0.1547
   0    1.5165 -999.9900    3.1779    3.1779    2.9646    0.3373    2.1534    0.0678    0.1295
   0    1.5070 -999.9900    3.0879    3.0879    2.8584    0.3232    2.1228    0.0828    0.1373
   0    1.5015 -999.9900    3.1457    3.1457    2.9691    0.3384    2.1361    0.0645    0.1212
    
2023050800
   0    1.5809 -999.9900    3.2376    3.2376    2.8815    0.3333    2.2287    0.0947    0.1502
   0    1.6054 -999.9900    3.3730    3.3730    3.0043    0.3532    2.2631    0.0875    0.1397
   0    1.5746 -999.9900    3.2419    3.2419    2.8649    0.3591    2.2243    0.0922    0.1520
   0    1.5856 -999.9900    3.3258    3.3258    2.9965    0.3646    2.2434    0.0818    0.1382
    
2023050900
   0    1.5366 -999.9900    3.1366    3.1366    2.8507    0.3105    2.1617    0.0883    0.1411
   0    1.5301 -999.9900    3.1826    3.1826    3.0136    0.2499    2.1658    0.0769    0.1214
   0    1.4994 -999.9900    3.0893    3.0893    2.9009    0.2786    2.1289    0.0799    0.1284
   0    1.4976 -999.9900    3.1184    3.1184    3.0385    0.2429    2.1275    0.0695    0.1130
    
2023051000
   0    1.5606 -999.9900    3.2632    3.2632    2.8647    0.2215    2.1852    0.0873    0.1348
   0    1.5176 -999.9900    3.2552    3.2552    3.0109    0.1683    2.1286    0.0777    0.1123
   0    1.5434 -999.9900    3.2377    3.2377    2.8562    0.2614    2.1602    0.0801    0.1330
   0    1.5073 -999.9900    3.2232    3.2232    2.9970    0.2031    2.1148    0.0730    0.1140
    
2023051100
   0    1.4545 -999.9900    2.9752    2.9752    2.8184    0.2630    2.0621    0.0745    0.1451
   0    1.4640 -999.9900    3.0698    3.0698    2.9654    0.2131    2.0624    0.0775    0.1309
   0    1.4290 -999.9900    2.9463    2.9463    2.8132    0.2570    2.0322    0.0709    0.1393
   0    1.4383 -999.9900    3.0135    3.0135    2.9599    0.2217    2.0274    0.0731    0.1262
    
2023051200
   0    1.6279 -999.9900    3.2786    3.2786    2.8575    0.2791    2.2901    0.1085    0.1991
   0    1.5507 -999.9900    3.1800    3.1800    2.9940    0.2264    2.1892    0.0925    0.1567
   0    1.6109 -999.9900    3.2735    3.2735    2.8746    0.2634    2.2855    0.0991    0.1893
   0    1.5504 -999.9900    3.1831    3.1831    2.9881    0.2318    2.1991    0.0866    0.1591
    
2023051300
   0    1.5604 -999.9900    3.2507    3.2507    2.8511    0.3167    2.2026    0.0900    0.1954
   0    1.5103 -999.9900    3.1199    3.1199    2.9893    0.2815    2.1466    0.0767    0.1631
   0    1.5646 -999.9900    3.2834    3.2834    2.8284    0.2947    2.2148    0.0883    0.1844
   0    1.5125 -999.9900    3.1416    3.1416    2.9761    0.2755    2.1508    0.0765    0.1602
    
2023051400
   0    1.5440 -999.9900    3.1710    3.1710    2.8866    0.5035    2.1770    0.0843    0.1969
   0    1.5945 -999.9900    3.2942    3.2942    3.0168    0.4337    2.2637    0.0945    0.1873
   0    1.5406 -999.9900    3.1397    3.1397    2.8871    0.5615    2.1888    0.0795    0.2007
   0    1.5689 -999.9900    3.2252    3.2252    3.0203    0.4825    2.2308    0.0852    0.1884
    
2023051500
   0    1.7330 -999.9900    3.6082    3.6082    2.7144    0.5104    2.4110    0.1058    0.2156
   0    1.6977 -999.9900    3.5391    3.5391    2.9100    0.4498    2.4057    0.0976    0.1879
   0    1.6842 -999.9900    3.5442    3.5442    2.7544    0.4733    2.3568    0.1041    0.1968
   0    1.6641 -999.9900    3.4914    3.4914    2.9223    0.4400    2.3554    0.0924    0.1778
    
2023051600
   0    1.6231 -999.9900    3.2341    3.2341    2.8573    0.5025    2.2826    0.1035    0.2138
   0    1.5837 -999.9900    3.1998    3.1998    2.9787    0.4553    2.2273    0.0923    0.1828
   0    1.6222 -999.9900    3.2701    3.2701    2.8528    0.5149    2.2943    0.0995    0.2090
   0    1.5825 -999.9900    3.2068    3.2068    2.9757    0.4721    2.2271    0.0896    0.1830
    
2023051700
   0    1.6341 -999.9900    3.2322    3.2322    2.6449    0.5265    2.2849    0.1291    0.2257
   0    1.6130 -999.9900    3.2091    3.2091    2.8353    0.5227    2.2419    0.1173    0.2079
   0    1.6244 -999.9900    3.2279    3.2279    2.6093    0.5326    2.2806    0.1314    0.2277
   0    1.6006 -999.9900    3.1907    3.1907    2.8013    0.5272    2.2308    0.1173    0.2063
    
2023051800
   0    1.5591 -999.9900    3.1450    3.1450    2.6525    0.5279    2.1664    0.1015    0.2154
   0    1.5566 -999.9900    3.1796    3.1796    2.8655    0.4618    2.1622    0.0978    0.1891
   0    1.5034 -999.9900    3.0455    3.0455    2.6706    0.5270    2.1128    0.0931    0.2107
   0    1.5129 -999.9900    3.0909    3.0909    2.8591    0.4740    2.1152    0.0895    0.1851
    
2023051900
   0    1.5989 -999.9900    3.2205    3.2205    2.8274    0.4623    2.2162    0.1121    0.1884
   0    1.5823 -999.9900    3.2100    3.2100    2.9835    0.3886    2.1966    0.1074    0.1695
   0    1.5850 -999.9900    3.2002    3.2002    2.8272    0.4949    2.2091    0.1060    0.1775
   0    1.5642 -999.9900    3.1703    3.1703    2.9847    0.4230    2.1724    0.1008    0.1645
    
2023052000
   0    1.4715 -999.9900    2.9858    2.9858    2.7125    0.5152    2.0636    0.0874    0.1905
   0    1.4671 -999.9900    3.0232    3.0232    2.8987    0.4162    2.0583    0.0796    0.1657
   0    1.4757 -999.9900    3.0255    3.0255    2.7163    0.5366    2.0856    0.0799    0.1884
   0    1.4588 -999.9900    3.0131    3.0131    2.8920    0.4490    2.0531    0.0704    0.1642
    
2023052100
   0    1.3937 -999.9900    2.8418    2.8418    2.6336    0.5752    1.9452    0.0705    0.1720
   0    1.3874 -999.9900    2.8615    2.8615    2.8503    0.4333    1.9529    0.0684    0.1449
   0    1.3505 -999.9900    2.7745    2.7745    2.6488    0.5065    1.9041    0.0666    0.1614
   0    1.3543 -999.9900    2.7986    2.7986    2.8351    0.4204    1.9132    0.0632    0.1396
    
2023052200
   0    1.3405 -999.9900    2.8067    2.8067    2.6194    0.3268    1.8731    0.0793    0.1622
   0    1.3445 -999.9900    2.8050    2.8050    2.8121    0.2607    1.8920    0.0795    0.1342
   0    1.2948 -999.9900    2.7097    2.7097    2.6239    0.3296    1.8153    0.0749    0.1539
   0    1.3053 -999.9900    2.7221    2.7221    2.8018    0.2753    1.8323    0.0725    0.1311
    
2023052300
   0    1.3470 -999.9900    2.7632    2.7632    2.6319    0.3539    1.8741    0.0861    0.1727
   0    1.3375 -999.9900    2.7433    2.7433    2.8171    0.2154    1.8635    0.0902    0.1404
   0    1.3153 -999.9900    2.7103    2.7103    2.6458    0.3373    1.8389    0.0831    0.1590
   0    1.3128 -999.9900    2.6996    2.6996    2.8038    0.2332    1.8304    0.0845    0.1363
    
2023052400
   0    1.3691 -999.9900    2.7059    2.7059    2.5368    0.4555    1.9184    0.0882    0.2186
   0    1.3330 -999.9900    2.6784    2.6784    2.8044    0.3098    1.8471    0.0914    0.1696
   0    1.3431 -999.9900    2.6772    2.6772    2.5942    0.4408    1.8902    0.0834    0.2006
   0    1.3133 -999.9900    2.6419    2.6419    2.8070    0.3299    1.8231    0.0851    0.1633
    
2023052500
   0    1.5029 -999.9900    3.0331    3.0331    2.5460    0.5623    2.0857    0.1181    0.2384
   0    1.4118 -999.9900    2.8683    2.8683    2.7820    0.4220    1.9438    0.1078    0.1834
   0    1.4797 -999.9900    3.0004    3.0004    2.5428    0.5746    2.0782    0.1131    0.2309
   0    1.4047 -999.9900    2.8571    2.8571    2.7598    0.4575    1.9463    0.1042    0.1840
    
2023052600
   0    1.6278 -999.9900    3.2675    3.2675    2.5979    0.7093    2.2783    0.1154    0.2617
   0    1.5190 -999.9900    3.0960    3.0960    2.8253    0.5472    2.1269    0.1074    0.2004
   0    1.5867 -999.9900    3.2059    3.2059    2.5926    0.7044    2.2312    0.1089    0.2558
   0    1.5081 -999.9900    3.0760    3.0760    2.7962    0.5766    2.1173    0.1030    0.2024
    
2023052700
   0    1.5286 -999.9900    3.0604    3.0604    2.5296    0.6765    2.1302    0.1020    0.2419
   0    1.4571 -999.9900    2.9588    2.9588    2.7920    0.6016    2.0276    0.0909    0.1946
   0    1.4935 -999.9900    3.0135    3.0135    2.5414    0.6595    2.0909    0.0956    0.2373
   0    1.4386 -999.9900    2.9286    2.9286    2.7709    0.6064    2.0084    0.0872    0.1932
    
2023052800
   0    1.4020 -999.9900    2.8618    2.8618    2.7430    0.5622    1.9616    0.0838    0.1889
   0    1.3940 -999.9900    2.8922    2.8922    2.8708    0.4961    1.9539    0.0820    0.1504
   0    1.3953 -999.9900    2.8689    2.8689    2.7051    0.5486    1.9573    0.0853    0.1811
   0    1.3846 -999.9900    2.8733    2.8733    2.8414    0.5012    1.9406    0.0803    0.1516
    
2023052900
   0    1.4355 -999.9900    2.9787    2.9787    2.6434    0.5882    1.9928    0.0864    0.2036
   0    1.4415 -999.9900    3.0191    3.0191    2.8331    0.5293    2.0236    0.0893    0.1627
   0    1.4199 -999.9900    2.9622    2.9622    2.6552    0.5910    1.9898    0.0823    0.1990
   0    1.4249 -999.9900    2.9885    2.9885    2.8160    0.5427    2.0045    0.0831    0.1631
    
2023053000
   0    1.2785 -999.9900    2.6097    2.6097    2.6677    0.4268    1.7829    0.0744    0.1647
   0    1.3281 -999.9900    2.7524    2.7524    2.8135    0.3520    1.8888    0.0785    0.1408
   0    1.2731 -999.9900    2.6181    2.6181    2.6318    0.4361    1.7949    0.0715    0.1649
   0    1.3066 -999.9900    2.7074    2.7074    2.7860    0.3723    1.8618    0.0738    0.1398
    
2023053100
   0    1.3764 -999.9900    2.8312    2.8312    2.5995    0.3703    1.9201    0.0780    0.2030
   0    1.3974 -999.9900    2.9210    2.9210    2.8292    0.3403    1.9798    0.0797    0.1636
   0    1.3793 -999.9900    2.8622    2.8622    2.5875    0.3603    1.9394    0.0829    0.1994
   0    1.3802 -999.9900    2.8846    2.8846    2.8074    0.3471    1.9562    0.0786    0.1655
    
2023060100
   0    1.3899 -999.9900    2.9007    2.9007    2.6366    0.3305    1.9547    0.0954    0.1809
   0    1.4258 -999.9900    3.0030    3.0030    2.8429    0.3030    2.0317    0.1006    0.1515
   0    1.3711 -999.9900    2.8581    2.8581    2.5914    0.3344    1.9397    0.0935    0.1820
   0    1.3985 -999.9900    2.9433    2.9433    2.7927    0.3059    1.9937    0.0959    0.1530
    
2023060200
   0    1.3821 -999.9900    2.8625    2.8625    2.6049    0.2352    1.9149    0.1035    0.1805
   0    1.3819 -999.9900    2.8977    2.8977    2.8516    0.2569    1.9557    0.0932    0.1458
   0    1.3821 -999.9900    2.8832    2.8832    2.5878    0.2612    1.9212    0.1022    0.1774
   0    1.3732 -999.9900    2.8860    2.8860    2.8116    0.2683    1.9391    0.0899    0.1472
    
2023060300
   0    1.4192 -999.9900    3.0017    3.0017    2.5829    0.1998    1.9932    0.1095    0.1996
   0    1.4614 -999.9900    3.1459    3.1459    2.8435    0.2069    2.0754    0.1017    0.1546
   0    1.3963 -999.9900    2.9455    2.9455    2.5882    0.2051    1.9646    0.1043    0.1920
   0    1.4229 -999.9900    3.0519    3.0519    2.8324    0.2086    2.0245    0.0902    0.1535
    
2023060400
   0    1.3759 -999.9900    2.9353    2.9353    2.5965    0.1808    1.9305    0.0948    0.1784
   0    1.4117 -999.9900    3.0895    3.0895    2.8208    0.2288    1.9780    0.0796    0.1336
   0    1.3590 -999.9900    2.9025    2.9025    2.5900    0.1848    1.9080    0.0915    0.1741
   0    1.3823 -999.9900    3.0176    3.0176    2.7982    0.2215    1.9403    0.0750    0.1343
    
2023060500
   0    1.3284 -999.9900    2.7581    2.7581    2.5738    0.2214    1.8656    0.1000    0.1694
   0    1.3501 -999.9900    2.8769    2.8769    2.8740    0.2740    1.9025    0.0775    0.1349
   0    1.3151 -999.9900    2.7499    2.7499    2.6120    0.2028    1.8531    0.0927    0.1617
   0    1.3253 -999.9900    2.8185    2.8185    2.8669    0.2524    1.8686    0.0749    0.1296
    
2023060600
   0    1.3026 -999.9900    2.7543    2.7543    2.6522    0.1909    1.8313    0.0839    0.1647
   0    1.3134 -999.9900    2.7696    2.7696    2.8741    0.2309    1.8559    0.0764    0.1348
   0    1.2844 -999.9900    2.7273    2.7273    2.6222    0.2210    1.8122    0.0840    0.1590
   0    1.2902 -999.9900    2.7267    2.7267    2.8369    0.2409    1.8247    0.0739    0.1323
    
2023060700
   0    1.3302 -999.9900    2.7588    2.7588    2.6510    0.1312    1.8651    0.0939    0.1777
   0    1.3728 -999.9900    2.9027    2.9027    2.8137    0.1597    1.9468    0.0879    0.1485
   0    1.3079 -999.9900    2.7201    2.7201    2.6320    0.1473    1.8390    0.0898    0.1792
   0    1.3383 -999.9900    2.8201    2.8201    2.8039    0.1638    1.8950    0.0827    0.1456
    
2023060800
   0    1.4014 -999.9900    2.9842    2.9842    2.5953   -0.0103    1.9714    0.1155    0.1718
   0    1.4169 -999.9900    3.0311    3.0311    2.8265    0.0486    2.0238    0.0968    0.1487
   0    1.3871 -999.9900    2.9493    2.9493    2.6039   -0.0089    1.9545    0.1123    0.1656
   0    1.3939 -999.9900    2.9778    2.9778    2.8112    0.0381    1.9861    0.0920    0.1440
    
2023060900
   0    1.2803 -999.9900    2.7000    2.7000    2.4961   -0.0756    1.7922    0.1066    0.1589
   0    1.3208 -999.9900    2.8592    2.8592    2.8534   -0.0117    1.8654    0.0877    0.1203
   0    1.2808 -999.9900    2.7216    2.7216    2.5241   -0.0508    1.8098    0.1025    0.1542
   0    1.3057 -999.9900    2.8245    2.8245    2.8152   -0.0094    1.8519    0.0862    0.1174
    
2023061000
   0    1.2818 -999.9900    2.6923    2.6923    2.5571    0.0275    1.8153    0.1089    0.1686
   0    1.2921 -999.9900    2.7637    2.7637    2.8005    0.1057    1.8275    0.0844    0.1235
   0    1.2682 -999.9900    2.6664    2.6664    2.5286    0.0162    1.8068    0.1073    0.1657
   0    1.2662 -999.9900    2.6964    2.6964    2.7750    0.0833    1.7991    0.0840    0.1188
    
2023061100
   0    1.3176 -999.9900    2.8556    2.8556    2.5058    0.2072    1.8432    0.1034    0.1795
   0    1.3312 -999.9900    2.9413    2.9413    2.7288    0.2781    1.8643    0.0984    0.1333
   0    1.3225 -999.9900    2.8883    2.8883    2.5021    0.2175    1.8548    0.1008    0.1785
   0    1.3165 -999.9900    2.9110    2.9110    2.7186    0.2702    1.8460    0.0941    0.1324
    
2023061200
   0    1.3323 -999.9900    2.8801    2.8801    2.5770    0.2470    1.8849    0.1051    0.1762
   0    1.3475 -999.9900    2.9987    2.9987    2.8092    0.3055    1.9060    0.0869    0.1270
   0    1.3348 -999.9900    2.8782    2.8782    2.5494    0.2621    1.8896    0.1070    0.1776
   0    1.3341 -999.9900    2.9492    2.9492    2.7753    0.3030    1.8890    0.0869    0.1303
    
2023061300
   0    1.4100 -999.9900    3.0407    3.0407    2.5498    0.3912    1.9871    0.1110    0.2018
   0    1.3925 -999.9900    3.0677    3.0677    2.7323    0.4610    1.9804    0.0823    0.1433
   0    1.3991 -999.9900    3.0217    3.0217    2.5228    0.3844    1.9772    0.1063    0.2028
   0    1.3751 -999.9900    3.0213    3.0213    2.7149    0.4428    1.9560    0.0809    0.1441
    
2023061400
   0    1.3105 -999.9900    2.7735    2.7735    2.4992    0.3316    1.8318    0.1073    0.1869
   0    1.3008 -999.9900    2.7875    2.7875    2.7562    0.4195    1.8321    0.0859    0.1278
   0    1.2786 -999.9900    2.7107    2.7107    2.5305    0.3322    1.7993    0.0972    0.1811
   0    1.2751 -999.9900    2.7294    2.7294    2.7413    0.4023    1.7974    0.0814    0.1265
    
2023061500
   0    1.2262 -999.9900    2.6040    2.6040    2.5439    0.4145    1.7205    0.0817    0.1689
   0    1.2274 -999.9900    2.6321    2.6321    2.7573    0.4892    1.7315    0.0691    0.1166
   0    1.2076 -999.9900    2.5742    2.5742    2.5387    0.4226    1.7008    0.0784    0.1617
   0    1.2046 -999.9900    2.5819    2.5819    2.7380    0.4794    1.6975    0.0654    0.1122
    
2023061600
   0    1.2187 -999.9900    2.5451    2.5451    2.4825    0.3633    1.7054    0.0986    0.1607
   0    1.2327 -999.9900    2.6096    2.6096    2.7164    0.4505    1.7296    0.0803    0.1249
   0    1.1970 -999.9900    2.5064    2.5064    2.4748    0.3489    1.6810    0.0950    0.1564
   0    1.2064 -999.9900    2.5492    2.5492    2.6902    0.4244    1.6918    0.0782    0.1204
    
2023061700
   0    1.2269 -999.9900    2.6244    2.6244    2.5562    0.2715    1.7236    0.0891    0.1555
   0    1.2663 -999.9900    2.7508    2.7508    2.7323    0.4453    1.7786    0.0725    0.1405
   0    1.2091 -999.9900    2.5830    2.5830    2.5413    0.3037    1.7004    0.0863    0.1479
   0    1.2370 -999.9900    2.6747    2.6747    2.7170    0.4303    1.7372    0.0705    0.1309
    
2023061800
   0    1.2687 -999.9900    2.7268    2.7268    2.5515    0.3170    1.7649    0.0927    0.1666
   0    1.3152 -999.9900    2.9135    2.9135    2.7480    0.4601    1.8428    0.0741    0.1387
   0    1.2725 -999.9900    2.7353    2.7353    2.5168    0.3367    1.7698    0.0907    0.1674
   0    1.2942 -999.9900    2.8525    2.8525    2.7217    0.4433    1.8108    0.0702    0.1356
    
2023061900
   0    1.3550 -999.9900    2.9171    2.9171    2.5560    0.2081    1.9207    0.1311    0.1618
   0    1.4072 -999.9900    3.0861    3.0861    2.7547    0.3497    1.9969    0.1082    0.1439
   0    1.3216 -999.9900    2.8498    2.8498    2.5525    0.2004    1.8888    0.1165    0.1511
   0    1.3659 -999.9900    2.9935    2.9935    2.7373    0.3165    1.9467    0.1007    0.1342
    
2023062000
   0    1.3984 -999.9900    3.0205    3.0205    2.4939    0.3970    1.9747    0.1177    0.1832
   0    1.4940 -999.9900    3.2957    3.2957    2.7455    0.4856    2.1245    0.1060    0.1557
   0    1.4147 -999.9900    3.0751    3.0751    2.4736    0.3859    1.9996    0.1196    0.1835
   0    1.4787 -999.9900    3.2634    3.2634    2.6971    0.4614    2.0991    0.1067    0.1573
    
2023062100
   0    1.4450 -999.9900    3.1291    3.1291    2.4855    0.3604    2.0308    0.1231    0.1744
   0    1.4792 -999.9900    3.2366    3.2366    2.7057    0.4608    2.0951    0.1084    0.1519
   0    1.4183 -999.9900    3.0829    3.0829    2.4665    0.3362    2.0003    0.1209    0.1675
   0    1.4466 -999.9900    3.1697    3.1697    2.6746    0.4263    2.0509    0.1069    0.1453
    
2023062200
   0    1.3989 -999.9900    2.9819    2.9819    2.4419    0.2721    1.9682    0.1345    0.1733
   0    1.4526 -999.9900    3.1601    3.1601    2.6848    0.3826    2.0607    0.1174    0.1445
   0    1.3988 -999.9900    2.9706    2.9706    2.4308    0.3039    1.9718    0.1288    0.1737
   0    1.4314 -999.9900    3.0951    3.0951    2.6593    0.3796    2.0310    0.1141    0.1419
    
2023062300
   0    1.3180 -999.9900    2.7554    2.7554    2.4237    0.2789    1.8380    0.1192    0.1653
   0    1.3625 -999.9900    2.9486    2.9486    2.6531    0.4006    1.9186    0.0963    0.1319
   0    1.3237 -999.9900    2.7734    2.7734    2.4566    0.2510    1.8513    0.1206    0.1612
   0    1.3467 -999.9900    2.9007    2.9007    2.6494    0.3595    1.8970    0.0970    0.1290
    
2023062400
   0    1.2843 -999.9900    2.6825    2.6825    2.5031    0.1384    1.7987    0.1160    0.1529
   0    1.3186 -999.9900    2.8250    2.8250    2.6904    0.2525    1.8500    0.1011    0.1276
   0    1.2776 -999.9900    2.6802    2.6802    2.4956    0.1382    1.7926    0.1127    0.1544
   0    1.2993 -999.9900    2.7769    2.7769    2.6696    0.2295    1.8201    0.0990    0.1268
    
2023062500
   0    1.2552 -999.9900    2.6879    2.6879    2.4637    0.0189    1.7661    0.1364    0.1481
   0    1.3438 -999.9900    2.9147    2.9147    2.6835    0.1579    1.8746    0.1241    0.1316
   0    1.2483 -999.9900    2.6907    2.6907    2.4488    0.0106    1.7615    0.1266    0.1412
   0    1.3117 -999.9900    2.8523    2.8523    2.6542    0.1255    1.8347    0.1184    0.1218
    
2023062600
   0    1.2412 -999.9900    2.6820    2.6820    2.4073   -0.1085    1.7247    0.1461    0.1399
   0    1.3224 -999.9900    2.8762    2.8762    2.6442    0.0663    1.8438    0.1352    0.1163
   0    1.2076 -999.9900    2.6096    2.6096    2.4266   -0.0955    1.6913    0.1439    0.1215
   0    1.2754 -999.9900    2.7762    2.7762    2.6314    0.0393    1.7855    0.1333    0.1034
    
2023062700
   0    1.1740 -999.9900    2.4734    2.4734    2.4148    0.0785    1.6424    0.1253    0.1275
   0    1.2697 -999.9900    2.7066    2.7066    2.6398    0.2004    1.7774    0.1106    0.1151
   0    1.1671 -999.9900    2.4706    2.4706    2.4222    0.0876    1.6369    0.1226    0.1231
   0    1.2358 -999.9900    2.6388    2.6388    2.6220    0.1812    1.7332    0.1076    0.1075
    
2023062800
   0    1.1251 -999.9900    2.3387    2.3387    2.4166    0.1030    1.5649    0.1045    0.1432
   0    1.1891 -999.9900    2.4741    2.4741    2.6203    0.2663    1.6752    0.0896    0.1162
   0    1.1070 -999.9900    2.3137    2.3137    2.4052    0.0890    1.5498    0.1036    0.1337
   0    1.1507 -999.9900    2.3976    2.3976    2.5923    0.2247    1.6207    0.0878    0.1086
    
2023062900
   0    1.1217 -999.9900    2.4152    2.4152    2.4282   -0.0788    1.5748    0.1109    0.1235
   0    1.1268 -999.9900    2.4251    2.4251    2.5837    0.0795    1.5820    0.0856    0.1024
   0    1.1180 -999.9900    2.4259    2.4259    2.4598   -0.0507    1.5758    0.1037    0.1232
   0    1.1157 -999.9900    2.4139    2.4139    2.5893    0.0563    1.5661    0.0834    0.1001
    
2023063000
   0    1.0988 -999.9900    2.3566    2.3566    2.3824   -0.1387    1.5340    0.1187    0.1151
   0    1.0971 -999.9900    2.3566    2.3566    2.3824   -0.1387    1.5340    0.1187    0.1151
   0    1.0954 -999.9900    2.3853    2.3853    2.4492   -0.1920    1.5332    0.1113    0.0951
   0    1.0866 -999.9900    2.3485    2.3485    2.6109   -0.0120    1.5142    0.0872    0.0824
    
