v6.1 gefs
v6.1 naefs
v7.0 gefs
v7.0 naefs
    
2023040100
   0    3.1273 -999.9900    5.5810    5.5810    4.6505   -0.9815    4.4330    0.2535    0.1234
   0    3.1899 -999.9900    5.7306    5.7306    4.9563   -0.9646    4.5826    0.2267    0.1425
   0    3.2964 -999.9900    5.9077    5.9077    4.7281   -0.9386    4.6728    0.2687    0.1282
   0    3.2712 -999.9900    5.8894    5.8894    4.9462   -0.9422    4.6947    0.2429    0.1405
    
2023040200
   0    3.3166 -999.9900    6.0018    6.0018    4.7465    0.1684    4.7209    0.1867    0.1614
   0    2.9950 -999.9900    5.5197    5.5197    4.8567    0.2543    4.2808    0.1662    0.1337
   0    3.1585 -999.9900    5.7617    5.7617    4.8782   -0.0004    4.5474    0.1802    0.1424
   0    2.9638 -999.9900    5.4630    5.4630    4.9154    0.1359    4.2606    0.1668    0.1280
    
2023040300
   0    3.1663 -999.9900    5.5683    5.5683    4.9277   -0.7592    4.4948    0.2215    0.1498
   0    3.0325 -999.9900    5.2992    5.2992    5.2039   -0.4345    4.3315    0.1890    0.1227
   0    3.0199 -999.9900    5.3051    5.3051    5.0108   -0.4363    4.3075    0.1914    0.1533
   0    2.9810 -999.9900    5.2265    5.2265    5.1597   -0.3057    4.2538    0.1804    0.1298
    
2023040400
   0    2.3901 -999.9900    4.2511    4.2511    4.6298   -0.0915    3.3646    0.1071    0.1233
   0    2.3837 -999.9900    4.2444    4.2444    5.0271   -0.1487    3.3274    0.0979    0.1011
   0    2.3950 -999.9900    4.2880    4.2880    4.5999   -0.1282    3.3906    0.1123    0.1193
   0    2.3940 -999.9900    4.2888    4.2888    4.9135   -0.1592    3.3621    0.1002    0.1048
    
2023040500
   0    2.2830 -999.9900    4.1228    4.1228    4.6510    0.6878    3.1182    0.1034    0.1251
   0    2.1950 -999.9900    4.0123    4.0123    4.9151    0.4104    3.0003    0.0991    0.0874
   0    2.2882 -999.9900    4.2193    4.2193    4.6921    0.7290    3.1659    0.0921    0.1179
   0    2.2176 -999.9900    4.0862    4.0862    4.8924    0.4906    3.0427    0.0929    0.0915
    
2023040600
   0    2.4543 -999.9900    4.6750    4.6750    5.0117    0.3203    3.3804    0.0752    0.1131
   0    2.4919 -999.9900    4.7640    4.7640    5.0592    0.3128    3.3990    0.0789    0.1098
   0    2.4907 -999.9900    4.8004    4.8004    4.9486    0.4209    3.4301    0.0707    0.1174
   0    2.5067 -999.9900    4.8240    4.8240    5.0095    0.3747    3.4212    0.0755    0.1133
    
2023040700
   0    3.3602 -999.9900    5.9148    5.9148    5.1935   -0.4501    4.8312    0.1712    0.1910
   0    3.0793 -999.9900    5.5242    5.5242    5.1168   -0.1568    4.4344    0.1288    0.1713
   0    3.2707 -999.9900    5.7853    5.7853    5.0064   -0.4069    4.7038    0.1689    0.1894
   0    3.0817 -999.9900    5.5351    5.5351    5.0075   -0.1895    4.4465    0.1374    0.1699
    
2023040800
   0    3.0312 -999.9900    5.6993    5.6993    5.0558   -0.4845    4.2760    0.1628    0.1214
   0    3.1046 -999.9900    5.8943    5.8943    5.0420   -0.2857    4.3861    0.1681    0.1158
   0    3.0385 -999.9900    5.7258    5.7258    5.0347   -0.4509    4.3044    0.1622    0.1141
   0    3.0907 -999.9900    5.8629    5.8629    5.0423   -0.3053    4.3776    0.1649    0.1112
    
2023040900
   0    2.4435 -999.9900    4.3496    4.3496    4.9488   -1.2962    3.4673    0.1084    0.0980
   0    2.2581 -999.9900    3.9625    3.9625    5.1241   -0.9248    3.1812    0.0734    0.0842
   0    2.4238 -999.9900    4.3335    4.3335    4.7479   -1.2712    3.4620    0.1114    0.0979
   0    2.2732 -999.9900    4.0257    4.0257    4.9799   -0.9840    3.2331    0.0786    0.0827
    
2023041000
   0    3.0360 -999.9900    5.5728    5.5728    5.0783   -1.5948    4.3665    0.1435    0.1280
   0    2.9231 -999.9900    5.3020    5.3020    5.2990   -1.2516    4.1595    0.1170    0.1390
   0    3.1682 -999.9900    5.8086    5.8086    5.2188   -1.6609    4.5982    0.1439    0.1336
   0    3.0188 -999.9900    5.4894    5.4894    5.3524   -1.3599    4.3313    0.1201    0.1383
    
2023041100
   0    3.2728 -999.9900    5.9803    5.9803    4.9782   -1.5210    4.5963    0.2134    0.1265
   0    3.1271 -999.9900    5.7103    5.7103    5.0432   -1.0518    4.3320    0.1713    0.1254
   0    3.2965 -999.9900    6.0483    6.0483    5.1396   -1.5499    4.7257    0.1916    0.1163
   0    3.1636 -999.9900    5.7894    5.7894    5.1461   -1.1630    4.4611    0.1652    0.1202
    
2023041200
   0    2.9596 -999.9900    5.4511    5.4511    4.5537   -1.3126    4.1833    0.2072    0.1126
   0    3.0909 -999.9900    5.6684    5.6684    4.9578   -1.4399    4.3609    0.2119    0.1058
   0    2.9478 -999.9900    5.4117    5.4117    4.7140   -1.3827    4.1738    0.2007    0.1039
   0    3.0535 -999.9900    5.5984    5.5984    4.9724   -1.4565    4.3158    0.2069    0.1024
    
2023041300
   0    2.5794 -999.9900    4.7314    4.7314    4.4713   -1.0278    3.7209    0.1644    0.1140
   0    2.5563 -999.9900    4.6786    4.6786    4.6577   -1.2909    3.7398    0.1462    0.1044
   0    2.5396 -999.9900    4.6933    4.6933    4.5299   -1.0894    3.6916    0.1517    0.0988
   0    2.5378 -999.9900    4.6661    4.6661    4.6540   -1.2752    3.7209    0.1427    0.0963
    
2023041400
   0    1.9735 -999.9900    3.4561    3.4561    4.3987   -0.4612    2.6433    0.0900    0.1028
   0    2.0050 -999.9900    3.4973    3.4973    4.8116   -0.5411    2.6399    0.0680    0.0870
   0    1.9454 -999.9900    3.4085    3.4085    4.3886   -0.4532    2.6047    0.0817    0.0991
   0    1.9832 -999.9900    3.4720    3.4720    4.7163   -0.5204    2.6157    0.0673    0.0870
    
2023041500
   0    2.5772 -999.9900    4.7520    4.7520    4.4049    0.8356    3.6177    0.0530    0.2064
   0    2.5678 -999.9900    4.7500    4.7500    4.6137    0.7276    3.5973    0.0549    0.1817
   0    2.5603 -999.9900    4.7170    4.7170    4.3849    0.6755    3.6171    0.0640    0.1936
   0    2.5547 -999.9900    4.7221    4.7221    4.5682    0.6531    3.5919    0.0605    0.1799
    
2023041600
   0    3.0687 -999.9900    5.5773    5.5773    4.8613    0.3958    4.3946    0.1311    0.1917
   0    3.0552 -999.9900    5.5917    5.5917    5.0546    0.8879    4.4421    0.0997    0.1952
   0    2.9704 -999.9900    5.3869    5.3869    4.8296    0.5294    4.2305    0.1258    0.1919
   0    2.9985 -999.9900    5.4809    5.4809    4.9916    0.8696    4.3311    0.1061    0.1933
    
2023041700
   0    3.0259 -999.9900    5.4492    5.4492    4.6642    0.7833    4.2147    0.1053    0.2444
   0    2.7599 -999.9900    5.0592    5.0592    4.8492    0.9550    3.8694    0.0814    0.2136
   0    3.0304 -999.9900    5.4761    5.4761    4.8073    0.9807    4.2303    0.0950    0.2461
   0    2.8119 -999.9900    5.1514    5.1514    4.9004    1.0391    3.9479    0.0794    0.2196
    
2023041800
   0    3.1115 -999.9900    5.6240    5.6240    4.6240    0.2257    4.3633    0.1610    0.1878
   0    3.0534 -999.9900    5.5147    5.5147    4.7307    0.1576    4.2848    0.1586    0.1884
   0    3.1877 -999.9900    5.7814    5.7814    4.6262    0.3480    4.4708    0.1530    0.2018
   0    3.1047 -999.9900    5.6213    5.6213    4.7248    0.2446    4.3548    0.1521    0.1969
    
2023041900
   0    2.8692 -999.9900    5.1256    5.1256    5.1662    1.3210    4.0579    0.0570    0.2245
   0    2.9773 -999.9900    5.2994    5.2994    5.1698    1.5904    4.1893    0.0604    0.2394
   0    2.9373 -999.9900    5.3005    5.3005    5.0218    1.1698    4.1615    0.0672    0.2212
   0    2.9829 -999.9900    5.3432    5.3432    5.1107    1.4458    4.2021    0.0659    0.2320
    
2023042000
   1 -999.9900 -999.9900 -999.9900 -999.9900 -999.9900 -999.9900 -999.9900 -999.9900 -999.9900
   0    3.3112 -999.9900    6.2451    6.2451    5.1295    3.1168    4.6274    0.0238    0.2677
   1 -999.9900 -999.9900 -999.9900 -999.9900 -999.9900 -999.9900 -999.9900 -999.9900 -999.9900
   0    3.8412 -999.9900    7.0906    7.0906    5.1065    3.7494    5.2071    0.0353    0.3192
    
2023042100
   0    3.7359 -999.9900    7.2242    7.2242    5.0037    3.6370    5.0624    0.0448    0.2983
   0    4.0600 -999.9900    7.6175    7.6175    5.1471    3.9843    5.4829    0.0466    0.3351
   0    3.8600 -999.9900    7.4126    7.4126    4.9720    3.7633    5.2257    0.0469    0.3036
   0    4.0635 -999.9900    7.6317    7.6317    5.1268    3.9906    5.5018    0.0457    0.3320
    
2023042200
   0    2.9539 -999.9900    5.7206    5.7206    4.8762    3.0302    4.2142    0.0357    0.2182
   0    3.2206 -999.9900    6.2633    6.2633    5.1940    3.4481    4.5843    0.0304    0.2406
   0    3.0029 -999.9900    5.7961    5.7961    4.9111    3.0874    4.3214    0.0334    0.2156
   0    3.1986 -999.9900    6.2043    6.2043    5.1462    3.3989    4.5686    0.0301    0.2430
    
2023042300
   0    2.8210 -999.9900    5.1544    5.1544    4.8280    1.7973    3.8818    0.0501    0.2231
   0    2.8964 -999.9900    5.2877    5.2877    5.0568    1.8596    4.0032    0.0418    0.2174
   0    2.9048 -999.9900    5.3060    5.3060    4.8216    1.9646    3.9967    0.0416    0.2360
   0    2.9379 -999.9900    5.3644    5.3644    4.9926    1.9475    4.0576    0.0375    0.2263
    
2023042400
   0    2.7455 -999.9900    4.6882    4.6882    5.1407    0.1737    3.7743    0.0595    0.2071
   0    2.6814 -999.9900    4.4799    4.4799    5.1368    0.5342    3.6874    0.0428    0.2111
   0    2.6155 -999.9900    4.3938    4.3938    5.0046    0.3129    3.5670    0.0448    0.2114
   0    2.6132 -999.9900    4.3359    4.3359    5.0622    0.5456    3.5654    0.0393    0.2118
    
2023042500
   0    2.6890 -999.9900    4.7615    4.7615    5.1029    0.6002    3.7560    0.0483    0.2100
   0    2.5492 -999.9900    4.5314    4.5314    5.1034    0.8570    3.5033    0.0430    0.1951
   0    2.6394 -999.9900    4.6726    4.6726    4.9748    0.4650    3.7038    0.0576    0.1974
   0    2.5408 -999.9900    4.5121    4.5121    5.0378    0.7245    3.5166    0.0471    0.1895
    
2023042600
   0    2.8564 -999.9900    5.1380    5.1380    4.8614    0.2112    4.0436    0.1249    0.1744
   0    2.7285 -999.9900    4.8235    4.8235    5.1478    0.7638    3.8340    0.0891    0.1682
   0    2.9481 -999.9900    5.3278    5.3278    4.7602    0.2764    4.1597    0.1236    0.1906
   0    2.7885 -999.9900    4.9731    4.9731    5.0693    0.6924    3.9371    0.0862    0.1790
    
2023042700
   0    2.3225 -999.9900    4.0731    4.0731    4.2713    0.2387    3.2621    0.1190    0.1489
   0    2.3558 -999.9900    4.1489    4.1489    4.8177    0.2471    3.3293    0.0950    0.0965
   0    2.2436 -999.9900    3.9529    3.9529    4.4490    0.4520    3.1520    0.0973    0.1245
   0    2.3021 -999.9900    4.0648    4.0648    4.8063    0.3734    3.2592    0.0881    0.0908
    
2023042800
   0    2.0985 -999.9900    3.6464    3.6464    5.0430    1.0516    2.8857    0.0458    0.1140
   0    2.1353 -999.9900    3.7539    3.7539    5.2232    1.0091    2.8918    0.0562    0.0946
   0    2.0809 -999.9900    3.6398    3.6398    4.9443    1.1491    2.8634    0.0438    0.1034
   0    2.1176 -999.9900    3.7319    3.7319    5.1281    1.0761    2.8790    0.0515    0.0969
    
2023042900
   0    2.6779 -999.9900    4.8957    4.8957    4.7599    1.0804    3.7891    0.0932    0.1948
   0    2.7723 -999.9900    5.2061    5.2061    5.2367    1.4643    3.8755    0.0722    0.1885
   0    2.7719 -999.9900    5.0452    5.0452    4.7123    1.2662    3.9040    0.0944    0.2077
   0    2.8014 -999.9900    5.2277    5.2277    5.1209    1.4990    3.9135    0.0769    0.1961
    
2023043000
   0    2.3415 -999.9900    4.1839    4.1839    4.8415    1.6349    3.3189    0.0337    0.1903
   0    2.3887 -999.9900    4.3584    4.3584    4.8573    1.7592    3.4331    0.0252    0.1770
   0    2.2754 -999.9900    4.0571    4.0571    4.7963    1.5031    3.2328    0.0357    0.1680
   0    2.3294 -999.9900    4.2383    4.2383    4.8389    1.6553    3.3534    0.0262    0.1638
    
2023050100
   0    2.3022 -999.9900    4.2544    4.2544    4.5367   -0.6475    3.2431    0.1145    0.0977
   0    2.1972 -999.9900    3.9777    3.9777    4.7634   -0.2031    2.9979    0.0900    0.1010
   0    2.1963 -999.9900    4.0284    4.0284    4.4933   -0.4346    3.0576    0.0992    0.1021
   0    2.1558 -999.9900    3.8981    3.8981    4.6889   -0.1642    2.9325    0.0864    0.1015
    
2023050200
   0    2.4194 -999.9900    4.2674    4.2674    4.2549   -0.4629    3.4136    0.1231    0.1714
   0    2.1436 -999.9900    3.7525    3.7525    4.5484   -0.3380    3.0219    0.0928    0.1091
   0    2.3271 -999.9900    4.0925    4.0925    4.4528   -0.3959    3.2697    0.1006    0.1618
   0    2.1395 -999.9900    3.7462    3.7462    4.6017   -0.3227    3.0084    0.0816    0.1114
    
2023050300
   0    2.3295 -999.9900    4.1868    4.1868    4.3942   -0.8545    3.4136    0.1009    0.1205
   0    2.1468 -999.9900    3.8386    3.8386    4.5971   -0.5220    3.0985    0.0751    0.1018
   0    2.2252 -999.9900    4.0170    4.0170    4.3385   -0.6278    3.2684    0.0810    0.1166
   0    2.1213 -999.9900    3.8017    3.8017    4.5252   -0.4524    3.0803    0.0663    0.1032
    
2023050400
   0    2.2638 -999.9900    3.8862    3.8862    4.3295   -0.8155    3.0860    0.1521    0.0908
   0    2.3527 -999.9900    4.0810    4.0810    4.4901   -0.7167    3.2483    0.1537    0.0908
   0    2.2865 -999.9900    3.9217    3.9217    4.3735   -0.7607    3.1046    0.1476    0.0935
   0    2.3474 -999.9900    4.0652    4.0652    4.4814   -0.7036    3.2256    0.1509    0.0919
    
2023050500
   0    2.4636 -999.9900    4.4503    4.4503    4.7424   -0.3989    3.5576    0.1375    0.1016
   0    2.4969 -999.9900    4.5334    4.5334    4.7897   -0.5912    3.6344    0.1379    0.1004
   0    2.4846 -999.9900    4.4994    4.4994    4.6876   -0.4175    3.6034    0.1283    0.0973
   0    2.5072 -999.9900    4.5567    4.5567    4.7375   -0.5639    3.6544    0.1351    0.0988
    
2023050600
   0    2.3796 -999.9900    4.2136    4.2136    4.6650    0.2062    3.3185    0.1181    0.1380
   0    2.3953 -999.9900    4.2499    4.2499    4.7359    0.2827    3.3199    0.1203    0.1295
   0    2.3489 -999.9900    4.1977    4.1977    4.7331    0.2416    3.2484    0.1016    0.1345
   0    2.3546 -999.9900    4.1915    4.1915    4.7990    0.2887    3.2541    0.1010    0.1262
    
2023050700
   0    2.5558 -999.9900    4.3428    4.3428    5.1186    1.0085    3.3914    0.1185    0.1678
   0    2.3119 -999.9900    3.9711    3.9711    4.9110    0.7424    3.0939    0.1106    0.1301
   0    2.4745 -999.9900    4.2320    4.2320    5.0583    0.8977    3.3006    0.1023    0.1574
   0    2.3152 -999.9900    3.9835    3.9835    4.9120    0.7291    3.1022    0.1033    0.1305
    
2023050800
   0    2.7534 -999.9900    5.0257    5.0257    4.5630   -0.1115    3.9052    0.1272    0.1647
   0    2.8086 -999.9900    5.2029    5.2029    4.6808   -0.4222    4.0290    0.1387    0.1588
   0    2.8407 -999.9900    5.3014    5.3014    4.8105   -0.0831    4.0832    0.1145    0.1655
   0    2.8549 -999.9900    5.3461    5.3461    4.7845   -0.3430    4.1155    0.1311    0.1606
    
2023050900
   0    2.7790 -999.9900    5.2951    5.2951    4.5738   -0.2095    3.9315    0.1435    0.1378
   0    2.6888 -999.9900    5.0161    5.0161    4.7160   -0.5224    3.7928    0.1509    0.1133
   0    2.6849 -999.9900    5.1031    5.1031    4.4627    0.0036    3.7781    0.1301    0.1431
   0    2.6444 -999.9900    4.9491    4.9491    4.6285   -0.3320    3.7228    0.1413    0.1173
    
2023051000
   0    2.4731 -999.9900    4.5878    4.5878    4.4755    0.2390    3.4561    0.1112    0.1305
   0    2.5926 -999.9900    4.7826    4.7826    4.5188   -0.2111    3.6508    0.1505    0.1142
   0    2.6176 -999.9900    4.8755    4.8755    4.5303    0.0873    3.7202    0.1184    0.1392
   0    2.6635 -999.9900    4.9418    4.9418    4.5109   -0.2121    3.7752    0.1508    0.1210
    
2023051100
   0    2.4423 -999.9900    4.3426    4.3426    4.5385    0.2190    3.1999    0.1398    0.1082
   0    2.5490 -999.9900    4.5239    4.5239    4.7902    0.1553    3.3133    0.1438    0.1141
   0    2.3781 -999.9900    4.2063    4.2063    4.5801    0.1625    3.0739    0.1340    0.1055
   0    2.4878 -999.9900    4.4066    4.4066    4.7664    0.1342    3.2149    0.1368    0.1112
    
2023051200
   1 -999.9900 -999.9900 -999.9900 -999.9900 -999.9900 -999.9900 -999.9900 -999.9900 -999.9900
   1 -999.9900 -999.9900 -999.9900 -999.9900 -999.9900 -999.9900 -999.9900 -999.9900 -999.9900
   1 -999.9900 -999.9900 -999.9900 -999.9900 -999.9900 -999.9900 -999.9900 -999.9900 -999.9900
   1 -999.9900 -999.9900 -999.9900 -999.9900 -999.9900 -999.9900 -999.9900 -999.9900 -999.9900
    
2023051300
   0    2.2115 -999.9900    3.8470    3.8470    4.5277   -0.2769    3.0645    0.0884    0.1177
   0    2.1196 -999.9900    3.6415    3.6415    4.8516    0.0235    2.8970    0.0621    0.0979
   0    2.2396 -999.9900    3.8707    3.8707    4.5394   -0.0250    3.0977    0.0905    0.1228
   0    2.1602 -999.9900    3.7223    3.7223    4.7750    0.1146    2.9715    0.0642    0.1095
    
2023051400
   0    2.5678 -999.9900    4.5986    4.5986    4.2344   -0.0592    3.6887    0.1238    0.1747
   0    2.4762 -999.9900    4.4228    4.4228    4.5532   -0.2262    3.5060    0.1224    0.1149
   0    2.4788 -999.9900    4.4131    4.4131    4.2678    0.0192    3.5621    0.1191    0.1452
   0    2.4312 -999.9900    4.3348    4.3348    4.5183   -0.1457    3.4540    0.1126    0.1095
    
2023051500
   0    2.2029 -999.9900    3.8403    3.8403    4.2149   -0.5809    3.0816    0.1421    0.0850
   0    2.1636 -999.9900    3.7470    3.7470    4.6464   -0.6424    2.9772    0.1300    0.0715
   0    2.1453 -999.9900    3.7308    3.7308    4.1543   -0.3420    3.0347    0.1212    0.0905
   0    2.1320 -999.9900    3.6989    3.6989    4.5288   -0.4867    2.9682    0.1198    0.0731
    
2023051600
   0    2.6491 -999.9900    4.7340    4.7340    4.4382    0.2558    3.8345    0.1237    0.1468
   0    2.5004 -999.9900    4.5122    4.5122    4.5121   -0.3186    3.6175    0.1524    0.0975
   0    2.6196 -999.9900    4.7073    4.7073    4.5713    0.1134    3.7906    0.1261    0.1317
   0    2.5147 -999.9900    4.5472    4.5472    4.5690   -0.2892    3.6353    0.1452    0.0946
    
2023051700
   0    2.3363 -999.9900    4.1144    4.1144    4.4967   -0.5806    3.2952    0.1495    0.0990
   0    2.2280 -999.9900    3.9183    3.9183    4.4798   -0.4922    3.1551    0.1347    0.0848
   0    2.2593 -999.9900    3.9712    3.9712    4.4527   -0.5582    3.1949    0.1425    0.0900
   0    2.2055 -999.9900    3.8742    3.8742    4.4531   -0.4964    3.1236    0.1329    0.0810
    
2023051800
   0    1.9449 -999.9900    3.4181    3.4181    4.3292    0.0954    2.7028    0.0982    0.0669
   0    1.9082 -999.9900    3.3196    3.3196    4.2948   -0.2060    2.6252    0.1048    0.0505
   0    1.9512 -999.9900    3.4460    3.4460    4.2771   -0.0259    2.6970    0.1049    0.0523
   0    1.9181 -999.9900    3.3513    3.3513    4.2752   -0.2185    2.6369    0.1060    0.0454
    
2023051900
   0    2.4836 -999.9900    4.4207    4.4207    4.5859    0.5972    3.4971    0.1102    0.1509
   0    2.5064 -999.9900    4.4724    4.4724    4.4640    0.1290    3.5291    0.1306    0.1559
   0    2.4122 -999.9900    4.3225    4.3225    4.5080    0.4650    3.4191    0.1096    0.1344
   0    2.4596 -999.9900    4.4012    4.4012    4.4451    0.1433    3.4786    0.1248    0.1442
    
2023052000
   0    2.5757 -999.9900    4.7299    4.7299    4.0591   -0.4909    3.5112    0.1924    0.0994
   0    2.6638 -999.9900    4.8719    4.8719    4.2323   -0.6580    3.6644    0.2056    0.1052
   0    2.5074 -999.9900    4.6606    4.6606    4.1124   -0.5503    3.4792    0.1721    0.1007
   0    2.5902 -999.9900    4.7781    4.7781    4.2572   -0.6602    3.5933    0.1860    0.1016
    
2023052100
   0    2.5400 -999.9900    4.6659    4.6659    4.1687    0.1844    3.5550    0.1370    0.1311
   0    2.5234 -999.9900    4.6511    4.6511    4.3351    0.0503    3.5980    0.1382    0.1261
   0    2.4595 -999.9900    4.5633    4.5633    4.1530    0.2086    3.4867    0.1185    0.1234
   0    2.4705 -999.9900    4.5768    4.5768    4.3099    0.0917    3.5345    0.1260    0.1208
    
2023052200
   0    2.1833 -999.9900    3.9203    3.9203    4.2137    0.3548    3.0096    0.1553    0.0929
   0    2.1841 -999.9900    3.8421    3.8421    4.2459    0.0500    2.9946    0.1650    0.0850
   0    2.2144 -999.9900    3.9827    3.9827    4.1287    0.4101    3.1019    0.1400    0.0987
   0    2.1936 -999.9900    3.8824    3.8824    4.2024    0.1442    3.0443    0.1537    0.0880
    
2023052300
   0    2.1548 -999.9900    3.9558    3.9558    4.2743    0.5497    2.9227    0.0927    0.1146
   0    2.1175 -999.9900    3.8954    3.8954    4.0928    0.4769    2.8719    0.1007    0.1142
   0    2.0687 -999.9900    3.7713    3.7713    4.3082    0.4455    2.7959    0.0934    0.1027
   0    2.0692 -999.9900    3.7935    3.7935    4.1540    0.4290    2.8032    0.0949    0.1063
    
2023052400
   0    1.8999 -999.9900    3.3445    3.3445    3.8571   -0.3612    2.6118    0.0908    0.1128
   0    1.8449 -999.9900    3.2290    3.2290    3.8693   -0.4298    2.5137    0.0922    0.1025
   0    1.9128 -999.9900    3.3573    3.3573    3.9791   -0.3876    2.6464    0.0827    0.1065
   0    1.8569 -999.9900    3.2383    3.2383    3.9578   -0.4320    2.5358    0.0839    0.1008
    
2023052500
   0    2.4536 -999.9900    4.5500    4.5500    3.9041   -0.8264    3.5289    0.1778    0.1120
   0    2.6342 -999.9900    4.8937    4.8937    3.9365   -1.1242    3.7676    0.2125    0.1148
   0    2.3881 -999.9900    4.4465    4.4465    3.7722   -0.6676    3.4394    0.1641    0.1177
   0    2.5531 -999.9900    4.7534    4.7534    3.8721   -0.9693    3.6609    0.1931    0.1168
    
2023052600
   0    2.9991 -999.9900    5.4391    5.4391    4.2077   -0.8898    4.3019    0.1936    0.1742
   0    2.9701 -999.9900    5.3941    5.3941    4.0957   -0.9753    4.2593    0.2283    0.1666
   0    2.9332 -999.9900    5.3298    5.3298    4.1208   -0.8761    4.1973    0.2020    0.1691
   0    2.9366 -999.9900    5.3356    5.3356    4.0687   -0.9499    4.2065    0.2230    0.1634
    
2023052700
   0    2.7667 -999.9900    4.9075    4.9075    4.0432   -1.0967    3.9491    0.2299    0.1336
   0    2.8385 -999.9900    5.0409    5.0409    4.1184   -1.1086    4.0491    0.2279    0.1476
   0    2.7491 -999.9900    4.8972    4.8972    4.0150   -1.0685    3.9450    0.2196    0.1327
   0    2.8157 -999.9900    5.0087    5.0087    4.0865   -1.0893    4.0229    0.2235    0.1440
    
2023052800
   0    3.3139 -999.9900    5.8758    5.8758    4.3218   -2.4384    4.6734    0.3198    0.0891
   0    3.3215 -999.9900    5.7607    5.7607    4.0585   -2.3758    4.6862    0.3354    0.1088
   0    3.1101 -999.9900    5.5692    5.5692    4.3017   -2.3531    4.4502    0.2949    0.0884
   0    3.1911 -999.9900    5.6005    5.6005    4.0988   -2.3371    4.5497    0.3163    0.1024
    
2023052900
   0    3.4429 -999.9900    6.0507    6.0507    4.3764   -3.8973    4.9226    0.3822    0.0460
   0    3.2969 -999.9900    5.8046    5.8046    4.2818   -3.7290    4.7572    0.3691    0.0454
   0    3.2423 -999.9900    5.7299    5.7299    4.2632   -3.6246    4.6488    0.3597    0.0407
   0    3.2015 -999.9900    5.6539    5.6539    4.2387   -3.5991    4.6182    0.3565    0.0414
    
2023053000
   0    2.4978 -999.9900    4.3048    4.3048    3.6992   -2.0813    3.6344    0.2885    0.0752
   0    2.6053 -999.9900    4.5756    4.5756    4.2322   -2.3844    3.8520    0.2634    0.0545
   0    2.4773 -999.9900    4.3003    4.3003    3.7663   -2.0597    3.6413    0.2756    0.0709
   0    2.5785 -999.9900    4.5292    4.5292    4.1548   -2.3108    3.8186    0.2539    0.0557
    
2023053100
   0    2.2883 -999.9900    4.0406    4.0406    3.9137   -1.4909    3.2960    0.1924    0.0790
   0    2.1713 -999.9900    3.8412    3.8412    4.0122   -1.3769    3.1260    0.1827    0.0570
   0    2.2862 -999.9900    4.0591    4.0591    3.9060   -1.5333    3.2854    0.1945    0.0779
   0    2.1882 -999.9900    3.8824    3.8824    3.9987   -1.4252    3.1428    0.1834    0.0635
    
2023060100
   0    2.4499 -999.9900    4.2760    4.2760    4.2372   -0.6195    3.5130    0.1883    0.0896
   0    2.5332 -999.9900    4.4523    4.4523    4.1766   -0.6297    3.6394    0.2045    0.1041
   0    2.4313 -999.9900    4.2583    4.2583    4.2248   -0.5349    3.4679    0.1762    0.0908
   0    2.4989 -999.9900    4.3982    4.3982    4.1912   -0.5768    3.5852    0.1969    0.0994
    
2023060200
   0    2.4587 -999.9900    4.3732    4.3732    4.1096   -1.1874    3.5430    0.1717    0.1011
   0    2.4828 -999.9900    4.3928    4.3928    4.1034   -1.2348    3.5427    0.1998    0.0988
   0    2.4537 -999.9900    4.3335    4.3335    4.1783   -1.2238    3.5287    0.1716    0.0967
   0    2.4764 -999.9900    4.3749    4.3749    4.1351   -1.2472    3.5425    0.1908    0.0954
    
2023060300
   0    2.4949 -999.9900    4.5773    4.5773    4.0849   -1.6069    3.5202    0.2020    0.0789
   0    2.4022 -999.9900    4.4044    4.4044    4.1339   -1.4486    3.4274    0.1869    0.0689
   0    2.4161 -999.9900    4.4751    4.4751    4.0416   -1.5573    3.4357    0.1949    0.0736
   0    2.3660 -999.9900    4.3621    4.3621    4.1143   -1.4505    3.3874    0.1813    0.0657
    
2023060400
   0    2.0645 -999.9900    3.6823    3.6823    4.3511   -0.4141    2.9363    0.1136    0.0612
   0    2.0244 -999.9900    3.5275    3.5275    4.4253   -0.3989    2.8508    0.1237    0.0561
   0    2.0130 -999.9900    3.5501    3.5501    4.4454   -0.4684    2.8194    0.1120    0.0560
   0    2.0008 -999.9900    3.4752    3.4752    4.4674   -0.4346    2.7959    0.1214    0.0536
    
2023060500
   0    2.7564 -999.9900    4.9681    4.9681    4.5494   -0.1511    3.9098    0.1602    0.1241
   0    2.6984 -999.9900    4.8170    4.8170    4.4846    0.1044    3.7877    0.1511    0.1285
   0    2.6316 -999.9900    4.7617    4.7617    4.5249   -0.3556    3.6980    0.1529    0.0994
   0    2.6302 -999.9900    4.7114    4.7114    4.4942   -0.0695    3.6746    0.1503    0.1148
    
2023060600
   0    2.5872 -999.9900    4.5731    4.5731    4.4213   -0.2760    3.6546    0.1530    0.1267
   0    2.5949 -999.9900    4.5435    4.5435    4.4562    0.1067    3.6748    0.1315    0.1456
   0    2.5537 -999.9900    4.5509    4.5509    4.3797   -0.2900    3.5591    0.1546    0.1211
   0    2.5509 -999.9900    4.4914    4.4914    4.4710    0.0217    3.5915    0.1299    0.1354
    
2023060700
   0    2.5801 -999.9900    4.5686    4.5686    4.3499   -0.1765    3.7389    0.1487    0.1192
   0    2.7186 -999.9900    4.7703    4.7703    4.2391   -0.1489    3.9280    0.1692    0.1503
   0    2.6106 -999.9900    4.6094    4.6094    4.1579   -0.3533    3.7740    0.1769    0.1250
   0    2.7059 -999.9900    4.7525    4.7525    4.1490   -0.2605    3.9067    0.1771    0.1478
    
2023060800
   0    2.3315 -999.9900    4.2001    4.2001    4.3642   -0.1552    3.3728    0.0680    0.1177
   0    2.4108 -999.9900    4.3581    4.3581    4.4044   -0.1871    3.5304    0.0933    0.1374
   1 -999.9900 -999.9900 -999.9900 -999.9900 -999.9900 -999.9900 -999.9900 -999.9900 -999.9900
   0    2.4270 -999.9900    4.3997    4.3997    4.3266   -0.2764    3.5516    0.1011    0.1373
    
2023060900
   0    1.9848 -999.9900    3.4993    3.4993    3.8375   -0.2230    2.8012    0.0964    0.1161
   0    2.0352 -999.9900    3.5717    3.5717    3.9174   -0.0870    2.8609    0.0929    0.1234
   0    1.9451 -999.9900    3.4142    3.4142    4.1982   -0.2701    2.7473    0.0612    0.0963
   0    1.9921 -999.9900    3.4869    3.4869    4.1329   -0.1424    2.8021    0.0712    0.1078
    
2023061000
   0    1.6175 -999.9900    2.8065    2.8065    3.8263   -0.0210    2.1520    0.0650    0.0813
   0    1.6146 -999.9900    2.7229    2.7229    4.0119    0.2159    2.1131    0.0582    0.0834
   0    1.6838 -999.9900    2.9128    2.9128    4.1080   -0.3667    2.2581    0.0591    0.0729
   0    1.6413 -999.9900    2.7682    2.7682    4.1635   -0.0389    2.1587    0.0536    0.0743
    
2023061100
   0    2.2851 -999.9900    4.2497    4.2497    4.2145   -0.5663    3.1866    0.1401    0.0917
   0    2.3331 -999.9900    4.3692    4.3692    4.0863   -0.5199    3.2685    0.1537    0.0982
   0    2.3064 -999.9900    4.3291    4.3291    4.3390   -0.6438    3.2467    0.1300    0.0917
   0    2.3322 -999.9900    4.3876    4.3876    4.1937   -0.5757    3.2804    0.1446    0.0954
    
2023061200
   0    2.5737 -999.9900    4.7185    4.7185    4.1751   -1.9289    3.7147    0.2097    0.0700
   0    2.4765 -999.9900    4.4339    4.4339    4.2545   -1.7531    3.5655    0.1958    0.0767
   0    2.5692 -999.9900    4.6857    4.6857    4.2422   -1.7906    3.7350    0.1834    0.0842
   0    2.4866 -999.9900    4.4736    4.4736    4.2755   -1.7053    3.6107    0.1769    0.0775
    
2023061300
   0    2.9969 -999.9900    5.1983    5.1983    3.9554   -1.9653    4.2071    0.3271    0.0930
   0    2.5549 -999.9900    4.4367    4.4367    4.0331   -1.8640    3.6146    0.2851    0.0408
   0    2.9563 -999.9900    5.1166    5.1166    3.9934   -2.0585    4.1748    0.3153    0.0825
   0    2.6183 -999.9900    4.5463    4.5463    4.0367   -1.9402    3.7180    0.2863    0.0433
    
2023061400
   0    3.2866 -999.9900    5.5840    5.5840    4.0235   -1.1722    4.4866    0.3148    0.1389
   0    3.0957 -999.9900    5.4274    5.4274    4.2711   -0.7750    4.3046    0.2796    0.1235
   0    3.2272 -999.9900    5.5297    5.5297    4.1545   -1.2012    4.4378    0.2989    0.1233
   0    3.0822 -999.9900    5.3964    5.3964    4.3338   -0.8718    4.2874    0.2753    0.1163
    
2023061500
   0    2.5297 -999.9900    4.5336    4.5336    3.6187   -1.1552    3.5317    0.2613    0.0889
   0    2.3556 -999.9900    4.2735    4.2735    3.9498   -1.0084    3.3179    0.2172    0.0719
   0    2.3932 -999.9900    4.3149    4.3149    3.7397   -1.0517    3.3755    0.2140    0.0879
   0    2.3081 -999.9900    4.1895    4.1895    3.9528   -0.9757    3.2592    0.1977    0.0717
    
2023061600
   0    2.7391 -999.9900    5.0121    5.0121    3.8349   -0.6677    3.7839    0.1843    0.1374
   0    2.7896 -999.9900    5.0841    5.0841    4.0234   -0.7515    3.8595    0.1820    0.1426
   0    2.8060 -999.9900    5.1136    5.1136    3.8169   -0.7173    3.8726    0.1902    0.1370
   0    2.8145 -999.9900    5.1245    5.1245    3.9829   -0.7646    3.8936    0.1869    0.1384
    
2023061700
   0    3.2799 -999.9900    5.8753    5.8753    4.3228   -1.1092    4.5404    0.2625    0.1361
   0    3.2489 -999.9900    5.8608    5.8608    4.2900   -0.7631    4.5064    0.2453    0.1544
   0    3.2620 -999.9900    5.9294    5.9294    4.1856   -1.0107    4.5380    0.2563    0.1370
   0    3.2487 -999.9900    5.9037    5.9037    4.2051   -0.7732    4.5169    0.2463    0.1532
    
2023061800
   0    3.0160 -999.9900    5.5594    5.5594    4.1122   -0.4417    4.2509    0.2371    0.1430
   0    3.0247 -999.9900    5.5539    5.5539    4.1482   -0.5646    4.2530    0.2608    0.1285
   0    3.0703 -999.9900    5.6428    5.6428    4.1515   -0.5530    4.3141    0.2306    0.1390
   0    3.0562 -999.9900    5.6085    5.6085    4.1596   -0.6068    4.2892    0.2495    0.1274
    
2023061900
   0    2.5320 -999.9900    4.4089    4.4089    3.8976   -0.6167    3.5775    0.2515    0.0938
   0    2.6509 -999.9900    4.7384    4.7384    4.0304   -0.4120    3.7803    0.2302    0.1129
   0    2.5370 -999.9900    4.4684    4.4684    3.9527   -0.4534    3.5874    0.2267    0.1048
   0    2.6352 -999.9900    4.7122    4.7122    4.0306   -0.3549    3.7533    0.2210    0.1149
    
2023062000
   0    2.1873 -999.9900    3.8346    3.8346    3.9938   -0.8433    3.0994    0.2006    0.0511
   0    2.0752 -999.9900    3.5869    3.5869    3.9569   -0.7492    2.9273    0.1893    0.0488
   0    2.1678 -999.9900    3.8039    3.8039    4.0503   -0.6832    3.1169    0.1798    0.0401
   0    2.0906 -999.9900    3.6310    3.6310    3.9866   -0.6720    2.9756    0.1813    0.0473
    
2023062100
   0    1.9673 -999.9900    3.5486    3.5486    4.0685    0.1875    2.7756    0.0868    0.0891
   0    1.9772 -999.9900    3.5699    3.5699    3.9431    0.2671    2.7994    0.0841    0.1022
   0    1.9571 -999.9900    3.5060    3.5060    4.0211    0.0719    2.7544    0.0941    0.0891
   0    1.9645 -999.9900    3.5324    3.5324    3.9475    0.1819    2.7769    0.0834    0.0978
    
2023062200
   0    1.8610 -999.9900    3.3240    3.3240    3.8205   -0.4648    2.5327    0.1137    0.0756
   0    1.7775 -999.9900    3.1669    3.1669    3.7802   -0.2639    2.3899    0.1161    0.0683
   0    1.7780 -999.9900    3.1901    3.1901    3.7659   -0.3881    2.4293    0.1006    0.0697
   0    1.7423 -999.9900    3.1123    3.1123    3.7591   -0.2581    2.3532    0.1079    0.0657
    
2023062300
   0    2.2085 -999.9900    3.9758    3.9758    3.8446    0.3792    3.2149    0.1158    0.1386
   0    2.2434 -999.9900    4.0442    4.0442    3.9027    0.1021    3.2750    0.1362    0.1191
   0    2.1635 -999.9900    3.8882    3.8882    3.8127    0.3049    3.1296    0.1246    0.1228
   0    2.2092 -999.9900    3.9788    3.9788    3.8726    0.1129    3.2109    0.1341    0.1159
    
2023062400
   0    1.8910 -999.9900    3.4046    3.4046    3.9160    0.1896    2.6160    0.0803    0.1063
   0    2.0063 -999.9900    3.6129    3.6129    4.0522    0.1263    2.7848    0.0906    0.1171
   0    1.9035 -999.9900    3.4694    3.4694    3.7118    0.0868    2.6728    0.0874    0.1131
   0    1.9915 -999.9900    3.6104    3.6104    3.9077    0.0773    2.7901    0.0923    0.1174
    
2023062500
   0    2.3034 -999.9900    4.1839    4.1839    3.5950    0.1118    3.3043    0.1574    0.1447
   0    2.3234 -999.9900    4.2130    4.2130    3.6172    0.0687    3.3158    0.1687    0.1403
   0    2.2903 -999.9900    4.1344    4.1344    3.6746    0.0867    3.2804    0.1510    0.1472
   0    2.3069 -999.9900    4.1693    4.1693    3.6696    0.0623    3.2910    0.1644    0.1421
    
2023062600
   0    1.7469 -999.9900    3.0014    3.0014    3.9146   -0.4080    2.3863    0.1102    0.0623
   0    1.6857 -999.9900    2.8655    2.8655    3.9730   -0.1369    2.2702    0.1040    0.0498
   0    1.7097 -999.9900    2.9380    2.9380    3.8514   -0.2703    2.3389    0.0982    0.0636
   0    1.6722 -999.9900    2.8504    2.8504    3.9269   -0.1085    2.2644    0.0970    0.0520
    
2023062700
   0    1.9282 -999.9900    3.4360    3.4360    3.9100   -0.8757    2.6985    0.1369    0.0545
   0    1.9274 -999.9900    3.4197    3.4197    3.9157   -0.6047    2.7012    0.1337    0.0655
   0    1.9318 -999.9900    3.4548    3.4548    3.7925   -0.8712    2.7290    0.1315    0.0600
   0    1.9235 -999.9900    3.4247    3.4247    3.8542   -0.6561    2.7107    0.1273    0.0664
    
2023062800
   0    2.3307 -999.9900    4.2433    4.2433    3.5927   -1.0308    3.3007    0.1893    0.1162
   0    2.3837 -999.9900    4.2506    4.2506    3.7443   -0.8376    3.3966    0.1781    0.1308
   0    2.3377 -999.9900    4.2291    4.2291    3.6502   -0.9095    3.3101    0.1902    0.1135
   0    2.3745 -999.9900    4.2421    4.2421    3.7454   -0.8034    3.3874    0.1798    0.1265
    
2023062900
   0    1.8875 -999.9900    3.2666    3.2666    4.1025   -0.3966    2.5869    0.0872    0.1012
   0    1.7900 -999.9900    3.0314    3.0314    4.0198   -0.3347    2.3848    0.0828    0.0980
   0    1.8595 -999.9900    3.2245    3.2245    4.0447   -0.5145    2.5597    0.0843    0.0906
   0    1.7875 -999.9900    3.0493    3.0493    4.0052   -0.4178    2.4000    0.0820    0.0922
    
2023063000
   0    1.9674 -999.9900    3.4788    3.4788    3.6295   -0.4769    2.7381    0.1421    0.0887
   0    1.9674 -999.9900    3.4788    3.4788    3.6295   -0.4769    2.7381    0.1421    0.0887
   0    1.8686 -999.9900    3.3121    3.3121    3.6070   -0.4346    2.6107    0.1294    0.0795
   0    1.8809 -999.9900    3.3053    3.3053    3.6995   -0.3449    2.5912    0.1411    0.0755
    
