2023050100
    
2023050200
   0  392.5807 -999.9900  725.1680  725.1680  689.7518   87.8782  546.5980    0.1050    0.1438
   0  365.2198 -999.9900  686.6251  686.6251  706.6793   85.2790  512.7708    0.0800    0.1107
   0  389.8179 -999.9900  720.4551  720.4551  707.8906   81.5754  544.0015    0.1138    0.1394
   0  367.9379 -999.9900  689.4501  689.4501  715.9200   82.0299  516.9769    0.0838    0.1167
    
2023050300
   0  384.3454 -999.9900  709.0864  709.0864  699.5967    6.9224  540.0577    0.1420    0.1011
   0  365.5626 -999.9900  673.4461  673.4461  713.7952    1.7806  514.3873    0.1309    0.0835
   0  382.9305 -999.9900  704.9020  704.9020  696.1040    9.2723  544.7330    0.1453    0.0950
   0  368.7328 -999.9900  678.5721  678.5721  708.4399    4.2290  522.9938    0.1356    0.0839
    
2023050400
   0  395.8723 -999.9900  731.6990  731.6990  693.0479  -50.8072  544.9825    0.1499    0.1246
   0  387.8796 -999.9900  716.3856  716.3856  726.7744  -27.8466  536.2885    0.1296    0.1058
   0  396.2714 -999.9900  735.4128  735.4128  691.8655  -45.0127  547.6740    0.1508    0.1297
   0  389.2420 -999.9900  721.2869  721.2869  719.8147  -28.9737  537.7697    0.1350    0.1099
    
2023050500
   0  373.4577 -999.9900  701.6228  701.6228  698.3416 -104.4275  517.9565    0.1367    0.0847
   0  359.6480 -999.9900  674.0848  674.0848  729.7640  -87.1433  496.7554    0.1301    0.0740
   0  365.7962 -999.9900  688.5189  688.5189  707.5814 -103.2564  505.9803    0.1247    0.0839
   0  356.9661 -999.9900  670.4130  670.4130  729.8632  -89.8915  493.3069    0.1226    0.0755
    
2023050600
   0  343.1958 -999.9900  653.1701  653.1701  650.7465 -113.7252  482.8051    0.1356    0.0674
   0  343.9815 -999.9900  659.2854  659.2854  686.1889  -85.8782  485.1889    0.1095    0.0621
   0  350.0690 -999.9900  665.1462  665.1462  667.6179  -97.2829  488.8580    0.1331    0.0679
   0  347.8102 -999.9900  664.8354  664.8354  689.1154  -81.5844  488.6752    0.1128    0.0645
    
2023050700
   0  331.3979 -999.9900  639.6569  639.6569  682.3334  -65.5056  472.0642    0.1012    0.0811
   0  329.5685 -999.9900  635.9434  635.9434  713.4752  -59.1460  468.5014    0.0823    0.0625
   0  338.6397 -999.9900  647.8339  647.8339  692.7639  -78.0192  480.9590    0.1073    0.0806
   0  334.0503 -999.9900  642.3199  642.3199  712.5749  -67.9296  473.5196    0.0883    0.0669
    
2023050800
   0  312.1855 -999.9900  603.5285  603.5285  676.8604  -32.6676  429.4803    0.0936    0.0818
   0  330.6453 -999.9900  640.9277  640.9277  699.3150  -61.7454  457.7741    0.0920    0.0751
   0  312.9580 -999.9900  610.7521  610.7521  681.2461  -31.0735  431.9063    0.0816    0.0741
   0  325.8102 -999.9900  634.2472  634.2472  700.5938  -54.9773  449.8753    0.0842    0.0719
    
2023050900
   0  361.1571 -999.9900  698.6822  698.6822  647.0977  -95.2520  506.6904    0.1158    0.1078
   0  354.7267 -999.9900  683.9973  683.9973  684.9534  -85.2322  498.8252    0.0943    0.0951
   0  331.2706 -999.9900  638.6141  638.6141  659.3455 -103.3345  466.7319    0.0987    0.0861
   0  336.6201 -999.9900  648.4592  648.4592  686.7523  -92.0928  473.1272    0.0886    0.0838
    
2023051000
   0  328.6964 -999.9900  632.0444  632.0444  676.8293  -93.7976  458.8627    0.0998    0.0771
   0  338.9579 -999.9900  654.9620  654.9620  695.2554  -90.6037  473.6843    0.0990    0.0752
   0  326.7421 -999.9900  629.8645  629.8645  676.6641  -94.0117  454.1378    0.0949    0.0758
   0  336.3153 -999.9900  650.5953  650.5953  690.0680  -91.3574  468.8354    0.0984    0.0757
    
2023051100
   0  360.5466 -999.9900  708.3817  708.3817  662.6083  -96.1424  508.4498    0.1248    0.0852
   0  357.2158 -999.9900  708.2333  708.2333  705.7112 -105.4260  502.2999    0.1011    0.0657
   0  354.8480 -999.9900  702.4204  702.4204  664.3668  -94.5357  503.2570    0.1174    0.0783
   0  354.3152 -999.9900  704.0045  704.0045  698.9072 -103.3696  500.6043    0.1023    0.0668
    
2023051200
   0  334.3994 -999.9900  653.7134  653.7134  657.6374  -75.7107  478.5191    0.0835    0.0993
   0  336.8868 -999.9900  664.8170  664.8170  680.3677  -84.5541  479.4522    0.0737    0.0648
   0  340.8502 -999.9900  669.4827  669.4827  656.4484  -94.9538  487.6898    0.0981    0.0845
   0  338.8933 -999.9900  670.0589  670.0589  676.8552  -93.2834  483.4138    0.0816    0.0644
    
2023051300
   0  349.9286 -999.9900  667.3192  667.3192  704.5024 -133.7474  500.9616    0.1143    0.0931
   0  333.5632 -999.9900  636.9048  636.9048  702.6437 -104.1799  475.2356    0.0965    0.0761
   0  348.9150 -999.9900  666.3903  666.3903  688.4453 -131.4737  501.4699    0.1201    0.0886
   0  335.6536 -999.9900  641.4813  641.4813  694.5294 -108.7363  480.2250    0.1039    0.0761
    
2023051400
   0  385.6326 -999.9900  727.7887  727.7887  642.3130 -115.1676  538.2437    0.1550    0.1161
   0  376.5101 -999.9900  720.4023  720.4023  677.8956  -99.3537  531.6522    0.1424    0.0977
   0  385.0628 -999.9900  731.5612  731.5612  640.0187 -116.9413  539.4195    0.1486    0.1120
   0  376.3977 -999.9900  722.0703  722.0703  671.7949 -103.5890  532.0640    0.1392    0.0979
    
2023051500
   0  406.1615 -999.9900  750.9459  750.9459  630.8457  -48.7248  555.4461    0.1413    0.1815
   0  393.0274 -999.9900  732.6949  732.6949  648.0986  -29.0640  552.5653    0.1218    0.1752
   0  389.2531 -999.9900  718.9606  718.9606  623.7734  -58.3777  538.3579    0.1394    0.1714
   0  384.3351 -999.9900  715.5699  715.5699  642.1307  -38.7878  541.7990    0.1237    0.1691
    
2023051600
   0  381.5712 -999.9900  714.4667  714.4667  676.8234  -34.3376  538.1849    0.1225    0.1270
   0  365.9330 -999.9900  692.6170  692.6170  682.6010  -11.3004  516.3688    0.1024    0.1229
   0  376.3030 -999.9900  712.4455  712.4455  671.4048  -42.4767  534.6003    0.1295    0.1208
   0  365.1343 -999.9900  694.4217  694.4217  679.6830  -20.7988  517.7782    0.1061    0.1190
    
2023051700
   0  364.3828 -999.9900  710.8478  710.8478  627.3856  -65.7532  520.5140    0.1256    0.1423
   0  358.5844 -999.9900  709.0984  709.0984  653.0204  -46.6005  512.5458    0.1020    0.1306
   0  367.8473 -999.9900  723.5256  723.5256  624.8994  -61.4038  524.2106    0.1152    0.1530
   0  361.6385 -999.9900  716.6618  716.6618  646.9371  -47.8113  516.1983    0.1010    0.1361
    
2023051800
   0  397.8983 -999.9900  772.3611  772.3611  640.7053  -86.8650  571.5296    0.1447    0.1508
   0  375.0576 -999.9900  729.9473  729.9473  665.9067  -41.9557  533.6603    0.1210    0.1414
   0  399.4818 -999.9900  780.8362  780.8362  651.9910  -81.7093  573.8682    0.1491    0.1497
   0  379.4327 -999.9900  742.5804  742.5804  668.9028  -47.8474  542.1235    0.1231    0.1409
    
2023051900
   0  434.1136 -999.9900  849.0308  849.0308  676.2318 -100.7639  604.9225    0.1608    0.1447
   0  404.9534 -999.9900  796.3404  796.3404  678.1143  -87.3372  569.8788    0.1460    0.1301
   0  431.3366 -999.9900  848.0256  848.0256  660.9544 -101.0572  597.5448    0.1687    0.1419
   0  408.6843 -999.9900  806.3090  806.3090  669.0129  -90.2070  573.0623    0.1546    0.1320
    
2023052000
   0  473.6757 -999.9900  939.2670  939.2670  624.9205 -113.4033  633.4744    0.1877    0.1645
   0  446.7249 -999.9900  884.9709  884.9709  639.8999  -90.8994  611.3030    0.1701    0.1587
   0  465.3068 -999.9900  928.8964  928.8964  632.0951 -115.8404  628.4139    0.1802    0.1602
   0  446.8066 -999.9900  889.1857  889.1857  641.6121  -96.8707  612.7483    0.1681    0.1564
    
2023052100
   0  408.7321 -999.9900  800.1514  800.1514  646.7890 -119.2874  565.3651    0.1628    0.1302
   0  385.3489 -999.9900  755.6927  755.6927  657.0259  -85.6302  539.1535    0.1329    0.1169
   0  393.2532 -999.9900  771.1926  771.1926  645.7322 -111.7793  544.1932    0.1454    0.1230
   0  380.1270 -999.9900  745.8646  745.8646  655.3415  -87.8551  530.5157    0.1289    0.1152
    
2023052200
   0  314.3695 -999.9900  607.2410  607.2410  616.5857  -80.2563  446.7417    0.1174    0.0868
   0  326.7248 -999.9900  634.7540  634.7540  640.0555  -92.5180  463.0924    0.1116    0.0818
   0  316.7895 -999.9900  614.8679  614.8679  608.6694  -88.5309  454.9564    0.1188    0.0878
   0  324.6793 -999.9900  632.4126  632.4126  632.2016  -95.0258  463.2484    0.1128    0.0834
    
2023052300
   0  349.6090 -999.9900  689.2740  689.2740  627.2828 -113.8511  478.8540    0.1438    0.0893
   0  339.3348 -999.9900  670.9426  670.9426  638.5210 -117.8156  473.2321    0.1340    0.0777
   0  352.9586 -999.9900  693.7429  693.7429  629.2193 -124.6433  484.2054    0.1491    0.0911
   0  342.5182 -999.9900  676.0274  676.0274  638.8456 -123.4857  475.4115    0.1367    0.0823
    
2023052400
   0  380.3605 -999.9900  778.8769  778.8769  609.1051 -130.4095  524.4780    0.1553    0.1097
   0  368.7148 -999.9900  758.3042  758.3042  648.1436 -135.6372  519.1271    0.1275    0.0905
   0  368.1281 -999.9900  754.1819  754.1819  623.3884 -126.5417  510.8458    0.1497    0.1018
   0  362.6948 -999.9900  746.3660  746.3660  649.6902 -132.2780  510.4615    0.1234    0.0896
    
2023052500
   0  396.1045 -999.9900  779.3753  779.3753  614.5734 -173.8959  544.4395    0.1902    0.1174
   0  386.8042 -999.9900  771.5314  771.5314  641.8409 -159.3915  546.3173    0.1660    0.1023
   0  383.6181 -999.9900  755.5236  755.5236  606.3026 -173.7875  526.4684    0.1833    0.1079
   0  379.9900 -999.9900  757.0412  757.0412  633.7691 -162.2237  534.5943    0.1675    0.0947
    
2023052600
   0  407.8926 -999.9900  774.8525  774.8525  619.5197 -182.5461  567.0189    0.1967    0.1292
   0  394.8979 -999.9900  764.1111  764.1111  625.3272 -182.4326  552.4694    0.1743    0.1118
   0  396.8311 -999.9900  756.2386  756.2386  614.8198 -178.1451  553.6672    0.1866    0.1267
   0  390.7987 -999.9900  755.1055  755.1055  621.3047 -179.8191  546.7316    0.1751    0.1117
    
2023052700
   0  384.6570 -999.9900  742.1102  742.1102  613.1459 -166.0698  541.0381    0.1782    0.1075
   0  383.9246 -999.9900  746.9322  746.9322  642.5718 -164.1513  543.8982    0.1652    0.0956
   0  380.1770 -999.9900  740.0135  740.0135  608.6081 -164.2370  536.1693    0.1746    0.1014
   0  380.2048 -999.9900  743.1000  743.1000  636.0345 -163.4352  539.5600    0.1645    0.0917
    
2023052800
   0  371.4942 -999.9900  726.9881  726.9881  638.9058 -129.3508  521.7068    0.1620    0.1279
   0  375.1600 -999.9900  729.2987  729.2987  645.7180 -138.6833  525.2715    0.1523    0.1250
   0  374.2309 -999.9900  737.0104  737.0104  636.9075 -151.7297  530.1859    0.1656    0.1221
   0  373.5018 -999.9900  732.0600  732.0600  646.4081 -150.2553  525.7382    0.1584    0.1209
    
2023052900
   0  390.5435 -999.9900  753.3321  753.3321  596.4012 -124.5903  555.0771    0.1804    0.1336
   0  394.3520 -999.9900  758.6567  758.6567  628.9446 -119.2717  563.9842    0.1708    0.1294
   0  372.1237 -999.9900  725.6855  725.6855  612.0322 -133.6668  529.5253    0.1669    0.1184
   0  381.7235 -999.9900  740.1870  740.1870  632.6006 -125.7909  546.2047    0.1653    0.1128
    
2023053000
   0  341.4028 -999.9900  642.8564  642.8564  608.8949  -38.4861  488.7182    0.1583    0.1119
   0  358.1541 -999.9900  674.8839  674.8839  627.3909  -85.8652  515.8317    0.1625    0.1081
   0  343.8768 -999.9900  649.1067  649.1067  601.7068  -48.0844  492.6894    0.1613    0.1185
   0  355.5881 -999.9900  671.2985  671.2985  620.5350  -82.1574  511.9284    0.1633    0.1116
    
2023053100
   0  340.3377 -999.9900  646.5852  646.5852  619.0281  -67.9916  484.6852    0.1339    0.1228
   0  343.1079 -999.9900  660.1312  660.1312  627.3431  -92.2601  489.1942    0.1364    0.1091
   0  337.0550 -999.9900  639.2834  639.2834  600.0589  -65.8064  485.3267    0.1378    0.1270
   0  338.7107 -999.9900  650.2601  650.2601  617.4037  -85.3017  485.8582    0.1341    0.1128
    
2023060100
   0  316.9128 -999.9900  597.7004  597.7004  621.7728  -13.4500  446.9228    0.1093    0.1215
   0  311.4688 -999.9900  598.0994  598.0994  624.5391  -49.4481  443.0885    0.0903    0.0951
   0  310.0267 -999.9900  591.2058  591.2058  608.3022  -14.4817  440.8605    0.0955    0.1153
   0  308.6212 -999.9900  593.9227  593.9227  616.4885  -41.8409  440.8162    0.0826    0.0998
    
2023060200
   0  301.6862 -999.9900  569.5505  569.5505  639.5768   -7.3762  432.5854    0.0577    0.1058
   0  288.3447 -999.9900  543.6863  543.6863  630.2234  -56.8844  414.7134    0.0620    0.0756
   0  294.4235 -999.9900  553.4660  553.4660  638.4821  -12.0028  421.1922    0.0608    0.0893
   0  285.9959 -999.9900  539.3218  539.3218  631.2006  -49.7590  410.8303    0.0623    0.0684
    
2023060300
   0  302.1005 -999.9900  549.7388  549.7388  587.1870    5.5980  412.4897    0.0934    0.1352
   0  292.8645 -999.9900  549.6105  549.6105  618.6301  -24.7348  407.8623    0.0730    0.0877
   0  295.8421 -999.9900  547.9387  547.9387  588.3953    7.1109  410.2341    0.0756    0.1274
   0  290.4879 -999.9900  547.0554  547.0554  614.3963  -17.7517  405.8978    0.0658    0.0900
    
2023060400
   0  328.2351 -999.9900  619.9808  619.9808  575.9292   26.2784  462.6187    0.0971    0.1286
   0  328.1047 -999.9900  616.9132  616.9132  604.2595  -10.2049  464.2709    0.0997    0.1028
   0  330.6562 -999.9900  624.7767  624.7767  571.7110   34.3598  466.5130    0.1057    0.1275
   0  328.9831 -999.9900  619.1731  619.1731  597.5099    1.9510  465.9590    0.1012    0.1072
    
2023060500
   0  340.8169 -999.9900  660.2994  660.2994  561.1874   29.1739  471.8564    0.1045    0.1299
   0  345.3939 -999.9900  670.4668  670.4668  599.9354    2.0109  481.1944    0.1086    0.1088
   0  330.5766 -999.9900  638.4391  638.4391  564.4731   20.0845  457.9022    0.0970    0.1263
   0  338.2834 -999.9900  655.3451  655.3451  594.3415    1.9959  470.6306    0.1015    0.1101
    
2023060600
   0  308.1565 -999.9900  562.0282  562.0282  641.5243   31.1959  425.0791    0.0634    0.1066
   0  316.9765 -999.9900  586.8907  586.8907  628.0502    8.1941  445.4853    0.0592    0.1020
   0  305.2353 -999.9900  561.7601  561.7601  616.9459   22.8422  423.6764    0.0631    0.1018
   0  313.2636 -999.9900  579.9844  579.9844  617.9343    7.7771  439.2636    0.0627    0.1010
    
2023060700
   0  313.1237 -999.9900  575.9389  575.9389  607.6276    8.6589  427.2305    0.0827    0.1060
   0  311.4081 -999.9900  573.8643  573.8643  619.4767   -6.2124  434.7985    0.0858    0.0887
   0  304.9349 -999.9900  561.0204  561.0204  595.8727   -4.9863  420.1712    0.0867    0.0884
   0  306.8093 -999.9900  565.4221  565.4221  610.1901  -11.4293  429.9020    0.0839    0.0836
    
2023060800
   0  302.1257 -999.9900  552.6775  552.6775  615.6881  -12.0899  418.3998    0.1006    0.0803
   0  286.5650 -999.9900  532.7277  532.7277  610.1974  -25.2093  402.8937    0.0804    0.0573
   0  300.2550 -999.9900  550.5889  550.5889  599.0287   -4.4447  421.3065    0.0927    0.0800
   0  287.8905 -999.9900  533.6149  533.6149  603.1451  -17.9889  406.1525    0.0748    0.0631
    
2023060900
   0  254.1317 -999.9900  467.6472  467.6472  574.6017   39.0174  341.5204    0.0675    0.0797
   0  248.4957 -999.9900  459.3432  459.3432  592.1270   33.7079  334.5148    0.0464    0.0683
   0  248.6352 -999.9900  455.0315  455.0315  599.4558   43.5825  334.1096    0.0537    0.0759
   0  246.1237 -999.9900  453.1077  453.1077  603.2913   37.5070  329.8154    0.0425    0.0654
    
2023061000
   0  242.2140 -999.9900  444.5109  444.5109  590.9678   43.9400  336.6170    0.0527    0.0639
   0  233.6268 -999.9900  428.3636  428.3636  600.0351   37.1615  321.7016    0.0380    0.0427
   0  243.4141 -999.9900  451.9278  451.9278  589.6420   48.9105  340.9858    0.0471    0.0671
   0  235.1751 -999.9900  433.2876  433.2876  599.6052   41.4942  326.1077    0.0347    0.0473
    
2023061100
   0  286.7645 -999.9900  583.6707  583.6707  601.2451   51.7694  401.0414    0.0516    0.1203
   0  275.2879 -999.9900  565.0947  565.0947  594.2677   47.9269  385.1419    0.0476    0.0992
   0  281.2638 -999.9900  567.1243  567.1243  608.8894   49.5845  394.7756    0.0521    0.1117
   0  274.1368 -999.9900  558.0803  558.0803  600.8854   47.3873  383.3285    0.0511    0.0965
    
2023061200
   0  322.4027 -999.9900  648.8827  648.8827  579.9980   72.4161  447.2248    0.0802    0.1703
   0  307.0066 -999.9900  624.6524  624.6524  594.3717   77.7294  427.5673    0.0618    0.1427
   0  311.3848 -999.9900  622.6736  622.6736  595.2164   58.2788  436.7712    0.0738    0.1406
   0  303.8371 -999.9900  612.7722  612.7722  601.0910   68.1788  425.0157    0.0599    0.1346
    
2023061300
   0  307.1385 -999.9900  619.4210  619.4210  536.3864   96.0451  428.8906    0.0701    0.1870
   0  292.4333 -999.9900  591.4786  591.4786  558.8770   79.3894  409.8834    0.0651    0.1554
   0  310.9609 -999.9900  630.9673  630.9673  544.5898   92.2606  434.7190    0.0680    0.1795
   0  297.5409 -999.9900  603.1528  603.1528  560.4283   80.4457  416.5205    0.0652    0.1571
    
2023061400
   0  290.5036 -999.9900  570.5121  570.5121  559.4341  109.2614  407.9861    0.0481    0.1739
   0  269.8045 -999.9900  535.7053  535.7053  575.4108  103.8841  377.9666    0.0356    0.1332
   0  279.1956 -999.9900  550.3257  550.3257  565.5726   93.3088  395.6460    0.0440    0.1469
   0  266.3541 -999.9900  527.1301  527.1301  578.6091   95.3957  374.4552    0.0300    0.1256
    
2023061500
   0  263.3969 -999.9900  505.4092  505.4092  551.6323  135.9059  374.0382    0.0390    0.1284
   0  251.3719 -999.9900  487.6874  487.6874  571.0359  113.4751  348.6909    0.0375    0.0988
   0  258.2648 -999.9900  494.8126  494.8126  553.0622  130.2289  364.2339    0.0379    0.1151
   0  251.2447 -999.9900  485.5343  485.5343  567.2894  114.5532  348.2971    0.0361    0.0987
    
2023061600
   0  286.5912 -999.9900  553.8735  553.8735  568.1069  120.5443  392.4438    0.0698    0.1322
   0  276.5576 -999.9900  544.4100  544.4100  573.0898  111.4836  379.0385    0.0622    0.1055
   0  276.8210 -999.9900  537.5657  537.5657  555.3146  120.5534  382.6559    0.0664    0.1297
   0  272.7770 -999.9900  535.9044  535.9044  565.1279  113.3076  375.3199    0.0622    0.1059
    
2023061700
   0  311.8155 -999.9900  595.0606  595.0606  541.8944   76.3988  438.2540    0.0920    0.1732
   0  311.2769 -999.9900  601.7524  601.7524  561.6476   65.3984  437.5769    0.0888    0.1508
   0  310.2433 -999.9900  596.4504  596.4504  545.8607   78.9413  437.5096    0.0939    0.1587
   0  310.7902 -999.9900  601.6090  601.6090  559.5633   69.1407  437.5062    0.0911    0.1473
    
2023061800
   0  291.9136 -999.9900  565.0586  565.0586  546.4885   86.7811  408.5444    0.0800    0.1542
   0  284.6211 -999.9900  553.2254  553.2254  555.0286   61.0125  402.3958    0.0782    0.1274
   0  293.7010 -999.9900  569.2667  569.2667  548.0525   76.9213  413.7536    0.0715    0.1506
   0  286.2643 -999.9900  556.3242  556.3242  556.1172   60.2440  405.3400    0.0731    0.1306
    
2023061900
   0  305.6266 -999.9900  592.3040  592.3040  544.8804   24.8410  427.0977    0.1087    0.1211
   0  299.2247 -999.9900  580.2000  580.2000  562.4815    1.8898  423.0913    0.1033    0.1065
   0  306.7229 -999.9900  590.4703  590.4703  552.0273   17.1917  431.6689    0.0985    0.1198
   0  300.3557 -999.9900  580.3562  580.3562  564.2979    1.9020  424.9938    0.0977    0.1071
    
2023062000
   0  307.6350 -999.9900  608.1365  608.1365  526.6348  -23.1876  433.9626    0.1528    0.1133
   0  285.9478 -999.9900  566.0490  566.0490  540.6088  -25.3958  406.7589    0.0967    0.0938
   0  306.4612 -999.9900  606.4730  606.4730  530.7990  -21.8199  436.1660    0.1302    0.1178
   0  290.0297 -999.9900  574.5342  574.5342  539.2530  -24.1354  414.2912    0.0976    0.1013
    
2023062100
   0  282.7422 -999.9900  546.1688  546.1688  527.2839  -26.1311  390.4828    0.1399    0.0911
   0  272.1623 -999.9900  528.0363  528.0363  539.6671  -40.9392  381.4752    0.1192    0.0676
   0  271.9155 -999.9900  522.1965  522.1965  532.1135  -37.6673  377.3778    0.1218    0.0802
   0  267.9181 -999.9900  517.2118  517.2118  539.8281  -44.9015  375.3958    0.1109    0.0639
    
2023062200
   0  273.5456 -999.9900  519.8561  519.8561  510.7086  -25.0173  389.8376    0.1168    0.1266
   0  275.7494 -999.9900  526.9880  526.9880  537.6772  -46.2175  393.9086    0.1043    0.0968
   0  268.7450 -999.9900  508.9640  508.9640  516.3467  -31.0750  382.7549    0.1083    0.1137
   0  272.5356 -999.9900  519.0995  519.0995  535.5248  -45.6259  388.4860    0.1018    0.0949
    
2023062300
   0  240.8975 -999.9900  448.1226  448.1226  514.4140   -1.7989  337.9844    0.0889    0.0989
   0  244.1435 -999.9900  463.2703  463.2703  541.6246  -10.3938  343.3841    0.0701    0.0800
   0  240.7348 -999.9900  457.2739  457.2739  519.5657   23.2631  336.3813    0.0796    0.1003
   0  243.8875 -999.9900  466.1945  466.1945  538.6307    6.3657  342.3024    0.0668    0.0848
    
2023062400
   0  240.0605 -999.9900  467.6234  467.6234  517.7156   19.1922  334.4417    0.0666    0.0702
   0  248.4051 -999.9900  481.4252  481.4252  533.9464    4.6412  346.9385    0.0719    0.0683
   0  241.8151 -999.9900  474.6806  474.6806  513.3503   22.0049  336.4852    0.0638    0.0741
   0  247.7251 -999.9900  481.9105  481.9105  529.0311    9.2481  345.0424    0.0711    0.0694
    
2023062500
   0  252.9040 -999.9900  489.0069  489.0069  517.6819   -4.1697  353.9292    0.1015    0.0853
   0  254.3406 -999.9900  495.5531  495.5531  524.5113  -10.6899  359.1729    0.0803    0.0801
   0  242.9383 -999.9900  473.2299  473.2299  506.9853    9.6603  337.2834    0.0819    0.0879
   0  247.0000 -999.9900  483.1327  483.1327  518.6192   -1.0790  346.4545    0.0730    0.0827
    
2023062600
   0  260.1887 -999.9900  497.7592  497.7592  512.8010   33.3783  366.7794    0.0844    0.1231
   0  250.5867 -999.9900  478.9616  478.9616  516.9531   30.0764  352.6614    0.0750    0.1057
   0  258.8482 -999.9900  500.2459  500.2459  511.4942   40.4630  366.3254    0.0781    0.1200
   0  251.4662 -999.9900  484.0512  484.0512  515.5959   35.0027  354.5004    0.0721    0.1064
    
2023062700
   0  253.7226 -999.9900  485.1138  485.1138  526.6516   78.9759  359.9868    0.0442    0.1220
   0  251.6920 -999.9900  481.4993  481.4993  534.8633   95.6887  357.7531    0.0337    0.1196
   0  251.3358 -999.9900  485.1686  485.1686  514.4602   87.0857  357.5360    0.0411    0.1261
   0  250.7298 -999.9900  482.0954  482.0954  526.2593   97.2131  356.4436    0.0332    0.1197
    
2023062800
   0  248.3174 -999.9900  493.4776  493.4776  496.3856   86.0895  341.5810    0.0481    0.1242
   0  259.3241 -999.9900  519.8127  519.8127  506.2788   80.9162  356.4763    0.0510    0.1236
   0  252.8623 -999.9900  500.1819  500.1819  513.8503   96.3152  351.1708    0.0457    0.1026
   0  259.7396 -999.9900  518.3815  518.3815  514.7485   87.7323  358.5084    0.0491    0.1034
    
2023062900
   0  240.2906 -999.9900  454.4138  454.4138  537.4409   82.6253  332.4324    0.0539    0.0740
   0  239.9018 -999.9900  459.1386  459.1386  517.3594   77.7523  331.4433    0.0610    0.0760
   0  237.9003 -999.9900  449.3470  449.3470  538.1577   72.6911  330.2401    0.0526    0.0696
   0  238.1080 -999.9900  454.6080  454.6080  522.5253   72.9667  329.3619    0.0571    0.0757
    
2023063000
   0  242.8431 -999.9900  470.9932  470.9932  494.5130   30.1012  339.6158    0.0796    0.0793
   0  242.4574 -999.9900  470.9932  470.9932  494.5128   30.1012  339.6158    0.0796    0.0793
   0  236.8882 -999.9900  458.9360  458.9360  507.2904   26.7756  329.5665    0.0716    0.0678
   0  237.2215 -999.9900  460.7979  460.7979  505.7961   22.3982  324.6410    0.0749    0.0676
    
