v6.1 gefs
v6.1 naefs
v7.0 gefs
v7.0 naefs
    
2023040100
   0    1.9520 -999.9900    3.6596    3.6596    4.0547   -0.6447    2.6974    0.1416    0.0423
   0    2.0704 -999.9900    3.9189    3.9189    3.9257   -0.6335    2.8674    0.1632    0.0619
   0    1.9675 -999.9900    3.6911    3.6911    3.9943   -0.5617    2.7184    0.1385    0.0499
   0    2.0526 -999.9900    3.8830    3.8830    3.9191   -0.5860    2.8370    0.1546    0.0629
    
2023040200
   0    2.1905 -999.9900    4.4288    4.4288    3.8938   -1.0785    3.0583    0.1425    0.0961
   0    2.3222 -999.9900    4.7214    4.7214    3.8061   -1.0466    3.2190    0.1681    0.1056
   0    2.1512 -999.9900    4.3338    4.3338    3.8354   -1.0214    2.9934    0.1412    0.0985
   0    2.2629 -999.9900    4.5930    4.5930    3.8106   -1.0187    3.1251    0.1623    0.1035
    
2023040300
   0    1.9039 -999.9900    3.4579    3.4579    3.7285    0.3659    2.6753    0.0902    0.1314
   0    1.8134 -999.9900    3.3015    3.3015    3.8279    0.4642    2.5709    0.0751    0.1111
   0    1.9101 -999.9900    3.5012    3.5012    3.7900    0.4733    2.7209    0.0756    0.1321
   0    1.8398 -999.9900    3.3659    3.3659    3.8387    0.5090    2.6274    0.0681    0.1134
    
2023040400
   0    2.6470 -999.9900    4.6490    4.6490    3.9205   -0.1337    3.7006    0.1593    0.1921
   0    2.4865 -999.9900    4.3262    4.3262    3.9795    0.1282    3.4487    0.1094    0.1909
   0    2.6454 -999.9900    4.6767    4.6767    3.9726    0.0039    3.7185    0.1457    0.1956
   0    2.5153 -999.9900    4.4028    4.4028    4.0066    0.1583    3.5067    0.1097    0.1936
    
2023040500
   0    2.3377 -999.9900    4.2453    4.2453    4.1492    0.3892    3.2658    0.0851    0.1793
   0    2.1581 -999.9900    3.9100    3.9100    4.0389    0.3996    3.0301    0.0596    0.1786
   0    2.3596 -999.9900    4.2896    4.2896    4.1155    0.4086    3.2885    0.0840    0.1835
   0    2.1947 -999.9900    3.9860    3.9860    4.0631    0.4091    3.0813    0.0619    0.1791
    
2023040600
   0    1.9913 -999.9900    3.6341    3.6341    3.7878    0.1411    2.7305    0.0953    0.1344
   0    1.9961 -999.9900    3.6536    3.6536    3.7880    0.0209    2.7366    0.1048    0.1338
   0    2.0331 -999.9900    3.7230    3.7230    3.8707    0.2663    2.8273    0.0927    0.1271
   0    2.0179 -999.9900    3.7063    3.7063    3.8340    0.1201    2.7919    0.1000    0.1294
    
2023040700
   0    2.2433 -999.9900    4.2463    4.2463    3.8595   -0.6181    3.1094    0.1460    0.1013
   0    2.1871 -999.9900    4.0743    4.0743    3.9328   -0.7298    3.0466    0.1544    0.0865
   0    2.2518 -999.9900    4.2339    4.2339    3.9746   -0.7383    3.1543    0.1500    0.0902
   0    2.2037 -999.9900    4.1034    4.1034    3.9836   -0.7796    3.0887    0.1558    0.0818
    
2023040800
   0    1.9872 -999.9900    3.6758    3.6758    4.2785   -0.1882    2.7467    0.1024    0.0697
   0    2.0557 -999.9900    3.8252    3.8252    4.1318   -0.3358    2.8502    0.1355    0.0765
   0    1.9929 -999.9900    3.7027    3.7027    4.0364   -0.1677    2.7441    0.1177    0.0805
   0    2.0485 -999.9900    3.8137    3.8137    4.0143   -0.2940    2.8307    0.1367    0.0822
    
2023040900
   0    1.8850 -999.9900    3.5082    3.5082    4.0076   -0.3891    2.5816    0.1161    0.0658
   0    1.8176 -999.9900    3.4092    3.4092    4.0741   -0.4093    2.5029    0.1010    0.0497
   0    1.8467 -999.9900    3.4799    3.4799    3.9390   -0.3949    2.5293    0.1053    0.0630
   0    1.8015 -999.9900    3.3989    3.3989    4.0319   -0.4088    2.4820    0.0953    0.0499
    
2023041000
   0    2.5561 -999.9900    5.0667    5.0667    4.1132    0.1979    3.5261    0.1252    0.1216
   0    2.3986 -999.9900    4.7065    4.7065    3.8870    0.2598    3.3484    0.1273    0.1276
   0    2.4635 -999.9900    4.8810    4.8810    4.1601    0.1105    3.4493    0.1197    0.1094
   0    2.3774 -999.9900    4.6708    4.6708    3.9543    0.1950    3.3364    0.1243    0.1184
    
2023041100
   0    2.3368 -999.9900    4.4073    4.4073    3.8229   -0.3188    3.3013    0.1710    0.1029
   0    2.1584 -999.9900    4.1133    4.1133    3.8165   -0.0742    3.0486    0.1351    0.0995
   0    2.2785 -999.9900    4.3048    4.3048    3.8054   -0.2128    3.2239    0.1511    0.1044
   0    2.1562 -999.9900    4.1083    4.1083    3.8083   -0.0595    3.0519    0.1306    0.1006
    
2023041200
   0    2.1723 -999.9900    4.0560    4.0560    3.9529   -0.3487    3.0898    0.1330    0.0909
   0    2.1396 -999.9900    4.0370    4.0370    3.8062   -0.3578    3.0584    0.1466    0.0906
   0    2.1049 -999.9900    3.9174    3.9174    3.9476   -0.3142    3.0171    0.1239    0.0845
   0    2.1025 -999.9900    3.9574    3.9574    3.8339   -0.3353    3.0239    0.1343    0.0884
    
2023041300
   0    1.9051 -999.9900    3.5191    3.5191    3.7126   -0.2197    2.6290    0.0983    0.1036
   0    1.9426 -999.9900    3.5504    3.5504    3.6167   -0.1223    2.6469    0.1126    0.1205
   0    1.9187 -999.9900    3.5462    3.5462    3.6918   -0.1205    2.6644    0.0985    0.1114
   0    1.9399 -999.9900    3.5565    3.5565    3.6277   -0.0823    2.6605    0.1088    0.1246
    
2023041400
   0    1.7809 -999.9900    3.3199    3.3199    3.7221   -0.5773    2.5684    0.0851    0.0660
   0    1.7832 -999.9900    3.3504    3.3504    3.7097   -0.6541    2.5435    0.0920    0.0659
   0    1.7925 -999.9900    3.3726    3.3726    3.7041   -0.6812    2.5872    0.0856    0.0577
   0    1.7908 -999.9900    3.3775    3.3775    3.7000   -0.7011    2.5589    0.0910    0.0617
    
2023041500
   0    1.8881 -999.9900    3.6793    3.6793    3.7168   -0.0339    2.6327    0.0682    0.1056
   0    1.7945 -999.9900    3.4388    3.4388    3.7349   -0.2307    2.5205    0.0703    0.0874
   0    1.8589 -999.9900    3.5941    3.5941    3.6872   -0.0696    2.5979    0.0768    0.1011
   0    1.7950 -999.9900    3.4357    3.4357    3.7128   -0.2127    2.5219    0.0731    0.0886
    
2023041600
   0    2.1847 -999.9900    4.1497    4.1497    3.8469    0.2440    3.1080    0.1056    0.1250
   0    2.2701 -999.9900    4.3070    4.3070    3.7698    0.1471    3.2086    0.1273    0.1349
   0    2.2434 -999.9900    4.2534    4.2534    3.7142    0.2503    3.1911    0.1195    0.1369
   0    2.2867 -999.9900    4.3318    4.3318    3.7122    0.1703    3.2322    0.1328    0.1385
    
2023041700
   0    2.2324 -999.9900    4.0090    4.0090    3.6150   -0.0180    3.1075    0.1730    0.1225
   0    2.2790 -999.9900    4.1070    4.1070    3.6710   -0.0812    3.2112    0.1847    0.1180
   0    2.2092 -999.9900    3.9907    3.9907    3.5940    0.0655    3.0994    0.1622    0.1206
   0    2.2565 -999.9900    4.0779    4.0779    3.6461   -0.0185    3.1875    0.1749    0.1188
    
2023041800
   0    2.4333 -999.9900    4.3780    4.3780    3.5746   -0.7823    3.3644    0.1970    0.1335
   0    2.3747 -999.9900    4.2995    4.2995    3.6664   -0.8017    3.3585    0.2102    0.1158
   0    2.2634 -999.9900    4.1350    4.1350    3.6159   -0.7726    3.1784    0.1767    0.1114
   0    2.2854 -999.9900    4.1648    4.1648    3.6768   -0.7920    3.2420    0.1932    0.1039
    
2023041900
   0    1.9572 -999.9900    3.6033    3.6033    3.7462   -0.7682    2.7531    0.1210    0.0904
   0    1.8752 -999.9900    3.4802    3.4802    3.7906   -0.7276    2.6657    0.1172    0.0729
   0    1.8723 -999.9900    3.4428    3.4428    3.7451   -0.6432    2.6236    0.1122    0.0845
   0    1.8339 -999.9900    3.3943    3.3943    3.7925   -0.6608    2.5941    0.1110    0.0706
    
2023042000
   1 -999.9900 -999.9900 -999.9900 -999.9900 -999.9900 -999.9900 -999.9900 -999.9900 -999.9900
   0    1.9271 -999.9900    3.5484    3.5484    3.7368    0.5008    2.7304    0.0779    0.1343
   1 -999.9900 -999.9900 -999.9900 -999.9900 -999.9900 -999.9900 -999.9900 -999.9900 -999.9900
   0    2.0718 -999.9900    3.7042    3.7042    3.5854    0.4924    2.8803    0.1075    0.1990
    
2023042100
   0    1.9403 -999.9900    3.5201    3.5201    3.9456    1.2549    2.6962    0.0558    0.1359
   0    1.9693 -999.9900    3.5503    3.5503    3.8818    1.2223    2.7185    0.0660    0.1526
   0    1.8646 -999.9900    3.4174    3.4174    3.8020    1.2367    2.6099    0.0547    0.1272
   0    1.9128 -999.9900    3.4799    3.4799    3.8129    1.2179    2.6599    0.0628    0.1420
    
2023042200
   0    2.1141 -999.9900    3.8201    3.8201    3.7890    1.7095    2.9919    0.0390    0.2027
   0    2.0785 -999.9900    3.7140    3.7140    3.7577    1.6316    2.8937    0.0403    0.2076
   0    2.1318 -999.9900    3.8858    3.8858    3.9255    1.6609    3.0318    0.0384    0.1809
   0    2.0853 -999.9900    3.7671    3.7671    3.8549    1.6180    2.9338    0.0375    0.1907
    
2023042300
   0    1.7913 -999.9900    3.2689    3.2689    3.8542    1.0729    2.5180    0.0442    0.1108
   0    1.8270 -999.9900    3.3185    3.3185    3.7508    1.0059    2.5855    0.0502    0.1411
   0    1.8151 -999.9900    3.3182    3.3182    3.8647    1.0034    2.5873    0.0409    0.1075
   0    1.8340 -999.9900    3.3373    3.3373    3.7791    0.9776    2.6118    0.0467    0.1338
    
2023042400
   0    1.9181 -999.9900    3.4815    3.4815    3.7513    0.2896    2.6508    0.0905    0.1097
   0    1.8295 -999.9900    3.3523    3.3523    3.7038    0.5485    2.5118    0.0783    0.1139
   0    1.9093 -999.9900    3.4647    3.4647    3.7779    0.3948    2.6309    0.0800    0.1157
   0    1.8446 -999.9900    3.3753    3.3753    3.7229    0.5598    2.5322    0.0746    0.1147
    
2023042500
   0    1.7794 -999.9900    3.2786    3.2786    3.8002    0.8960    2.4602    0.0474    0.1100
   0    1.7516 -999.9900    3.1813    3.1813    3.7738    0.9353    2.4204    0.0484    0.1154
   0    1.7392 -999.9900    3.1846    3.1846    3.8592    0.7581    2.4128    0.0512    0.0897
   0    1.7443 -999.9900    3.1713    3.1713    3.7908    0.8447    2.4135    0.0514    0.1077
    
2023042600
   0    1.8656 -999.9900    3.4846    3.4846    3.8843    0.5527    2.5884    0.0669    0.1031
   0    1.8665 -999.9900    3.4766    3.4766    3.7608    0.6999    2.5729    0.0715    0.1148
   0    1.7913 -999.9900    3.3456    3.3456    3.8088    0.5653    2.4813    0.0551    0.0931
   0    1.8209 -999.9900    3.3968    3.3968    3.7393    0.6780    2.5153    0.0632    0.1072
    
2023042700
   0    1.8786 -999.9900    3.4737    3.4737    3.7674    0.5750    2.6155    0.0688    0.1197
   0    1.8828 -999.9900    3.4412    3.4412    3.7144    0.6833    2.5863    0.0613    0.1413
   0    1.8090 -999.9900    3.3499    3.3499    3.8469    0.5352    2.5374    0.0593    0.1029
   0    1.8353 -999.9900    3.3652    3.3652    3.7805    0.6378    2.5391    0.0590    0.1256
    
2023042800
   0    2.0778 -999.9900    3.8778    3.8778    3.8138    0.9546    2.9085    0.0662    0.1542
   0    1.9843 -999.9900    3.7014    3.7014    3.7412    0.9362    2.7445    0.0549    0.1492
   0    2.0725 -999.9900    3.9058    3.9058    3.8024    0.9601    2.9082    0.0589    0.1478
   0    1.9988 -999.9900    3.7467    3.7467    3.7576    0.9432    2.7786    0.0547    0.1421
    
2023042900
   0    2.0040 -999.9900    3.7879    3.7879    3.8363    0.5386    2.8065    0.0570    0.1268
   0    2.0005 -999.9900    3.8045    3.8045    3.6704    0.7644    2.7498    0.0620    0.1485
   0    2.0842 -999.9900    3.9824    3.9824    3.7748    0.6305    2.9007    0.0603    0.1443
   0    2.0472 -999.9900    3.9138    3.9138    3.6725    0.7743    2.8165    0.0591    0.1547
    
2023043000
   0    2.4331 -999.9900    4.5693    4.5693    3.6995    0.6849    3.3551    0.1276    0.1595
   0    2.4482 -999.9900    4.6037    4.6037    3.7059    0.5873    3.4060    0.1320    0.1734
   0    2.4457 -999.9900    4.5820    4.5820    3.7040    0.5705    3.4037    0.1342    0.1589
   0    2.4521 -999.9900    4.6067    4.6067    3.7044    0.5382    3.4294    0.1325    0.1706
    
2023050100
   0    2.4175 -999.9900    4.6322    4.6322    3.7420   -0.3103    3.4017    0.1510    0.1479
   0    2.3745 -999.9900    4.4876    4.4876    3.5249   -0.2168    3.3153    0.1675    0.1675
   0    2.3762 -999.9900    4.5546    4.5546    3.7282   -0.3826    3.3467    0.1539    0.1397
   0    2.3565 -999.9900    4.4722    4.4722    3.5579   -0.2789    3.3011    0.1660    0.1535
    
2023050200
   0    2.2887 -999.9900    4.0422    4.0422    3.5026   -0.3830    3.2291    0.1695    0.1585
   0    2.3520 -999.9900    4.1556    4.1556    3.5312   -0.1964    3.2992    0.1742    0.1633
   0    2.2734 -999.9900    4.0516    4.0516    3.5960   -0.2588    3.2018    0.1547    0.1564
   0    2.3348 -999.9900    4.1466    4.1466    3.5711   -0.1592    3.2769    0.1651    0.1622
    
2023050300
   0    1.8958 -999.9900    3.4726    3.4726    3.4960   -0.4811    2.6732    0.1265    0.0907
   0    1.9141 -999.9900    3.5094    3.5094    3.4958   -0.2877    2.6942    0.1245    0.1095
   0    1.8298 -999.9900    3.3575    3.3575    3.8166   -0.3481    2.5634    0.0840    0.0756
   0    1.8690 -999.9900    3.4374    3.4374    3.6857   -0.2465    2.6298    0.0946    0.0950
    
2023050400
   0    1.8290 -999.9900    3.3874    3.3874    3.4713   -0.5031    2.5621    0.1265    0.0783
   0    1.8135 -999.9900    3.3688    3.3688    3.5566   -0.3392    2.5421    0.1177    0.0744
   0    1.8082 -999.9900    3.3788    3.3788    3.4921   -0.4394    2.5464    0.1131    0.0717
   0    1.8006 -999.9900    3.3625    3.3625    3.5561   -0.3338    2.5344    0.1102    0.0706
    
2023050500
   0    1.6971 -999.9900    3.2278    3.2278    3.4659    0.0636    2.3921    0.0801    0.0864
   1 -999.9900 -999.9900 -999.9900 -999.9900 -999.9900 -999.9900 -999.9900 -999.9900 -999.9900
   0    1.7270 -999.9900    3.2762    3.2762    3.6179   -0.0216    2.4152    0.0746    0.0753
   1 -999.9900 -999.9900 -999.9900 -999.9900 -999.9900 -999.9900 -999.9900 -999.9900 -999.9900
    
2023050600
   0    1.7064 -999.9900    3.2245    3.2245    3.4223   -0.1703    2.3569    0.0904    0.0871
   0    1.7109 -999.9900    3.2641    3.2641    3.5207   -0.0793    2.3884    0.0874    0.0885
   0    1.7438 -999.9900    3.2865    3.2865    3.5410   -0.1226    2.4190    0.0821    0.0887
   0    1.7281 -999.9900    3.2872    3.2872    3.5757   -0.0689    2.4157    0.0806    0.0884
    
2023050700
   0    1.6821 -999.9900    3.1469    3.1469    3.4368    0.0282    2.3521    0.0802    0.1011
   0    1.6462 -999.9900    3.0579    3.0579    3.5003   -0.0411    2.3106    0.0876    0.0851
   0    1.6083 -999.9900    2.9943    2.9943    3.4954    0.0446    2.2472    0.0731    0.0826
   0    1.6071 -999.9900    2.9814    2.9814    3.5232   -0.0174    2.2527    0.0791    0.0771
    
2023050800
   0    1.6594 -999.9900    3.1688    3.1688    3.4004   -0.2405    2.3137    0.0902    0.0779
   0    1.6476 -999.9900    3.0829    3.0829    3.4082   -0.1346    2.3080    0.0858    0.0905
   0    1.6680 -999.9900    3.1714    3.1714    3.4693   -0.1944    2.3432    0.0816    0.0757
   0    1.6492 -999.9900    3.0941    3.0941    3.4547   -0.1281    2.3189    0.0792    0.0847
    
2023050900
   0    1.5451 -999.9900    2.8008    2.8008    3.5004   -0.1152    2.1233    0.0583    0.0770
   0    1.5197 -999.9900    2.7496    2.7496    3.5589    0.0253    2.0613    0.0508    0.0894
   0    1.5268 -999.9900    2.7710    2.7710    3.5811   -0.0823    2.0916    0.0511    0.0630
   0    1.5091 -999.9900    2.7391    2.7391    3.5966    0.0170    2.0539    0.0448    0.0773
    
2023051000
   0    1.6753 -999.9900    3.1228    3.1228    3.7975   -0.0886    2.3097    0.0506    0.0871
   0    1.6898 -999.9900    3.1732    3.1732    3.6327   -0.1993    2.3506    0.0667    0.0901
   0    1.6964 -999.9900    3.1863    3.1863    3.7210   -0.0686    2.3484    0.0542    0.0933
   0    1.6948 -999.9900    3.1905    3.1905    3.6297   -0.1652    2.3580    0.0640    0.0919
    
2023051100
   0    1.5731 -999.9900    2.9901    2.9901    3.2545    0.2711    2.1671    0.0698    0.0889
   0    1.6358 -999.9900    3.1250    3.1250    3.4324    0.2123    2.2728    0.0664    0.0943
   0    1.5882 -999.9900    3.0204    3.0204    3.4380    0.2213    2.1878    0.0589    0.0780
   0    1.6346 -999.9900    3.1159    3.1159    3.5024    0.1942    2.2641    0.0632    0.0874
    
2023051200
   1 -999.9900 -999.9900 -999.9900 -999.9900 -999.9900 -999.9900 -999.9900 -999.9900 -999.9900
   1 -999.9900 -999.9900 -999.9900 -999.9900 -999.9900 -999.9900 -999.9900 -999.9900 -999.9900
   1 -999.9900 -999.9900 -999.9900 -999.9900 -999.9900 -999.9900 -999.9900 -999.9900 -999.9900
   1 -999.9900 -999.9900 -999.9900 -999.9900 -999.9900 -999.9900 -999.9900 -999.9900 -999.9900
    
2023051300
   0    1.7165 -999.9900    3.1995    3.1995    3.3815    0.6625    2.4164    0.0634    0.1149
   0    1.7483 -999.9900    3.2452    3.2452    3.3892    0.7155    2.4604    0.0609    0.1261
   0    1.6882 -999.9900    3.1654    3.1654    3.3892    0.7741    2.3711    0.0464    0.1135
   0    1.7323 -999.9900    3.2311    3.2311    3.3773    0.7719    2.4333    0.0524    0.1251
    
2023051400
   0    1.7617 -999.9900    3.1834    3.1834    3.5941    1.1574    2.4635    0.0425    0.1359
   0    1.7972 -999.9900    3.2891    3.2891    3.4329    1.1933    2.5165    0.0489    0.1647
   0    1.7195 -999.9900    3.1170    3.1170    3.5328    1.0955    2.4113    0.0426    0.1294
   0    1.7608 -999.9900    3.2235    3.2235    3.4347    1.1489    2.4686    0.0475    0.1545
    
2023051500
   0    2.2316 -999.9900    4.1499    4.1499    3.4796    0.1364    3.1239    0.1636    0.1364
   0    2.1170 -999.9900    3.9349    3.9349    3.4493    0.1265    2.9730    0.1620    0.1359
   0    2.1747 -999.9900    4.0762    4.0762    3.4602    0.0692    3.0478    0.1649    0.1275
   0    2.0995 -999.9900    3.9259    3.9259    3.4522    0.0882    2.9497    0.1608    0.1263
    
2023051600
   0    1.8982 -999.9900    3.5797    3.5797    3.6946    0.4404    2.6701    0.0879    0.1002
   0    1.8413 -999.9900    3.4336    3.4336    3.5196    0.3711    2.6098    0.0999    0.1104
   0    1.9323 -999.9900    3.6490    3.6490    3.5955    0.4163    2.7247    0.0942    0.1056
   0    1.8664 -999.9900    3.4965    3.4965    3.5056    0.3705    2.6517    0.1002    0.1117
    
2023051700
   0    2.0081 -999.9900    3.6237    3.6237    3.4796    0.5359    2.8513    0.1017    0.1714
   0    1.8830 -999.9900    3.4159    3.4159    3.3942    0.5716    2.6652    0.0833    0.1678
   0    1.9871 -999.9900    3.5954    3.5954    3.4263    0.5573    2.8305    0.0997    0.1694
   0    1.8923 -999.9900    3.4380    3.4380    3.3826    0.5773    2.6878    0.0876    0.1649
    
2023051800
   0    1.9456 -999.9900    3.7258    3.7258    3.2420    1.2060    2.6578    0.0573    0.1854
   0    1.9240 -999.9900    3.6411    3.6411    3.2565    1.1264    2.6630    0.0586    0.1950
   0    1.8817 -999.9900    3.6786    3.6786    3.4128    1.1324    2.5857    0.0548    0.1535
   0    1.8856 -999.9900    3.6259    3.6259    3.3593    1.0981    2.6196    0.0565    0.1698
    
2023051900
   0    1.7587 -999.9900    3.2368    3.2368    3.4590    0.1745    2.5011    0.0876    0.0931
   0    1.8691 -999.9900    3.4451    3.4451    3.4794    0.2207    2.6691    0.1037    0.1093
   0    1.7472 -999.9900    3.2286    3.2286    3.4572    0.1373    2.4885    0.0840    0.0887
   0    1.8411 -999.9900    3.4021    3.4021    3.4719    0.1891    2.6312    0.0995    0.1006
    
2023052000
   0    1.8784 -999.9900    3.4174    3.4174    3.2664   -0.0489    2.6380    0.1311    0.1182
   0    1.8250 -999.9900    3.3126    3.3126    3.3392   -0.0895    2.5568    0.1307    0.1103
   0    1.9038 -999.9900    3.4582    3.4582    3.3003   -0.0333    2.6614    0.1351    0.1143
   0    1.8494 -999.9900    3.3581    3.3581    3.3452   -0.0720    2.5929    0.1331    0.1091
    
2023052100
   0    1.8662 -999.9900    3.3361    3.3361    3.3529    0.3912    2.6579    0.1059    0.1469
   0    1.8265 -999.9900    3.2432    3.2432    3.2933    0.4401    2.6114    0.1055    0.1518
   0    1.8610 -999.9900    3.3015    3.3015    3.3297    0.4619    2.6611    0.1005    0.1539
   0    1.8301 -999.9900    3.2418    3.2418    3.2906    0.4727    2.6239    0.1017    0.1551
    
2023052200
   0    1.8549 -999.9900    3.3094    3.3094    3.3211    1.0860    2.6124    0.0437    0.1983
   0    1.8398 -999.9900    3.2910    3.2910    3.2934    1.0962    2.5766    0.0514    0.2011
   0    1.8332 -999.9900    3.2812    3.2812    3.3886    1.0110    2.5915    0.0502    0.1760
   0    1.8278 -999.9900    3.2740    3.2740    3.3431    1.0492    2.5678    0.0534    0.1845
    
2023052300
   0    2.0571 -999.9900    3.9302    3.9302    3.2826    0.4012    2.9046    0.1018    0.1647
   0    2.0759 -999.9900    3.9358    3.9358    3.2426    0.4682    2.9418    0.1030    0.1722
   0    2.0782 -999.9900    3.9526    3.9526    3.2561    0.4953    2.9410    0.1004    0.1724
   0    2.0864 -999.9900    3.9525    3.9525    3.2296    0.5113    2.9575    0.1018    0.1749
    
2023052400
   0    2.1157 -999.9900    4.0046    4.0046    3.2971    0.5060    2.9889    0.1177    0.1514
   0    2.0270 -999.9900    3.8329    3.8329    3.3577    0.5432    2.8636    0.1202    0.1512
   0    2.0660 -999.9900    3.9239    3.9239    3.3176    0.5480    2.9405    0.1030    0.1547
   0    2.0138 -999.9900    3.8175    3.8175    3.3578    0.5610    2.8597    0.1101    0.1524
    
2023052500
   0    2.4342 -999.9900    4.3480    4.3480    3.1488    0.8968    3.3948    0.1375    0.2672
   0    2.4022 -999.9900    4.3911    4.3911    3.2360    0.9116    3.3447    0.1385    0.2471
   0    2.4231 -999.9900    4.3137    4.3137    3.0821    0.8888    3.3651    0.1423    0.2629
   0    2.3943 -999.9900    4.3586    4.3586    3.1848    0.9038    3.3361    0.1376    0.2473
    
2023052600
   0    2.4931 -999.9900    4.4919    4.4919    3.0518    0.8319    3.4060    0.1450    0.2590
   0    2.2435 -999.9900    4.2014    4.2014    3.3311    0.7250    3.1643    0.1148    0.2137
   0    2.3897 -999.9900    4.3434    4.3434    3.1663    0.6921    3.3122    0.1396    0.2357
   0    2.2348 -999.9900    4.1711    4.1711    3.3353    0.6625    3.1567    0.1179    0.2083
    
2023052700
   0    2.2300 -999.9900    4.1891    4.1891    3.1617    0.5703    3.0019    0.1155    0.1956
   0    2.0947 -999.9900    4.0070    4.0070    3.4035    0.5398    2.9015    0.1060    0.1685
   0    2.2041 -999.9900    4.1925    4.1925    3.2143    0.6060    3.0102    0.1074    0.1908
   0    2.1049 -999.9900    4.0432    4.0432    3.3887    0.5673    2.9232    0.1017    0.1721
    
2023052800
   0    1.6766 -999.9900    3.1796    3.1796    3.2859   -0.1079    2.3375    0.0961    0.1006
   0    1.6249 -999.9900    3.0708    3.0708    3.2980   -0.2252    2.2490    0.1056    0.0784
   0    1.7273 -999.9900    3.2885    3.2885    3.2380   -0.0065    2.4070    0.1008    0.1063
   0    1.6558 -999.9900    3.1390    3.1390    3.2884   -0.1409    2.2981    0.1059    0.0824
    
2023052900
   0    1.8438 -999.9900    3.3780    3.3780    3.1814   -0.1327    2.5829    0.1202    0.1400
   0    1.7783 -999.9900    3.2929    3.2929    3.2092   -0.2553    2.4687    0.1175    0.1264
   0    1.7772 -999.9900    3.2708    3.2708    3.2637   -0.1269    2.4803    0.0941    0.1292
   0    1.7502 -999.9900    3.2480    3.2480    3.2489   -0.2273    2.4266    0.1000    0.1229
    
2023053000
   0    1.6809 -999.9900    3.1131    3.1131    3.4730   -0.2330    2.3573    0.0891    0.0887
   0    1.7122 -999.9900    3.2073    3.2073    3.4220   -0.1958    2.4145    0.1008    0.0904
   0    1.6154 -999.9900    2.9791    2.9791    3.3472   -0.2274    2.2812    0.0883    0.0790
   0    1.6662 -999.9900    3.1090    3.1090    3.3596   -0.1999    2.3604    0.0963    0.0844
    
2023053100
   0    1.7159 -999.9900    3.1332    3.1332    3.3108   -0.5153    2.4444    0.1353    0.0721
   0    1.7539 -999.9900    3.2180    3.2180    3.2707   -0.5198    2.4997    0.1417    0.0795
   0    1.6875 -999.9900    3.0721    3.0721    3.2334   -0.4145    2.4064    0.1249    0.0808
   0    1.7279 -999.9900    3.1657    3.1657    3.2327   -0.4584    2.4650    0.1333    0.0829
    
2023060100
   0    1.8093 -999.9900    3.3524    3.3524    3.3054   -0.2789    2.5201    0.1167    0.0970
   0    1.7066 -999.9900    3.1651    3.1651    3.2503   -0.2487    2.3716    0.1061    0.0899
   0    1.7364 -999.9900    3.2150    3.2150    3.2124   -0.1983    2.4199    0.1104    0.0967
   0    1.6819 -999.9900    3.1193    3.1193    3.2046   -0.2064    2.3409    0.1036    0.0903
    
2023060200
   0    1.8077 -999.9900    3.3901    3.3901    3.0149    0.4360    2.5050    0.1002    0.1396
   0    1.7421 -999.9900    3.2708    3.2708    3.1254    0.3424    2.4249    0.0907    0.1296
   0    1.7471 -999.9900    3.2881    3.2881    3.0700    0.3832    2.4190    0.0892    0.1246
   0    1.7159 -999.9900    3.2297    3.2297    3.1378    0.3294    2.3846    0.0860    0.1212
    
2023060300
   0    1.9112 -999.9900    3.6175    3.6175    3.1351    1.0340    2.6372    0.0752    0.1699
   0    1.8641 -999.9900    3.5232    3.5232    3.2087    0.8753    2.5765    0.0758    0.1651
   0    1.8905 -999.9900    3.5845    3.5845    3.1550    1.0125    2.6110    0.0717    0.1697
   0    1.8615 -999.9900    3.5223    3.5223    3.2052    0.8942    2.5755    0.0734    0.1656
    
2023060400
   0    2.0330 -999.9900    3.9441    3.9441    3.2697    1.4157    2.7743    0.0471    0.1990
   0    2.0788 -999.9900    4.0593    4.0593    3.2361    1.3559    2.8442    0.0630    0.2039
   0    1.9908 -999.9900    3.9195    3.9195    3.2780    1.2967    2.7211    0.0507    0.1791
   0    2.0438 -999.9900    4.0238    4.0238    3.2459    1.2965    2.8002    0.0610    0.1911
    
2023060500
   0    2.0881 -999.9900    4.0768    4.0768    3.0659    1.3647    2.9235    0.0739    0.2189
   0    2.0771 -999.9900    4.0957    4.0957    3.1831    1.2926    2.8899    0.0705    0.1878
   0    2.0311 -999.9900    3.9567    3.9567    3.1770    1.2929    2.8661    0.0623    0.2071
   0    2.0421 -999.9900    4.0146    4.0146    3.2314    1.2639    2.8618    0.0637    0.1865
    
2023060600
   0    1.9953 -999.9900    3.7291    3.7291    3.3231    0.5688    2.7828    0.1032    0.1520
   0    2.0698 -999.9900    3.9002    3.9002    3.2279    0.7357    2.8907    0.1073    0.1796
   0    2.0231 -999.9900    3.7817    3.7817    3.2835    0.6781    2.8344    0.1050    0.1657
   0    2.0681 -999.9900    3.8898    3.8898    3.2327    0.7679    2.8968    0.1043    0.1797
    
2023060700
   0    2.0043 -999.9900    3.6203    3.6203    3.3138    0.1868    2.7254    0.1045    0.1654
   0    1.8961 -999.9900    3.4522    3.4522    3.3286    0.0549    2.6160    0.1054    0.1319
   0    1.8908 -999.9900    3.4380    3.4380    3.3133    0.1846    2.5941    0.0928    0.1490
   0    1.8447 -999.9900    3.3686    3.3686    3.3308    0.0799    2.5522    0.0945    0.1269
    
2023060800
   0    1.7158 -999.9900    3.1047    3.1047    3.2222   -0.2281    2.3957    0.1182    0.1031
   0    1.6788 -999.9900    3.0507    3.0507    3.2614   -0.2485    2.3499    0.1229    0.0878
   1 -999.9900 -999.9900 -999.9900 -999.9900 -999.9900 -999.9900 -999.9900 -999.9900 -999.9900
   0    1.7075 -999.9900    3.0868    3.0868    3.3540   -0.2872    2.3909    0.1219    0.0860
    
2023060900
   0    1.5214 -999.9900    2.6962    2.6962    3.6188   -0.3828    2.0539    0.0925    0.0422
   0    1.5369 -999.9900    2.7713    2.7713    3.3592   -0.2629    2.1092    0.1080    0.0540
   0    1.5175 -999.9900    2.7085    2.7085    3.5537   -0.3510    2.0702    0.0820    0.0436
   0    1.5295 -999.9900    2.7608    2.7608    3.3755   -0.2678    2.1051    0.0988    0.0530
    
2023061000
   0    1.5064 -999.9900    2.7755    2.7755    3.0910    0.3606    2.0837    0.0727    0.0922
   0    1.5258 -999.9900    2.7891    2.7891    3.0174    0.3414    2.1317    0.0797    0.1028
   0    1.5327 -999.9900    2.8085    2.8085    3.0493    0.2604    2.1244    0.0806    0.0971
   0    1.5368 -999.9900    2.8071    2.8071    3.0066    0.2851    2.1476    0.0832    0.1022
    
2023061100
   0    1.6557 -999.9900    3.0266    3.0266    3.2555    0.2142    2.3255    0.1102    0.0873
   0    1.5941 -999.9900    2.8878    2.8878    3.2029    0.1732    2.2185    0.1134    0.0813
   0    1.6761 -999.9900    3.0842    3.0842    3.2057    0.2555    2.3629    0.1114    0.0958
   0    1.6161 -999.9900    2.9509    2.9509    3.1850    0.2062    2.2647    0.1129    0.0842
    
2023061200
   0    1.9772 -999.9900    3.5906    3.5906    3.2786   -0.0585    2.8276    0.1246    0.1322
   0    1.8809 -999.9900    3.3934    3.3934    3.2346    0.0038    2.6570    0.1207    0.1293
   0    1.9030 -999.9900    3.4714    3.4714    3.3140   -0.0939    2.7124    0.1141    0.1145
   0    1.8543 -999.9900    3.3597    3.3597    3.2645   -0.0298    2.6228    0.1145    0.1207
    
2023061300
   0    1.5410 -999.9900    2.7759    2.7759    3.2205   -0.0232    2.1768    0.0735    0.0875
   0    1.4638 -999.9900    2.6445    2.6445    3.1519    0.0763    2.0715    0.0584    0.0866
   0    1.5675 -999.9900    2.8417    2.8417    3.3455    0.0380    2.2221    0.0584    0.0870
   0    1.4943 -999.9900    2.7081    2.7081    3.2455    0.0932    2.1204    0.0513    0.0863
    
2023061400
   0    1.6248 -999.9900    2.9848    2.9848    3.1276    0.2813    2.2846    0.0906    0.1071
   0    1.6018 -999.9900    2.9203    2.9203    3.2425    0.1635    2.2551    0.0913    0.0928
   0    1.6067 -999.9900    2.9461    2.9461    3.1631    0.2707    2.2507    0.0824    0.1024
   0    1.5894 -999.9900    2.9035    2.9035    3.2456    0.1807    2.2382    0.0835    0.0889
    
2023061500
   0    1.7394 -999.9900    3.2046    3.2046    3.1504    0.0243    2.4627    0.0942    0.1274
   0    1.7756 -999.9900    3.2433    3.2433    3.0802    0.0271    2.5272    0.1118    0.1294
   0    1.7074 -999.9900    3.1459    3.1459    3.2505    0.0082    2.4204    0.0781    0.1158
   0    1.7437 -999.9900    3.1975    3.1975    3.1587    0.0169    2.4865    0.0987    0.1173
    
2023061600
   0    1.8310 -999.9900    3.4135    3.4135    3.1783    0.2830    2.5635    0.1137    0.1256
   0    1.8853 -999.9900    3.4845    3.4845    3.1076    0.2670    2.6266    0.1240    0.1434
   0    1.8755 -999.9900    3.4749    3.4749    3.1239    0.3347    2.6166    0.1222    0.1379
   0    1.8985 -999.9900    3.5029    3.5029    3.0940    0.3012    2.6414    0.1248    0.1458
    
2023061700
   0    1.8865 -999.9900    3.4021    3.4021    2.9179   -0.0226    2.6654    0.1637    0.1427
   0    1.7634 -999.9900    3.2135    3.2135    3.0094    0.0138    2.5152    0.1226    0.1335
   0    1.8090 -999.9900    3.2828    3.2828    3.0550   -0.0042    2.5693    0.1436    0.1268
   0    1.7413 -999.9900    3.1798    3.1798    3.0687    0.0176    2.4881    0.1169    0.1256
    
2023061800
   0    1.5440 -999.9900    2.8537    2.8537    3.1875    0.2007    2.1268    0.0742    0.0920
   0    1.5866 -999.9900    2.9159    2.9159    3.0624    0.1644    2.1948    0.0947    0.1074
   0    1.5286 -999.9900    2.8062    2.8062    3.2578    0.1663    2.1124    0.0741    0.0825
   0    1.5652 -999.9900    2.8719    2.8719    3.1349    0.1510    2.1692    0.0876    0.0979
    
2023061900
   0    1.5936 -999.9900    2.8443    2.8443    3.1976   -0.2651    2.1872    0.1123    0.0908
   0    1.6029 -999.9900    2.8795    2.8795    3.1704   -0.2972    2.2210    0.1044    0.0995
   0    1.5988 -999.9900    2.8584    2.8584    3.1931   -0.2455    2.2168    0.1139    0.0887
   0    1.6029 -999.9900    2.8860    2.8860    3.1686   -0.2790    2.2372    0.1046    0.0960
    
2023062000
   0    1.9021 -999.9900    3.4162    3.4162    3.0647   -0.2957    2.6262    0.1567    0.1282
   0    1.9341 -999.9900    3.4573    3.4573    3.1198   -0.4100    2.6638    0.1685    0.1211
   0    1.8952 -999.9900    3.4106    3.4106    3.0487   -0.3318    2.6176    0.1563    0.1203
   0    1.9220 -999.9900    3.4483    3.4483    3.0966   -0.4088    2.6515    0.1657    0.1174
    
2023062100
   0    1.7301 -999.9900    3.1648    3.1648    3.1396   -0.0749    2.4435    0.1111    0.1104
   0    1.7707 -999.9900    3.2255    3.2255    3.1739   -0.0800    2.5248    0.1154    0.1179
   0    1.6898 -999.9900    3.0979    3.0979    3.0735   -0.1066    2.3988    0.1014    0.1097
   0    1.7389 -999.9900    3.1749    3.1749    3.1273   -0.0980    2.4832    0.1078    0.1130
    
2023062200
   0    1.5755 -999.9900    2.8555    2.8555    3.1481    0.1049    2.1987    0.0949    0.1021
   0    1.6002 -999.9900    2.8804    2.8804    3.0159    0.0426    2.2360    0.1068    0.1113
   0    1.5761 -999.9900    2.8678    2.8678    3.2176    0.0603    2.2030    0.0865    0.0932
   0    1.5909 -999.9900    2.8772    2.8772    3.0914    0.0283    2.2275    0.0967    0.1022
    
2023062300
   0    1.4979 -999.9900    2.7124    2.7124    3.2650    0.0367    2.0538    0.0661    0.0839
   0    1.5202 -999.9900    2.7268    2.7268    3.1381   -0.0954    2.0849    0.0897    0.0935
   0    1.4952 -999.9900    2.7093    2.7093    3.2272   -0.0894    2.0592    0.0708    0.0792
   0    1.5132 -999.9900    2.7260    2.7260    3.1379   -0.1446    2.0806    0.0866    0.0894
    
2023062400
   0    1.4141 -999.9900    2.5662    2.5662    3.0061   -0.1664    1.9328    0.0775    0.0899
   0    1.4529 -999.9900    2.6432    2.6432    3.0026   -0.2208    1.9919    0.0817    0.0974
   0    1.3934 -999.9900    2.5263    2.5263    3.0876   -0.1914    1.9016    0.0671    0.0800
   0    1.4292 -999.9900    2.5989    2.5989    3.0568   -0.2249    1.9593    0.0731    0.0893
    
2023062500
   0    1.6171 -999.9900    2.9594    2.9594    2.9071    0.1783    2.2246    0.1031    0.1274
   0    1.6435 -999.9900    3.0451    3.0451    2.9031    0.0887    2.2689    0.0984    0.1314
   0    1.5923 -999.9900    2.9302    2.9302    2.9185    0.2146    2.1947    0.0895    0.1236
   0    1.6230 -999.9900    3.0103    3.0103    2.9115    0.1284    2.2392    0.0920    0.1285
    
2023062600
   0    1.7982 -999.9900    3.2376    3.2376    3.2148    0.5516    2.4919    0.0684    0.1753
   0    1.8373 -999.9900    3.3456    3.3456    3.0489    0.5842    2.5684    0.0772    0.1956
   0    1.7444 -999.9900    3.1719    3.1719    3.1705    0.5687    2.4478    0.0660    0.1662
   0    1.7918 -999.9900    3.2800    3.2800    3.0629    0.5879    2.5260    0.0731    0.1866
    
2023062700
   0    1.8013 -999.9900    3.2222    3.2222    3.0223   -0.0482    2.5640    0.1284    0.1474
   0    1.8151 -999.9900    3.2405    3.2405    3.0215   -0.0756    2.5881    0.1330    0.1515
   0    1.7549 -999.9900    3.1450    3.1450    3.0115   -0.0813    2.4925    0.1194    0.1439
   0    1.7851 -999.9900    3.1932    3.1932    3.0129   -0.0900    2.5408    0.1269    0.1469
    
2023062800
   0    1.7849 -999.9900    3.2626    3.2626    3.2103   -0.5336    2.5381    0.1360    0.0903
   0    1.7035 -999.9900    3.1165    3.1165    3.0487   -0.4617    2.4200    0.1367    0.0966
   0    1.7598 -999.9900    3.2317    3.2317    3.1779   -0.5734    2.5091    0.1356    0.0859
   0    1.6995 -999.9900    3.1166    3.1166    3.0734   -0.4999    2.4197    0.1351    0.0910
    
2023062900
   0    1.5224 -999.9900    2.7576    2.7576    3.0393   -0.1346    2.1380    0.1029    0.0916
   0    1.4950 -999.9900    2.7388    2.7388    2.9747   -0.1615    2.0844    0.1055    0.0899
   0    1.5001 -999.9900    2.7250    2.7250    3.0245   -0.1168    2.1129    0.0913    0.0912
   0    1.4789 -999.9900    2.7042    2.7042    2.9965   -0.1455    2.0654    0.0955    0.0865
    
2023063000
   0    1.5766 -999.9900    2.8611    2.8611    3.1351    0.3422    2.2118    0.0836    0.1078
   0    1.5766 -999.9900    2.8611    2.8611    3.1351    0.3422    2.2118    0.0836    0.1078
   0    1.5761 -999.9900    2.8635    2.8635    3.1550    0.3635    2.2102    0.0711    0.1070
   0    1.5058 -999.9900    2.7196    2.7196    3.0909    0.3226    2.0843    0.0630    0.1083
    
