v6.1 gefs
v6.1 naefs
v7.0 gefs
v7.0 naefs
    
2023040100
   0    0.8441 -999.9900    1.4157    1.4157    0.4724    0.4701    1.0055    0.2094    0.4897
   0    0.7790 -999.9900    1.4342    1.4342    0.8692    0.5227    1.0255    0.1632    0.3664
   0    0.8384 -999.9900    1.4058    1.4058    0.4754    0.4564    1.0005    0.2117    0.4869
   0    0.7679 -999.9900    1.4039    1.4039    0.8308    0.4980    1.0059    0.1639    0.3689
    
2023040200
   0    0.7427 -999.9900    1.2492    1.2492    0.4933    0.2717    0.8973    0.2258    0.4379
   0    0.6621 -999.9900    1.2060    1.2060    0.8341    0.3388    0.8771    0.1503    0.3188
   0    0.7421 -999.9900    1.2520    1.2520    0.4996    0.2832    0.9000    0.2233    0.4379
   0    0.6565 -999.9900    1.1932    1.1932    0.8087    0.3233    0.8659    0.1524    0.3243
    
2023040300
   0    0.7173 -999.9900    1.1769    1.1769    0.4531    0.2764    0.8688    0.2259    0.4575
   0    0.6512 -999.9900    1.1786    1.1786    0.8000    0.2994    0.8634    0.1585    0.3279
   0    0.7205 -999.9900    1.1801    1.1801    0.4451    0.2930    0.8707    0.2223    0.4620
   0    0.6474 -999.9900    1.1627    1.1627    0.7673    0.3028    0.8546    0.1598    0.3400
    
2023040400
   1 -999.9900 -999.9900 -999.9900 -999.9900 -999.9900 -999.9900 -999.9900 -999.9900 -999.9900
   1 -999.9900 -999.9900 -999.9900 -999.9900 -999.9900 -999.9900 -999.9900 -999.9900 -999.9900
   1 -999.9900 -999.9900 -999.9900 -999.9900 -999.9900 -999.9900 -999.9900 -999.9900 -999.9900
   1 -999.9900 -999.9900 -999.9900 -999.9900 -999.9900 -999.9900 -999.9900 -999.9900 -999.9900
    
2023040500
   0    0.7906 -999.9900    1.3106    1.3106    0.4755    0.0297    0.9495    0.3377    0.3305
   0    0.6683 -999.9900    1.2213    1.2213    0.8737    0.0735    0.8945    0.2259    0.2275
   0    0.7841 -999.9900    1.3027    1.3027    0.4740    0.0466    0.9428    0.3277    0.3332
   0    0.6649 -999.9900    1.2111    1.2111    0.8468    0.0776    0.8848    0.2205    0.2353
    
2023040600
   0    0.8998 -999.9900    1.5858    1.5858    0.4685    0.0228    1.0653    0.3447    0.3377
   0    0.7398 -999.9900    1.3994    1.3994    0.9539    0.1367    0.9895    0.2227    0.2467
   0    0.9026 -999.9900    1.5788    1.5788    0.4533    0.0117    1.0647    0.3501    0.3393
   0    0.7432 -999.9900    1.4097    1.4097    0.9132    0.1104    0.9898    0.2317    0.2486
    
2023040700
   0    0.8874 -999.9900    1.5296    1.5296    0.4868    0.0014    1.0518    0.3284    0.3380
   0    0.7004 -999.9900    1.3161    1.3161    1.0760    0.2324    0.9299    0.1906    0.2480
   0    0.8457 -999.9900    1.4663    1.4663    0.5034    0.0377    1.0097    0.2908    0.3382
   0    0.6636 -999.9900    1.2651    1.2651    1.0093    0.2178    0.8889    0.1592    0.2499
    
2023040800
   0    0.8074 -999.9900    1.3654    1.3654    0.5048    0.0699    0.9644    0.2599    0.3567
   0    0.6887 -999.9900    1.2601    1.2601    0.9812    0.2688    0.9228    0.1579    0.2820
   0    0.7650 -999.9900    1.2878    1.2878    0.5265    0.0667    0.9234    0.2506    0.3462
   0    0.6395 -999.9900    1.1688    1.1688    0.9394    0.2029    0.8575    0.1471    0.2668
    
2023040900
   0    0.9282 -999.9900    1.4981    1.4981    0.5742    0.1402    1.1071    0.2549    0.4230
   0    0.7326 -999.9900    1.3151    1.3151    1.1042    0.3477    0.9702    0.1106    0.3081
   0    0.8661 -999.9900    1.4094    1.4094    0.5685    0.1769    1.0406    0.2387    0.4208
   0    0.6852 -999.9900    1.2266    1.2266    1.0075    0.3154    0.9075    0.1043    0.3206
    
2023041000
   0    0.8405 -999.9900    1.4594    1.4594    0.5561    0.3206    1.0184    0.1913    0.4447
   0    0.7284 -999.9900    1.3428    1.3428    0.9857    0.4171    0.9739    0.1110    0.3267
   0    0.7898 -999.9900    1.3816    1.3816    0.5658    0.2814    0.9657    0.1873    0.4301
   0    0.7004 -999.9900    1.2966    1.2966    0.9241    0.3375    0.9319    0.1230    0.3158
    
2023041100
   0    0.7118 -999.9900    1.2605    1.2605    0.6017    0.2337    0.8848    0.2463    0.3693
   0    0.6279 -999.9900    1.1871    1.1871    0.9212    0.2838    0.8492    0.1555    0.2685
   0    0.6792 -999.9900    1.2104    1.2104    0.5853    0.2453    0.8459    0.2278    0.3779
   0    0.5839 -999.9900    1.1058    1.1058    0.8963    0.2528    0.7905    0.1477    0.2634
    
2023041200
   0    0.7301 -999.9900    1.2600    1.2600    0.5140    0.1187    0.8821    0.2921    0.3713
   0    0.6310 -999.9900    1.2085    1.2085    0.8424    0.1296    0.8385    0.1895    0.2565
   0    0.7287 -999.9900    1.2602    1.2602    0.5228    0.1124    0.8821    0.2908    0.3657
   0    0.6283 -999.9900    1.1904    1.1904    0.8188    0.1217    0.8311    0.1953    0.2661
    
2023041300
   0    0.6870 -999.9900    1.1546    1.1546    0.5107    0.0623    0.8374    0.2850    0.3107
   0    0.6162 -999.9900    1.1475    1.1475    0.8488    0.0965    0.8219    0.1844    0.2203
   0    0.6849 -999.9900    1.1525    1.1525    0.5061    0.0535    0.8347    0.2848    0.3112
   0    0.6076 -999.9900    1.1173    1.1173    0.8223    0.0861    0.8046    0.1903    0.2221
    
2023041400
   0    0.6384 -999.9900    1.1028    1.1028    0.4754   -0.0544    0.7891    0.2834    0.2870
   0    0.5638 -999.9900    1.1077    1.1077    0.9104    0.0396    0.7755    0.1701    0.1729
   0    0.6358 -999.9900    1.0964    1.0964    0.4699   -0.0462    0.7875    0.2789    0.2879
   0    0.5512 -999.9900    1.0659    1.0659    0.8827    0.0288    0.7567    0.1714    0.1722
    
2023041500
   0    0.7895 -999.9900    1.3473    1.3473    0.5253   -0.0674    0.9615    0.2952    0.3014
   0    0.6853 -999.9900    1.2745    1.2745    0.9946    0.0307    0.9286    0.1801    0.1944
   0    0.7937 -999.9900    1.3497    1.3497    0.5294   -0.0762    0.9675    0.2987    0.3000
   0    0.6865 -999.9900    1.2635    1.2635    0.9731    0.0034    0.9242    0.1873    0.2039
    
2023041600
   0    0.6894 -999.9900    1.2565    1.2565    0.5191   -0.1160    0.8506    0.2810    0.2471
   0    0.6128 -999.9900    1.2039    1.2039    0.9972    0.0164    0.8386    0.1730    0.1768
   0    0.6790 -999.9900    1.2467    1.2467    0.5202   -0.1013    0.8406    0.2718    0.2461
   0    0.5944 -999.9900    1.1659    1.1659    0.9703    0.0002    0.8127    0.1673    0.1730
    
2023041700
   0    0.8637 -999.9900    1.4911    1.4911    0.5791    0.0869    1.0467    0.2396    0.3550
   0    0.7395 -999.9900    1.3798    1.3798    1.0150    0.1128    0.9859    0.1525    0.2566
   0    0.8568 -999.9900    1.4830    1.4830    0.5773    0.0853    1.0409    0.2406    0.3519
   0    0.7360 -999.9900    1.3675    1.3675    0.9793    0.1133    0.9794    0.1580    0.2606
    
2023041800
   0    0.7836 -999.9900    1.3607    1.3607    0.5571    0.2300    0.9569    0.2247    0.3749
   0    0.6738 -999.9900    1.2446    1.2446    0.9081    0.2865    0.8987    0.1298    0.2819
   0    0.7763 -999.9900    1.3535    1.3535    0.5642    0.2184    0.9529    0.2229    0.3677
   0    0.6680 -999.9900    1.2362    1.2362    0.8816    0.2722    0.8904    0.1345    0.2823
    
2023041900
   0    0.6981 -999.9900    1.2007    1.2007    0.4947    0.2249    0.8510    0.2417    0.3613
   0    0.6161 -999.9900    1.1710    1.1710    0.8464    0.2250    0.8268    0.1453    0.2474
   0    0.6934 -999.9900    1.1909    1.1909    0.4937    0.2159    0.8469    0.2440    0.3623
   0    0.6056 -999.9900    1.1419    1.1419    0.8133    0.2237    0.8100    0.1475    0.2559
    
2023042000
   0    0.7464 -999.9900    1.2427    1.2427    0.4173    0.0064    0.8850    0.3053    0.3849
   0    0.6267 -999.9900    1.1453    1.1453    0.8542    0.0322    0.8292    0.1852    0.2519
   0    0.7459 -999.9900    1.2445    1.2445    0.4349    0.0094    0.8880    0.3002    0.3759
   0    0.6274 -999.9900    1.1417    1.1417    0.8297    0.0261    0.8273    0.1899    0.2510
    
2023042100
   0    0.7365 -999.9900    1.2283    1.2283    0.4193    0.0186    0.8649    0.2747    0.4052
   0    0.5865 -999.9900    1.0920    1.0920    0.8981    0.0725    0.7754    0.1497    0.2582
   0    0.7337 -999.9900    1.2291    1.2291    0.4322    0.0212    0.8658    0.2710    0.3980
   0    0.5856 -999.9900    1.0857    1.0857    0.8751    0.0685    0.7665    0.1524    0.2640
    
2023042200
   0    0.8234 -999.9900    1.3936    1.3936    0.4629    0.1095    0.9761    0.2632    0.4692
   0    0.6580 -999.9900    1.2493    1.2493    0.9374    0.1811    0.8843    0.1588    0.3012
   0    0.8237 -999.9900    1.3934    1.3934    0.4617    0.1061    0.9777    0.2657    0.4671
   0    0.6573 -999.9900    1.2405    1.2405    0.9106    0.1714    0.8792    0.1589    0.3140
    
2023042300
   0    0.9522 -999.9900    1.7069    1.7069    0.5225    0.0271    1.1257    0.3439    0.3722
   0    0.6886 -999.9900    1.3761    1.3761    1.1057    0.1227    0.9290    0.2134    0.1983
   0    0.9587 -999.9900    1.7211    1.7211    0.5122    0.0568    1.1313    0.3367    0.3825
   0    0.7036 -999.9900    1.4146    1.4146    1.0821    0.1280    0.9500    0.2116    0.2127
    
2023042400
   0    0.8814 -999.9900    1.5735    1.5735    0.5878   -0.0766    1.0594    0.3494    0.3125
   0    0.6786 -999.9900    1.3266    1.3266    1.1060    0.0654    0.9076    0.2316    0.1753
   0    0.8815 -999.9900    1.5757    1.5757    0.5773   -0.0944    1.0603    0.3539    0.3114
   0    0.6847 -999.9900    1.3385    1.3385    1.0757    0.0239    0.9138    0.2338    0.1807
    
2023042500
   0    0.7396 -999.9900    1.2869    1.2869    0.4570    0.1457    0.8920    0.2638    0.3686
   0    0.6073 -999.9900    1.1656    1.1656    0.9805    0.1621    0.8219    0.1724    0.2136
   0    0.7331 -999.9900    1.2789    1.2789    0.4638    0.1395    0.8860    0.2608    0.3654
   0    0.6127 -999.9900    1.1655    1.1655    0.9345    0.1468    0.8153    0.1771    0.2234
    
2023042600
   1 -999.9900 -999.9900 -999.9900 -999.9900 -999.9900 -999.9900 -999.9900 -999.9900 -999.9900
   1 -999.9900 -999.9900 -999.9900 -999.9900 -999.9900 -999.9900 -999.9900 -999.9900 -999.9900
   1 -999.9900 -999.9900 -999.9900 -999.9900 -999.9900 -999.9900 -999.9900 -999.9900 -999.9900
   1 -999.9900 -999.9900 -999.9900 -999.9900 -999.9900 -999.9900 -999.9900 -999.9900 -999.9900
    
2023042700
   0    0.8061 -999.9900    1.3797    1.3797    0.4266    0.1632    0.9503    0.2857    0.3584
   0    0.6417 -999.9900    1.2217    1.2217    0.8900    0.1220    0.8508    0.1898    0.1964
   0    0.8062 -999.9900    1.3840    1.3840    0.4331    0.1673    0.9514    0.2807    0.3547
   0    0.6415 -999.9900    1.2217    1.2217    0.8646    0.1266    0.8460    0.1911    0.2023
    
2023042800
   0    0.8504 -999.9900    1.4273    1.4273    0.4767   -0.0225    1.0024    0.2999    0.3684
   0    0.6713 -999.9900    1.2489    1.2489    0.9258   -0.0428    0.8928    0.1950    0.2164
   0    0.8341 -999.9900    1.4068    1.4068    0.4694   -0.0386    0.9861    0.3081    0.3543
   0    0.6632 -999.9900    1.2356    1.2356    0.8881   -0.0525    0.8790    0.2025    0.2215
    
2023042900
   0    0.8421 -999.9900    1.3811    1.3811    0.4675   -0.0352    0.9873    0.2967    0.3565
   0    0.6981 -999.9900    1.2569    1.2569    0.9562    0.0881    0.9283    0.1787    0.2629
   0    0.8411 -999.9900    1.3854    1.3854    0.4614   -0.0454    0.9840    0.3025    0.3519
   0    0.6928 -999.9900    1.2460    1.2460    0.9241    0.0582    0.9151    0.1885    0.2654
    
2023043000
   0    0.8077 -999.9900    1.3440    1.3440    0.5331   -0.0597    0.9743    0.3480    0.3262
   0    0.7068 -999.9900    1.2487    1.2487    1.0344    0.0599    0.9413    0.2473    0.2269
   0    0.8020 -999.9900    1.3371    1.3371    0.5342   -0.0743    0.9699    0.3483    0.3164
   0    0.6935 -999.9900    1.2235    1.2235    0.9937    0.0288    0.9190    0.2483    0.2282
    
2023050100
   0    0.7606 -999.9900    1.3414    1.3414    0.5543    0.1205    0.9287    0.2756    0.3671
   0    0.6305 -999.9900    1.1987    1.1987    0.9667    0.1651    0.8442    0.1781    0.2367
   0    0.7641 -999.9900    1.3469    1.3469    0.5531    0.1148    0.9345    0.2763    0.3601
   0    0.6317 -999.9900    1.1990    1.1990    0.9376    0.1570    0.8433    0.1818    0.2415
    
2023050200
   0    0.8021 -999.9900    1.3889    1.3889    0.5466    0.3596    0.9729    0.2191    0.4325
   0    0.6365 -999.9900    1.1890    1.1890    0.9736    0.2956    0.8353    0.1390    0.2680
   0    0.8039 -999.9900    1.3949    1.3949    0.5560    0.3606    0.9783    0.2189    0.4347
   0    0.6424 -999.9900    1.2004    1.2004    0.9422    0.3021    0.8446    0.1430    0.2779
    
2023050300
   0    0.8960 -999.9900    1.5562    1.5562    0.5094    0.5331    1.0660    0.1809    0.4925
   0    0.6866 -999.9900    1.3405    1.3405    0.8901    0.3627    0.8930    0.1312    0.2984
   0    0.8977 -999.9900    1.5618    1.5618    0.5143    0.5349    1.0709    0.1796    0.4917
   0    0.7049 -999.9900    1.3659    1.3659    0.8681    0.3962    0.9168    0.1327    0.3121
    
2023050400
   0    0.8127 -999.9900    1.4207    1.4207    0.5978    0.2276    0.9801    0.2658    0.3579
   0    0.6585 -999.9900    1.2570    1.2570    0.9382    0.1084    0.8726    0.2003    0.2177
   0    0.8142 -999.9900    1.4287    1.4287    0.6026    0.2124    0.9834    0.2669    0.3528
   0    0.6674 -999.9900    1.2704    1.2704    0.9224    0.1269    0.8822    0.2009    0.2275
    
2023050500
   0    0.7907 -999.9900    1.3972    1.3972    0.5811    0.1965    0.9645    0.2596    0.4015
   0    0.6421 -999.9900    1.2297    1.2297    1.0065    0.1004    0.8528    0.1854    0.2239
   0    0.7891 -999.9900    1.3966    1.3966    0.5801    0.1924    0.9630    0.2584    0.4005
   0    0.6423 -999.9900    1.2300    1.2300    0.9733    0.1224    0.8531    0.1828    0.2337
    
2023050600
   0    0.8714 -999.9900    1.6631    1.6631    0.6123    0.3839    1.0537    0.2083    0.4370
   0    0.7071 -999.9900    1.4935    1.4935    1.0534    0.2816    0.9241    0.1531    0.2509
   0    0.8760 -999.9900    1.6664    1.6664    0.6031    0.3899    1.0571    0.2082    0.4420
   0    0.7097 -999.9900    1.4946    1.4946    1.0318    0.3075    0.9272    0.1503    0.2649
    
2023050700
   0    0.8683 -999.9900    1.5797    1.5797    0.5372    0.4578    1.0367    0.2153    0.4724
   0    0.6935 -999.9900    1.3125    1.3125    1.0370    0.3917    0.9228    0.1449    0.3189
   0    0.8654 -999.9900    1.5836    1.5836    0.5600    0.4626    1.0387    0.2110    0.4690
   0    0.6989 -999.9900    1.3329    1.3329    1.0139    0.4132    0.9282    0.1443    0.3351
    
2023050800
   0    0.9001 -999.9900    1.7062    1.7062    0.5572    0.5194    1.0767    0.2166    0.4654
   0    0.6853 -999.9900    1.3343    1.3343    1.0436    0.3945    0.9133    0.1722    0.2909
   0    0.8966 -999.9900    1.7057    1.7057    0.5585    0.5118    1.0733    0.2175    0.4601
   0    0.6969 -999.9900    1.3731    1.3731    1.0246    0.4192    0.9283    0.1720    0.3076
    
2023050900
   0    0.8527 -999.9900    1.6233    1.6233    0.5353    0.5759    1.0253    0.1956    0.4704
   0    0.6237 -999.9900    1.2232    1.2232    1.0212    0.3547    0.8334    0.1548    0.2883
   0    0.8496 -999.9900    1.6250    1.6250    0.5426    0.5706    1.0223    0.1939    0.4691
   0    0.6402 -999.9900    1.2689    1.2689    0.9975    0.4007    0.8587    0.1543    0.3049
    
2023051000
   0    0.7498 -999.9900    1.3630    1.3630    0.5309    0.3149    0.9129    0.2286    0.4065
   0    0.5993 -999.9900    1.1978    1.1978    0.8785    0.0775    0.7952    0.1971    0.1812
   0    0.7489 -999.9900    1.3602    1.3602    0.5247    0.3087    0.9116    0.2309    0.4038
   0    0.6002 -999.9900    1.1950    1.1950    0.8512    0.1198    0.7955    0.1951    0.1946
    
2023051100
   0    0.8243 -999.9900    1.4506    1.4506    0.5119    0.4518    0.9937    0.1882    0.5023
   0    0.6381 -999.9900    1.2303    1.2303    0.9211    0.2422    0.8485    0.1494    0.2797
   0    0.8227 -999.9900    1.4471    1.4471    0.5127    0.4555    0.9917    0.1867    0.5039
   0    0.6450 -999.9900    1.2392    1.2392    0.8997    0.2848    0.8576    0.1463    0.2964
    
2023051200
   0    0.9425 -999.9900    1.6247    1.6247    0.5337    0.6294    1.1192    0.1499    0.5728
   0    0.6984 -999.9900    1.3251    1.3251    1.0094    0.3269    0.9280    0.1254    0.3202
   0    0.9474 -999.9900    1.6268    1.6268    0.5233    0.6299    1.1223    0.1494    0.5776
   0    0.7143 -999.9900    1.3529    1.3529    0.9806    0.3913    0.9481    0.1213    0.3456
    
2023051300
   0    1.0012 -999.9900    1.6529    1.6529    0.5358    0.6871    1.1830    0.1632    0.5933
   0    0.7039 -999.9900    1.3208    1.3208    1.0170    0.4036    0.9405    0.1223    0.3384
   0    0.9904 -999.9900    1.6443    1.6443    0.5492    0.6610    1.1737    0.1642    0.5835
   0    0.7191 -999.9900    1.3439    1.3439    0.9905    0.4472    0.9609    0.1222    0.3675
    
2023051400
   0    0.9860 -999.9900    1.6355    1.6355    0.5818    0.5335    1.1651    0.2116    0.5121
   0    0.7077 -999.9900    1.3304    1.3304    1.1041    0.1727    0.9348    0.1706    0.2539
   0    0.9772 -999.9900    1.6271    1.6271    0.5836    0.5362    1.1573    0.2069    0.5077
   0    0.7171 -999.9900    1.3467    1.3467    1.0674    0.2526    0.9524    0.1635    0.2792
    
2023051500
   0    0.9731 -999.9900    1.7078    1.7078    0.5906    0.3884    1.1469    0.2596    0.4228
   0    0.7539 -999.9900    1.4725    1.4725    1.0138    0.1970    0.9847    0.2026    0.2166
   0    0.9286 -999.9900    1.6422    1.6422    0.6148    0.3792    1.1004    0.2412    0.4155
   0    0.7428 -999.9900    1.4334    1.4334    0.9489    0.2716    0.9737    0.1856    0.2605
    
2023051600
   0    0.8474 -999.9900    1.5511    1.5511    0.6079    0.3174    1.0213    0.2584    0.3479
   0    0.7127 -999.9900    1.3974    1.3974    1.1022    0.0558    0.9489    0.2230    0.1422
   0    0.8121 -999.9900    1.4932    1.4932    0.6269    0.3137    0.9827    0.2559    0.3341
   0    0.6755 -999.9900    1.3356    1.3356    1.0203    0.1377    0.8996    0.2081    0.1518
    
2023051700
   0    0.8980 -999.9900    1.6058    1.6058    0.6283    0.3981    1.0883    0.2626    0.3568
   0    0.7205 -999.9900    1.3886    1.3886    1.1122    0.0963    0.9583    0.2374    0.1597
   0    0.8765 -999.9900    1.5778    1.5778    0.6669    0.3719    1.0658    0.2585    0.3391
   0    0.7160 -999.9900    1.3827    1.3827    1.0835    0.1475    0.9485    0.2248    0.1674
    
2023051800
   0    0.9052 -999.9900    1.5651    1.5651    0.5920    0.3576    1.0895    0.2837    0.3729
   0    0.7304 -999.9900    1.3889    1.3889    1.0692    0.0715    0.9698    0.2644    0.1626
   0    0.9005 -999.9900    1.5640    1.5640    0.5996    0.3584    1.0866    0.2789    0.3695
   0    0.7303 -999.9900    1.3887    1.3887    1.0403    0.1353    0.9702    0.2538    0.1741
    
2023051900
   0    0.9448 -999.9900    1.6800    1.6800    0.6207    0.4498    1.1338    0.2301    0.4092
   0    0.7572 -999.9900    1.4786    1.4786    1.0546    0.2312    0.9913    0.1731    0.2173
   0    0.9530 -999.9900    1.6942    1.6942    0.6157    0.4703    1.1441    0.2293    0.4166
   0    0.7667 -999.9900    1.4978    1.4978    1.0311    0.2950    1.0035    0.1722    0.2320
    
2023052000
   0    0.9030 -999.9900    1.6141    1.6141    0.5720    0.3763    1.0780    0.2610    0.3913
   0    0.7228 -999.9900    1.4281    1.4281    1.0584    0.1556    0.9547    0.1913    0.2029
   0    0.9015 -999.9900    1.6112    1.6112    0.5709    0.3805    1.0766    0.2591    0.3938
   0    0.7290 -999.9900    1.4368    1.4368    1.0327    0.2122    0.9626    0.1896    0.2189
    
2023052100
   0    0.9497 -999.9900    1.6055    1.6055    0.5823    0.3644    1.1277    0.2608    0.4117
   0    0.7810 -999.9900    1.4432    1.4432    1.1609    0.1818    1.0351    0.1948    0.2247
   0    0.9520 -999.9900    1.6056    1.6056    0.5801    0.3603    1.1326    0.2610    0.4102
   0    0.7809 -999.9900    1.4307    1.4307    1.1248    0.2192    1.0310    0.1979    0.2432
    
2023052200
   0    0.9885 -999.9900    1.7046    1.7046    0.6991    0.2961    1.1773    0.2804    0.3960
   0    0.7973 -999.9900    1.5097    1.5097    1.1952    0.1862    1.0398    0.2233    0.2221
   0    0.9812 -999.9900    1.6914    1.6914    0.6980    0.2937    1.1710    0.2803    0.3955
   0    0.7942 -999.9900    1.4922    1.4922    1.1529    0.2026    1.0343    0.2245    0.2320
    
2023052300
   0    0.8309 -999.9900    1.5160    1.5160    0.6936    0.3112    1.0164    0.2074    0.4145
   0    0.7005 -999.9900    1.3941    1.3941    1.2545    0.0826    0.9383    0.1725    0.1959
   1 -999.9900 -999.9900 -999.9900 -999.9900 -999.9900 -999.9900 -999.9900 -999.9900 -999.9900
   0    0.6879 -999.9900    1.3555    1.3555    1.2068    0.1159    0.9203    0.1710    0.2078
    
2023052400
   0    0.8704 -999.9900    1.5201    1.5201    0.6324    0.6421    1.0635    0.1552    0.5077
   0    0.7476 -999.9900    1.4281    1.4281    1.1621    0.4999    0.9999    0.1135    0.3249
   0    0.8587 -999.9900    1.5254    1.5254    0.6254    0.5945    1.0510    0.1753    0.4761
   0    0.7284 -999.9900    1.3904    1.3904    1.1215    0.4909    0.9724    0.1200    0.3130
    
2023052500
   0    0.7947 -999.9900    1.3928    1.3928    0.6845    0.5016    0.9878    0.1942    0.4354
   0    0.6942 -999.9900    1.2919    1.2919    1.0269    0.4159    0.9331    0.1346    0.3036
   0    0.7888 -999.9900    1.3905    1.3905    0.7056    0.5146    0.9827    0.1897    0.4324
   0    0.6840 -999.9900    1.2666    1.2666    1.0118    0.4387    0.9186    0.1347    0.3033
    
2023052600
   0    0.8742 -999.9900    1.5432    1.5432    0.7060    0.4934    1.0844    0.2433    0.4416
   0    0.7206 -999.9900    1.3263    1.3263    1.0330    0.3307    0.9568    0.1900    0.2970
   0    0.8686 -999.9900    1.5361    1.5361    0.7111    0.4812    1.0791    0.2432    0.4391
   0    0.7235 -999.9900    1.3339    1.3339    1.0176    0.3550    0.9632    0.1947    0.3052
    
2023052700
   0    0.8667 -999.9900    1.6193    1.6193    0.7153    0.5194    1.0639    0.2310    0.4338
   0    0.6460 -999.9900    1.2723    1.2723    1.0394    0.2898    0.8681    0.1979    0.2542
   0    0.8597 -999.9900    1.6054    1.6054    0.7211    0.5216    1.0550    0.2312    0.4312
   0    0.6626 -999.9900    1.3118    1.3118    1.0185    0.3337    0.8931    0.1968    0.2713
    
2023052800
   0    0.7829 -999.9900    1.4989    1.4989    0.6714    0.4331    0.9771    0.2194    0.4053
   0    0.5802 -999.9900    1.1845    1.1845    1.0263    0.1696    0.7858    0.1865    0.1816
   0    0.7687 -999.9900    1.4784    1.4784    0.6827    0.4254    0.9642    0.2110    0.4011
   0    0.5897 -999.9900    1.2080    1.2080    1.0108    0.2188    0.8001    0.1750    0.1951
    
2023052900
   0    0.9524 -999.9900    1.7800    1.7800    0.7987    0.6474    1.1727    0.1977    0.4586
   0    0.6975 -999.9900    1.3886    1.3886    1.1915    0.2529    0.9339    0.1842    0.2256
   0    0.9433 -999.9900    1.7604    1.7604    0.8130    0.6398    1.1657    0.1974    0.4553
   0    0.7143 -999.9900    1.4260    1.4260    1.1697    0.3285    0.9624    0.1773    0.2437
    
2023053000
   0    0.9122 -999.9900    1.6560    1.6560    0.8589    0.5864    1.1373    0.1895    0.4148
   0    0.7047 -999.9900    1.3611    1.3611    1.2130    0.2101    0.9503    0.1928    0.2069
   0    0.8663 -999.9900    1.5942    1.5942    0.8559    0.5391    1.0896    0.1859    0.4030
   0    0.6802 -999.9900    1.3330    1.3330    1.1789    0.2542    0.9273    0.1777    0.2052
    
2023053100
   0    0.8773 -999.9900    1.6972    1.6972    0.6744    0.6449    1.0863    0.1855    0.4017
   0    0.6711 -999.9900    1.3450    1.3450    1.1504    0.3564    0.9084    0.1555    0.2365
   0    0.8702 -999.9900    1.6869    1.6869    0.6615    0.6292    1.0779    0.1846    0.3935
   0    0.6762 -999.9900    1.3656    1.3656    1.1206    0.4058    0.9166    0.1506    0.2452
    
2023060100
   0    0.8190 -999.9900    1.5801    1.5801    0.6910    0.4195    1.0159    0.2396    0.3840
   0    0.6198 -999.9900    1.2680    1.2680    1.0748    0.1943    0.8428    0.1773    0.2174
   0    0.8202 -999.9900    1.5899    1.5899    0.6870    0.4304    1.0200    0.2373    0.3848
   0    0.6305 -999.9900    1.2941    1.2941    1.0622    0.2430    0.8608    0.1776    0.2276
    
2023060200
   0    0.8055 -999.9900    1.5422    1.5422    0.6256    0.5472    0.9909    0.1760    0.4698
   0    0.5750 -999.9900    1.1797    1.1797    1.0568    0.2077    0.7764    0.1402    0.2244
   0    0.7944 -999.9900    1.5307    1.5307    0.6307    0.5186    0.9814    0.1764    0.4575
   0    0.5841 -999.9900    1.2092    1.2092    1.0359    0.2561    0.7953    0.1384    0.2369
    
2023060300
   0    0.8560 -999.9900    1.6203    1.6203    0.6233    0.6693    1.0556    0.1269    0.5300
   0    0.6418 -999.9900    1.2895    1.2895    1.1299    0.3312    0.8648    0.1088    0.3113
   0    0.8503 -999.9900    1.6133    1.6133    0.6221    0.6565    1.0502    0.1288    0.5254
   0    0.6454 -999.9900    1.3045    1.3045    1.1046    0.3867    0.8752    0.1070    0.3222
    
2023060400
   0    0.8024 -999.9900    1.5306    1.5306    0.6820    0.4179    1.0010    0.1832    0.4779
   0    0.6423 -999.9900    1.2227    1.2227    1.0823    0.2292    0.8710    0.1285    0.3186
   0    0.8023 -999.9900    1.5339    1.5339    0.6800    0.4209    1.0010    0.1806    0.4816
   0    0.6469 -999.9900    1.2502    1.2502    1.0642    0.2690    0.8803    0.1263    0.3307
    
2023060500
   0    0.8194 -999.9900    1.6022    1.6022    0.8108    0.2011    1.0206    0.2411    0.3903
   0    0.6847 -999.9900    1.3222    1.3222    1.1590    0.0402    0.9205    0.1846    0.2738
   0    0.8201 -999.9900    1.6080    1.6080    0.8029    0.1932    1.0231    0.2433    0.3853
   0    0.6858 -999.9900    1.3448    1.3448    1.1454    0.0696    0.9246    0.1853    0.2728
    
2023060600
   0    0.7456 -999.9900    1.4464    1.4464    0.7370    0.3113    0.9359    0.2307    0.3701
   0    0.6148 -999.9900    1.2466    1.2466    1.0491    0.2105    0.8246    0.1640    0.2464
   0    0.7368 -999.9900    1.4377    1.4377    0.7581    0.2959    0.9289    0.2279    0.3561
   0    0.6138 -999.9900    1.2456    1.2456    1.0489    0.2225    0.8242    0.1633    0.2488
    
2023060700
   0    0.7689 -999.9900    1.4636    1.4636    0.6424    0.2137    0.9516    0.2573    0.3374
   0    0.6246 -999.9900    1.2773    1.2773    0.9861    0.0395    0.8242    0.2067    0.1905
   0    0.7665 -999.9900    1.4615    1.4615    0.6580    0.2168    0.9520    0.2535    0.3318
   0    0.6287 -999.9900    1.2807    1.2807    0.9756    0.0749    0.8320    0.2066    0.1929
    
2023060800
   0    0.8683 -999.9900    1.6270    1.6270    0.6712    0.4116    1.0632    0.2649    0.3622
   0    0.6815 -999.9900    1.3937    1.3937    1.0562    0.1605    0.9034    0.2267    0.1878
   0    0.8735 -999.9900    1.6389    1.6389    0.6699    0.4345    1.0698    0.2610    0.3710
   0    0.6922 -999.9900    1.4145    1.4145    1.0399    0.2219    0.9213    0.2237    0.1999
    
2023060900
   0    0.8958 -999.9900    1.6489    1.6489    0.7695    0.5108    1.1066    0.2188    0.4234
   0    0.6761 -999.9900    1.3248    1.3248    1.1330    0.1808    0.9037    0.2072    0.1911
   0    0.8888 -999.9900    1.6379    1.6379    0.7735    0.5036    1.0993    0.2131    0.4221
   0    0.6864 -999.9900    1.3523    1.3523    1.1091    0.2444    0.9219    0.1975    0.2099
    
2023061000
   0    0.8407 -999.9900    1.5497    1.5497    0.7794    0.4775    1.0483    0.2117    0.4388
   0    0.6985 -999.9900    1.3586    1.3586    1.1502    0.2805    0.9399    0.1936    0.2310
   0    0.8429 -999.9900    1.5521    1.5521    0.7633    0.4776    1.0507    0.2133    0.4359
   0    0.6994 -999.9900    1.3643    1.3643    1.1221    0.3250    0.9452    0.1876    0.2401
    
2023061100
   0    0.8019 -999.9900    1.4927    1.4927    0.7318    0.4364    0.9973    0.1979    0.4115
   0    0.6235 -999.9900    1.2593    1.2593    1.1050    0.1273    0.8355    0.1667    0.1842
   0    0.8055 -999.9900    1.5000    1.5000    0.7171    0.4659    1.0012    0.1951    0.4172
   0    0.6282 -999.9900    1.2660    1.2660    1.0882    0.2145    0.8436    0.1581    0.2006
    
2023061200
   0    0.9330 -999.9900    1.6440    1.6440    0.8206    0.3067    1.1567    0.2261    0.4444
   0    0.7718 -999.9900    1.5000    1.5000    1.1492    0.1267    1.0216    0.1956    0.2443
   0    0.8792 -999.9900    1.5824    1.5824    0.7887    0.3010    1.0980    0.2211    0.4249
   0    0.7216 -999.9900    1.4218    1.4218    1.1094    0.1477    0.9639    0.1883    0.2382
    
2023061300
   0    0.8060 -999.9900    1.5169    1.5169    0.8405    0.2592    1.0149    0.2150    0.3866
   0    0.6604 -999.9900    1.3316    1.3316    1.1009    0.1439    0.8971    0.1604    0.2000
   0    0.7677 -999.9900    1.4756    1.4756    0.8206    0.2998    0.9772    0.2050    0.3706
   0    0.6284 -999.9900    1.2850    1.2850    1.0852    0.1661    0.8611    0.1586    0.1816
    
2023061400
   0    0.8125 -999.9900    1.4349    1.4349    0.7461    0.2785    1.0056    0.2514    0.3852
   0    0.8125 -999.9900    1.4349    1.4349    0.7461    0.2785    1.0056    0.2514    0.3852
   0    0.8116 -999.9900    1.4416    1.4416    0.7586    0.2784    1.0067    0.2388    0.3914
   0    0.6924 -999.9900    1.3205    1.3205    1.0249    0.2173    0.9260    0.1899    0.2474
    
2023061500
   0    0.7236 -999.9900    1.2994    1.2994    0.6639    0.2770    0.8988    0.2229    0.4002
   0    0.6265 -999.9900    1.1890    1.1890    0.9826    0.1847    0.8400    0.1730    0.2675
   0    0.7176 -999.9900    1.2941    1.2941    0.6723    0.2711    0.8952    0.2215    0.3967
   0    0.6221 -999.9900    1.1783    1.1783    0.9636    0.2002    0.8322    0.1696    0.2749
    
2023061600
   0    0.6983 -999.9900    1.2737    1.2737    0.6906    0.1056    0.8737    0.2825    0.3009
   0    0.5899 -999.9900    1.1267    1.1267    0.9774    0.0311    0.7860    0.2145    0.1878
   0    0.6935 -999.9900    1.2718    1.2718    0.6918    0.1072    0.8714    0.2773    0.2951
   0    0.5853 -999.9900    1.1207    1.1207    0.9636    0.0396    0.7791    0.2122    0.1878
    
2023061700
   0    0.7471 -999.9900    1.3262    1.3262    0.7094    0.2415    0.9452    0.2731    0.3317
   0    0.6176 -999.9900    1.1507    1.1507    0.9389    0.1325    0.8275    0.2071    0.1921
   0    0.7451 -999.9900    1.3252    1.3252    0.7074    0.2318    0.9433    0.2692    0.3288
   0    0.6227 -999.9900    1.1630    1.1630    0.9264    0.1430    0.8361    0.2070    0.1967
    
2023061800
   0    0.7703 -999.9900    1.3276    1.3276    0.6931    0.2986    0.9606    0.2352    0.3878
   0    0.6134 -999.9900    1.1706    1.1706    0.9936    0.1370    0.8352    0.1634    0.2102
   0    0.7692 -999.9900    1.3279    1.3279    0.6942    0.2942    0.9612    0.2339    0.3871
   0    0.6197 -999.9900    1.1710    1.1710    0.9782    0.1667    0.8427    0.1668    0.2330
    
2023061900
   0    0.7804 -999.9900    1.3954    1.3954    0.7483    0.3233    0.9742    0.1994    0.4150
   0    0.6479 -999.9900    1.2626    1.2626    1.0156    0.1223    0.8693    0.1582    0.2505
   0    0.7819 -999.9900    1.3962    1.3962    0.7269    0.3316    0.9748    0.1986    0.4185
   0    0.6474 -999.9900    1.2527    1.2527    1.0000    0.1632    0.8681    0.1565    0.2593
    
2023062000
   0    0.7882 -999.9900    1.4057    1.4057    0.8612    0.4941    0.9964    0.1519    0.4332
   0    0.6243 -999.9900    1.1803    1.1803    1.0613    0.2463    0.8462    0.1214    0.2595
   0    0.7392 -999.9900    1.3405    1.3405    0.8415    0.4753    0.9415    0.1452    0.4151
   0    0.5835 -999.9900    1.1212    1.1212    1.0244    0.2800    0.7943    0.1069    0.2423
    
2023062100
   0    0.7553 -999.9900    1.3637    1.3637    0.8273    0.3706    0.9586    0.1822    0.4192
   0    0.6167 -999.9900    1.1847    1.1847    1.0163    0.1367    0.8324    0.1476    0.2531
   0    0.7003 -999.9900    1.3039    1.3039    0.8346    0.3492    0.8996    0.1658    0.3940
   0    0.5895 -999.9900    1.1505    1.1505    1.0061    0.1740    0.7987    0.1230    0.2436
    
2023062200
   0    0.7644 -999.9900    1.4563    1.4563    0.8464    0.2906    0.9705    0.2246    0.3415
   0    0.6302 -999.9900    1.2667    1.2667    1.1081    0.0743    0.8581    0.1728    0.1768
   0    0.7250 -999.9900    1.4022    1.4022    0.8345    0.2979    0.9295    0.2085    0.3370
   0    0.5993 -999.9900    1.2115    1.2115    1.0868    0.1361    0.8183    0.1583    0.1867
    
2023062300
   0    0.7418 -999.9900    1.4424    1.4424    0.8081    0.3601    0.9473    0.2410    0.3239
   0    0.5869 -999.9900    1.2032    1.2032    0.9939    0.1553    0.7942    0.1664    0.1734
   0    0.7370 -999.9900    1.4353    1.4353    0.8006    0.3738    0.9426    0.2383    0.3243
   0    0.5951 -999.9900    1.2247    1.2247    0.9859    0.2079    0.8070    0.1630    0.1855
    
2023062400
   0    0.7220 -999.9900    1.3357    1.3357    0.7849    0.2764    0.9283    0.2074    0.3472
   0    0.6113 -999.9900    1.1750    1.1750    1.0190    0.0794    0.8241    0.1587    0.2221
   0    0.7193 -999.9900    1.3352    1.3352    0.7837    0.2598    0.9263    0.2088    0.3430
   0    0.6137 -999.9900    1.1800    1.1800    1.0050    0.1079    0.8284    0.1613    0.2293
    
2023062500
   0    0.7631 -999.9900    1.4120    1.4120    0.7389    0.2635    0.9717    0.2060    0.4058
   0    0.6353 -999.9900    1.2727    1.2727    0.9881    0.0720    0.8616    0.1633    0.2226
   0    0.7612 -999.9900    1.4145    1.4145    0.7325    0.2735    0.9740    0.2029    0.4008
   0    0.6397 -999.9900    1.2778    1.2778    0.9709    0.1144    0.8696    0.1617    0.2355
    
2023062600
   0    0.6649 -999.9900    1.2714    1.2714    0.7463    0.1310    0.8489    0.1949    0.3506
   0    0.5607 -999.9900    1.1400    1.1400    1.0042   -0.0841    0.7591    0.1738    0.1694
   0    0.6679 -999.9900    1.2750    1.2750    0.7287    0.1417    0.8533    0.1962    0.3552
   0    0.5620 -999.9900    1.1366    1.1366    0.9868   -0.0347    0.7598    0.1714    0.1836
    
2023062700
   0    0.6791 -999.9900    1.3295    1.3295    0.7310    0.1255    0.8706    0.2498    0.2970
   0    0.5788 -999.9900    1.2006    1.2006    0.9433   -0.0326    0.7859    0.1931    0.1321
   0    0.6729 -999.9900    1.3144    1.3144    0.7298    0.1482    0.8627    0.2389    0.2979
   0    0.5769 -999.9900    1.1935    1.1935    0.9359    0.0109    0.7810    0.1865    0.1425
    
2023062800
   0    0.7571 -999.9900    1.3984    1.3984    0.7333    0.2737    0.9566    0.2756    0.3364
   0    0.6269 -999.9900    1.2512    1.2512    0.9512    0.1107    0.8429    0.2209    0.1759
   0    0.7556 -999.9900    1.3971    1.3971    0.7376    0.2807    0.9576    0.2742    0.3347
   0    0.6347 -999.9900    1.2572    1.2572    0.9430    0.1500    0.8540    0.2223    0.1910
    
2023062900
   0    0.7857 -999.9900    1.4690    1.4690    0.7605    0.3302    1.0045    0.2311    0.3269
   0    0.6244 -999.9900    1.2311    1.2311    1.0776    0.0755    0.8404    0.1817    0.1703
   0    0.7805 -999.9900    1.4634    1.4634    0.7649    0.3385    1.0011    0.2290    0.3284
   0    0.6290 -999.9900    1.2419    1.2419    1.0661    0.1329    0.8491    0.1779    0.1797
    
2023063000
   0    0.7271 -999.9900    1.3953    1.3953    0.8009    0.3436    0.9335    0.2168    0.3423
   0    0.6120 -999.9900    1.2429    1.2429    1.0509    0.1794    0.8324    0.1665    0.2051
   0    0.7224 -999.9900    1.3867    1.3867    0.8117    0.3431    0.9275    0.2156    0.3432
   0    0.6133 -999.9900    1.2442    1.2442    1.0406    0.2112    0.8328    0.1662    0.2142
    
