2023050100
    
2023050200
   0    2.4618 -999.9900    4.6328    4.6328    4.1176    0.0481    3.5335    0.1326    0.1343
   0    2.4062 -999.9900    4.5556    4.5556    4.1158    0.0959    3.4763    0.1169    0.1321
   0    2.4557 -999.9900    4.6414    4.6414    4.1164    0.0862    3.5334    0.1248    0.1341
   0    2.4108 -999.9900    4.5758    4.5758    4.1161    0.1092    3.4869    0.1153    0.1297
    
2023050300
   0    2.1467 -999.9900    3.9970    3.9970    4.0707   -0.0599    3.0490    0.1141    0.1119
   0    2.1200 -999.9900    3.9627    3.9627    4.0674   -0.0094    3.0199    0.1056    0.1165
   0    2.0868 -999.9900    3.9151    3.9151    4.1160   -0.0071    2.9761    0.1009    0.1038
   0    2.0835 -999.9900    3.9129    3.9129    4.1022    0.0122    2.9798    0.0970    0.1081
    
2023050400
   0    2.0553 -999.9900    3.8038    3.8038    4.0418   -0.1743    2.9033    0.1297    0.0944
   0    2.0310 -999.9900    3.7656    3.7656    4.1059   -0.1975    2.8911    0.1208    0.0870
   0    2.0165 -999.9900    3.7454    3.7454    4.0666   -0.1735    2.8685    0.1206    0.0855
   0    2.0125 -999.9900    3.7388    3.7388    4.1067   -0.1924    2.8727    0.1152    0.0820
    
2023050500
   0    1.9691 -999.9900    3.6996    3.6996    4.1525   -0.0246    2.7734    0.0979    0.0825
   0    1.9618 -999.9900    3.7473    3.7473    4.0966   -0.0897    2.7872    0.0968    0.0816
   0    1.9538 -999.9900    3.6828    3.6828    4.1468   -0.0447    2.7643    0.0920    0.0789
   0    1.9540 -999.9900    3.7298    3.7298    4.1029   -0.0888    2.7786    0.0924    0.0799
    
2023050600
   0    2.0877 -999.9900    4.0191    4.0191    3.9109   -0.0737    2.9264    0.1068    0.0990
   0    2.0504 -999.9900    3.9894    3.9894    3.9889   -0.1004    2.8868    0.0980    0.0936
   0    2.0612 -999.9900    3.9721    3.9721    3.9570   -0.0890    2.8920    0.1015    0.0936
   0    2.0424 -999.9900    3.9709    3.9709    3.9961   -0.1042    2.8747    0.0946    0.0902
    
2023050700
   0    2.0748 -999.9900    4.0220    4.0220    3.9763   -0.1772    2.9679    0.1236    0.0949
   0    2.0142 -999.9900    3.8950    3.8950    4.0066   -0.2160    2.9045    0.1106    0.0925
   0    2.0469 -999.9900    3.9730    3.9730    4.0799   -0.1765    2.9467    0.1112    0.0890
   0    2.0073 -999.9900    3.8888    3.8888    4.0634   -0.2078    2.8993    0.1023    0.0872
    
2023050800
   0    2.0103 -999.9900    3.9146    3.9146    4.0373   -0.0975    2.8460    0.0899    0.0910
   0    1.9654 -999.9900    3.8113    3.8113    4.0655   -0.1213    2.7795    0.0865    0.0859
   0    1.9799 -999.9900    3.8529    3.8529    4.0118   -0.0952    2.8105    0.0837    0.0895
   0    1.9529 -999.9900    3.7892    3.7892    4.0498   -0.1152    2.7680    0.0818    0.0852
    
2023050900
   0    2.0367 -999.9900    3.9642    3.9642    3.9205   -0.0497    2.8654    0.1100    0.0957
   0    1.9931 -999.9900    3.8643    3.8643    3.9495   -0.0613    2.7966    0.1076    0.0884
   0    1.9565 -999.9900    3.8121    3.8121    3.9242   -0.0290    2.7642    0.0924    0.0851
   0    1.9482 -999.9900    3.7855    3.7855    3.9522   -0.0466    2.7406    0.0930    0.0819
    
2023051000
   0    1.9497 -999.9900    3.7812    3.7812    4.0075    0.0026    2.7178    0.0916    0.0776
   0    1.9653 -999.9900    3.8023    3.8023    3.9398   -0.0254    2.7573    0.0973    0.0794
   0    1.9235 -999.9900    3.7339    3.7339    3.9977    0.0150    2.6946    0.0908    0.0720
   0    1.9446 -999.9900    3.7680    3.7680    3.9497   -0.0124    2.7348    0.0921    0.0758
    
2023051100
   0    2.1105 -999.9900    4.1064    4.1064    3.8683    0.0691    2.9808    0.1142    0.1054
   0    2.1285 -999.9900    4.1784    4.1784    3.9042    0.0048    3.0282    0.1150    0.1032
   0    2.0883 -999.9900    4.0948    4.0948    3.8798    0.0475    2.9627    0.1083    0.1006
   0    2.1071 -999.9900    4.1498    4.1498    3.9067    0.0036    3.0035    0.1100    0.1008
    
2023051200
   0    2.2608 -999.9900    4.4042    4.4042    3.9118    0.1051    3.2220    0.1284    0.1140
   0    2.2508 -999.9900    4.4065    4.4065    3.9410    0.0405    3.2199    0.1250    0.1081
   0    2.2394 -999.9900    4.3680    4.3680    3.8845    0.1211    3.2071    0.1238    0.1134
   0    2.2357 -999.9900    4.3817    4.3817    3.9218    0.0661    3.2064    0.1214    0.1082
    
2023051300
   0    2.2991 -999.9900    4.4660    4.4660    3.8891   -0.0417    3.2893    0.1451    0.1194
   0    2.2564 -999.9900    4.3781    4.3781    3.8955   -0.1080    3.2514    0.1355    0.1168
   0    2.2870 -999.9900    4.4316    4.4316    3.8768   -0.0451    3.2733    0.1440    0.1171
   0    2.2550 -999.9900    4.3754    4.3754    3.8862   -0.0967    3.2466    0.1357    0.1131
    
2023051400
   0    2.1763 -999.9900    4.1397    4.1397    3.8802    0.0319    3.0686    0.1159    0.1117
   0    2.2054 -999.9900    4.2212    4.2212    3.8913   -0.0359    3.1379    0.1165    0.1116
   0    2.1798 -999.9900    4.1637    4.1637    3.8763    0.0335    3.0830    0.1179    0.1095
   0    2.1982 -999.9900    4.2146    4.2146    3.8919   -0.0214    3.1312    0.1170    0.1095
    
2023051500
   0    2.3159 -999.9900    4.3578    4.3578    3.7890    0.0212    3.2542    0.1480    0.1425
   0    2.2501 -999.9900    4.2512    4.2512    3.8688   -0.0566    3.1968    0.1465    0.1258
   0    2.2370 -999.9900    4.2232    4.2232    3.7982    0.0364    3.1692    0.1392    0.1301
   0    2.2096 -999.9900    4.1797    4.1797    3.8704   -0.0319    3.1481    0.1390    0.1198
    
2023051600
   0    2.4084 -999.9900    4.5869    4.5869    3.9947    0.1111    3.3961    0.1386    0.1308
   0    2.3373 -999.9900    4.4610    4.4610    3.9251    0.0302    3.3221    0.1389    0.1241
   0    2.3646 -999.9900    4.5095    4.5095    3.9976    0.1040    3.3585    0.1379    0.1292
   0    2.3225 -999.9900    4.4365    4.4365    3.9441    0.0421    3.3110    0.1365    0.1234
    
2023051700
   0    2.3488 -999.9900    4.3893    4.3893    3.8953   -0.0759    3.3330    0.1524    0.1340
   0    2.3129 -999.9900    4.3540    4.3540    3.8770   -0.1116    3.3039    0.1488    0.1344
   0    2.3176 -999.9900    4.3581    4.3581    3.8891   -0.0745    3.3002    0.1512    0.1287
   0    2.3001 -999.9900    4.3405    4.3405    3.8791   -0.1036    3.2879    0.1485    0.1303
    
2023051800
   0    2.1630 -999.9900    4.0725    4.0725    3.8663   -0.0325    3.0387    0.1265    0.1140
   0    2.1688 -999.9900    4.1133    4.1133    3.8802   -0.0745    3.0788    0.1214    0.1192
   0    2.1395 -999.9900    4.0482    4.0482    3.8705   -0.0408    3.0237    0.1216    0.1089
   0    2.1511 -999.9900    4.0882    4.0882    3.8826   -0.0711    3.0604    0.1183    0.1150
    
2023051900
   0    2.2587 -999.9900    4.3379    4.3379    3.8567    0.0307    3.1926    0.1328    0.1174
   0    2.2250 -999.9900    4.2793    4.2793    3.8180    0.0331    3.1543    0.1304    0.1160
   0    2.2302 -999.9900    4.3121    4.3121    3.8445    0.0217    3.1654    0.1294    0.1155
   0    2.2101 -999.9900    4.2700    4.2700    3.8249    0.0273    3.1412    0.1265    0.1135
    
2023052000
   0    2.1842 -999.9900    4.1421    4.1421    3.8218   -0.0822    3.0633    0.1428    0.1154
   0    2.1270 -999.9900    4.0652    4.0652    3.7748   -0.0887    3.0051    0.1386    0.1144
   0    2.1481 -999.9900    4.1000    4.1000    3.8271   -0.0811    3.0265    0.1360    0.1104
   0    2.1143 -999.9900    4.0518    4.0518    3.7911   -0.0867    2.9925    0.1331    0.1111
    
2023052100
   0    2.0547 -999.9900    3.8902    3.8902    3.7695   -0.0469    2.8984    0.1313    0.1124
   0    2.0006 -999.9900    3.8003    3.8003    3.7863   -0.0689    2.8494    0.1202    0.1108
   0    2.0163 -999.9900    3.8191    3.8191    3.7704   -0.0503    2.8596    0.1238    0.1031
   0    1.9843 -999.9900    3.7668    3.7668    3.7920   -0.0665    2.8307    0.1159    0.1040
    
2023052200
   0    1.8861 -999.9900    3.5641    3.5641    3.6532   -0.0952    2.6611    0.1083    0.0922
   0    1.9434 -999.9900    3.7356    3.7356    3.6850   -0.1305    2.7695    0.1095    0.0967
   0    1.8642 -999.9900    3.5396    3.5396    3.6554   -0.1053    2.6458    0.1091    0.0865
   0    1.9104 -999.9900    3.6715    3.6715    3.6964   -0.1295    2.7306    0.1078    0.0884
    
2023052300
   0    2.0099 -999.9900    3.8362    3.8362    3.8228    0.0929    2.8690    0.0990    0.1166
   0    2.0163 -999.9900    3.8856    3.8856    3.7652    0.0421    2.9081    0.1017    0.1058
   0    2.0047 -999.9900    3.8440    3.8440    3.7830    0.0777    2.8769    0.1018    0.1131
   0    2.0092 -999.9900    3.8766    3.8766    3.7573    0.0431    2.9013    0.1000    0.1040
    
2023052400
   0    2.2676 -999.9900    4.3973    4.3973    3.6960   -0.0415    3.2000    0.1448    0.1328
   0    2.2018 -999.9900    4.3118    4.3118    3.7412   -0.0587    3.1270    0.1358    0.1220
   0    2.1857 -999.9900    4.2838    4.2838    3.7561   -0.0367    3.1044    0.1271    0.1220
   0    2.1624 -999.9900    4.2557    4.2557    3.7726   -0.0523    3.0807    0.1256    0.1164
    
2023052500
   0    2.2365 -999.9900    4.2540    4.2540    3.7044   -0.0603    3.1540    0.1584    0.1394
   0    2.2573 -999.9900    4.3247    4.3247    3.6912   -0.0711    3.2042    0.1563    0.1364
   0    2.1988 -999.9900    4.2036    4.2036    3.6983   -0.0515    3.1040    0.1531    0.1331
   0    2.2256 -999.9900    4.2748    4.2748    3.6975   -0.0637    3.1607    0.1518    0.1306
    
2023052600
   0    2.2027 -999.9900    4.1136    4.1136    3.6601    0.1834    3.0694    0.1524    0.1403
   0    2.1166 -999.9900    4.0183    4.0183    3.7036    0.1330    2.9895    0.1357    0.1322
   0    2.1462 -999.9900    4.0527    4.0527    3.6342    0.1717    3.0127    0.1384    0.1319
   0    2.0992 -999.9900    3.9985    3.9985    3.6817    0.1361    2.9700    0.1295    0.1270
    
2023052700
   0    2.0827 -999.9900    3.8798    3.8798    3.7017   -0.0626    2.9372    0.1500    0.1092
   0    2.0575 -999.9900    3.8732    3.8732    3.7517   -0.0927    2.9328    0.1362    0.1031
   0    2.0589 -999.9900    3.8676    3.8676    3.7162   -0.0571    2.9240    0.1379    0.1007
   0    2.0444 -999.9900    3.8585    3.8585    3.7591   -0.0834    2.9210    0.1315    0.0987
    
2023052800
   0    1.9132 -999.9900    3.6008    3.6008    3.7828   -0.1294    2.7192    0.1209    0.0846
   0    1.9181 -999.9900    3.6569    3.6569    3.7549   -0.1619    2.7201    0.1198    0.0794
   0    1.8965 -999.9900    3.5693    3.5693    3.7731   -0.0938    2.7009    0.1148    0.0784
   0    1.9049 -999.9900    3.6239    3.6239    3.7579   -0.1341    2.7050    0.1167    0.0746
    
2023052900
   0    2.0362 -999.9900    3.8211    3.8211    3.6420   -0.1305    2.8448    0.1336    0.1124
   0    1.9897 -999.9900    3.7884    3.7884    3.6762   -0.1875    2.8162    0.1225    0.1082
   0    1.9918 -999.9900    3.7671    3.7671    3.7064   -0.1224    2.7972    0.1142    0.1036
   0    1.9671 -999.9900    3.7541    3.7541    3.7159   -0.1713    2.7881    0.1118    0.1027
    
2023053000
   0    1.9021 -999.9900    3.5938    3.5938    3.7870   -0.1273    2.6856    0.1028    0.1072
   0    1.8819 -999.9900    3.5769    3.5769    3.7598   -0.1231    2.6688    0.0996    0.1030
   0    1.8832 -999.9900    3.5654    3.5654    3.7308   -0.1038    2.6552    0.1062    0.1034
   0    1.8709 -999.9900    3.5560    3.5560    3.7390   -0.1098    2.6503    0.1007    0.1000
    
2023053100
   0    1.8800 -999.9900    3.5303    3.5303    3.7876   -0.1113    2.6381    0.1102    0.1008
   0    1.8953 -999.9900    3.5985    3.5985    3.6821   -0.1097    2.6880    0.1070    0.1053
   0    1.8730 -999.9900    3.5292    3.5292    3.7232   -0.1146    2.6368    0.1085    0.0992
   0    1.8805 -999.9900    3.5716    3.5716    3.6766   -0.1139    2.6643    0.1041    0.1007
    
2023060100
   0    1.9383 -999.9900    3.6763    3.6763    3.7499   -0.2027    2.7300    0.1172    0.0968
   0    1.9163 -999.9900    3.6511    3.6511    3.6977   -0.1812    2.7057    0.1146    0.1015
   0    1.8906 -999.9900    3.5967    3.5967    3.7177   -0.1952    2.6707    0.1133    0.0913
   0    1.8917 -999.9900    3.6076    3.6076    3.6940   -0.1806    2.6728    0.1115    0.0971
    
2023060200
   0    1.9748 -999.9900    3.7864    3.7864    3.8457   -0.1542    2.7494    0.1078    0.0941
   0    1.9171 -999.9900    3.7148    3.7148    3.7296   -0.1418    2.6807    0.1047    0.0956
   0    1.9403 -999.9900    3.7335    3.7335    3.8252   -0.1406    2.7051    0.1032    0.0927
   0    1.9041 -999.9900    3.6940    3.6940    3.7443   -0.1361    2.6634    0.1002    0.0931
    
2023060300
   0    1.8947 -999.9900    3.6990    3.6990    3.6762   -0.1297    2.6265    0.1111    0.0861
   0    1.8741 -999.9900    3.6425    3.6425    3.7246   -0.1220    2.6087    0.1002    0.0842
   0    1.8666 -999.9900    3.6428    3.6428    3.6621   -0.1281    2.5977    0.1040    0.0842
   0    1.8558 -999.9900    3.6094    3.6094    3.7169   -0.1226    2.5897    0.0966    0.0819
    
2023060400
   0    1.8137 -999.9900    3.4585    3.4585    3.6506   -0.0364    2.5289    0.0917    0.0934
   0    1.7923 -999.9900    3.4137    3.4137    3.6041   -0.0345    2.5051    0.0952    0.0898
   0    1.8032 -999.9900    3.4592    3.4592    3.6503   -0.0424    2.5177    0.0885    0.0854
   0    1.7868 -999.9900    3.4176    3.4176    3.6188   -0.0385    2.5004    0.0916    0.0842
    
2023060500
   0    1.8661 -999.9900    3.5199    3.5199    3.6393   -0.0779    2.5951    0.0997    0.0962
   0    1.8249 -999.9900    3.4632    3.4632    3.6616   -0.0707    2.5300    0.0897    0.0914
   0    1.8177 -999.9900    3.4342    3.4342    3.6579   -0.0875    2.5306    0.0926    0.0868
   0    1.8004 -999.9900    3.4182    3.4182    3.6723   -0.0779    2.4981    0.0861    0.0862
    
2023060600
   0    1.8435 -999.9900    3.4657    3.4657    3.8312   -0.1472    2.5714    0.0810    0.0797
   0    1.8610 -999.9900    3.5247    3.5247    3.7158   -0.0970    2.6012    0.0825    0.0903
   0    1.8902 -999.9900    3.5929    3.5929    3.7499   -0.1340    2.6510    0.0879    0.0847
   0    1.8787 -999.9900    3.5725    3.5725    3.7067   -0.0991    2.6339    0.0831    0.0898
    
2023060700
   0    1.9412 -999.9900    3.6042    3.6042    3.7887   -0.0397    2.7092    0.0892    0.0917
   0    1.9175 -999.9900    3.5883    3.5883    3.7199   -0.0176    2.6807    0.0821    0.0978
   0    1.8847 -999.9900    3.5185    3.5185    3.7483   -0.0387    2.6406    0.0836    0.0865
   0    1.8823 -999.9900    3.5304    3.5304    3.7192   -0.0214    2.6364    0.0779    0.0920
    
2023060800
   0    1.8914 -999.9900    3.5197    3.5197    3.7581   -0.0326    2.6292    0.0953    0.0899
   0    1.8303 -999.9900    3.4147    3.4147    3.6989    0.0394    2.5573    0.0861    0.0924
   0    1.8702 -999.9900    3.4767    3.4767    3.7314   -0.0392    2.6097    0.0936    0.0870
   0    1.8261 -999.9900    3.4051    3.4051    3.6993    0.0210    2.5541    0.0853    0.0868
    
2023060900
   0    1.8818 -999.9900    3.4689    3.4689    3.7976   -0.0998    2.6537    0.1129    0.1025
   0    1.8120 -999.9900    3.3411    3.3411    3.6401   -0.0749    2.5667    0.1091    0.0933
   0    1.8465 -999.9900    3.4172    3.4172    3.7758   -0.1064    2.6159    0.1073    0.0956
   0    1.8018 -999.9900    3.3326    3.3326    3.6619   -0.0839    2.5585    0.1055    0.0881
    
2023061000
   0    1.8586 -999.9900    3.4666    3.4666    3.6646   -0.0640    2.6547    0.1097    0.0955
   0    1.8464 -999.9900    3.4668    3.4668    3.6003   -0.0420    2.6608    0.1015    0.0939
   0    1.8807 -999.9900    3.5273    3.5273    3.6554   -0.0698    2.6889    0.1109    0.0959
   0    1.8583 -999.9900    3.4966    3.4966    3.6146   -0.0499    2.6768    0.1028    0.0930
    
2023061100
   0    1.9947 -999.9900    3.8159    3.8159    3.7360   -0.1881    2.8039    0.1399    0.1051
   0    1.9161 -999.9900    3.6859    3.6859    3.5871   -0.1663    2.7236    0.1253    0.1028
   0    1.9754 -999.9900    3.7812    3.7812    3.7256   -0.1862    2.8000    0.1394    0.1027
   0    1.9153 -999.9900    3.6839    3.6839    3.6190   -0.1695    2.7311    0.1250    0.0986
    
2023061200
   0    1.9881 -999.9900    3.7708    3.7708    3.5952   -0.2251    2.7666    0.1406    0.1171
   0    1.9121 -999.9900    3.6408    3.6408    3.5639   -0.2088    2.6795    0.1326    0.1113
   0    1.9553 -999.9900    3.7244    3.7244    3.6456   -0.2225    2.7354    0.1295    0.1119
   0    1.9051 -999.9900    3.6359    3.6359    3.6033   -0.2105    2.6764    0.1272    0.1073
    
2023061300
   0    1.8459 -999.9900    3.5101    3.5101    3.4411   -0.3384    2.5992    0.1465    0.0996
   0    1.7609 -999.9900    3.3589    3.3589    3.4899   -0.3005    2.4854    0.1189    0.0944
   0    1.8484 -999.9900    3.5201    3.5201    3.5165   -0.3383    2.6142    0.1387    0.0933
   0    1.7759 -999.9900    3.3921    3.3921    3.5281   -0.3080    2.5155    0.1186    0.0899
    
2023061400
   0    1.9062 -999.9900    3.6455    3.6455    3.5336   -0.2208    2.6871    0.1356    0.1055
   0    1.8444 -999.9900    3.5423    3.5423    3.5606   -0.2123    2.6027    0.1188    0.1011
   0    1.8507 -999.9900    3.5580    3.5580    3.5324   -0.2198    2.6186    0.1252    0.0961
   0    1.8161 -999.9900    3.4987    3.4987    3.5655   -0.2134    2.5719    0.1136    0.0940
    
2023061500
   0    1.9203 -999.9900    3.6423    3.6423    3.4895   -0.2634    2.7084    0.1275    0.1042
   0    1.8904 -999.9900    3.6086    3.6086    3.5145   -0.2436    2.6821    0.1166    0.0993
   0    1.9101 -999.9900    3.6396    3.6396    3.5335   -0.2545    2.7087    0.1190    0.0956
   0    1.8864 -999.9900    3.6079    3.6079    3.5415   -0.2422    2.6836    0.1107    0.0925
    
2023061600
   0    1.9220 -999.9900    3.7238    3.7238    3.4426   -0.0470    2.7045    0.1219    0.1084
   0    1.9128 -999.9900    3.7061    3.7061    3.4392   -0.0429    2.6888    0.1159    0.1051
   0    1.8843 -999.9900    3.6681    3.6681    3.4506   -0.0345    2.6426    0.1099    0.1026
   0    1.8890 -999.9900    3.6724    3.6724    3.4488   -0.0362    2.6536    0.1086    0.1012
    
2023061700
   0    1.9456 -999.9900    3.7053    3.7053    3.5025   -0.0468    2.7452    0.1332    0.1174
   0    1.9378 -999.9900    3.7292    3.7292    3.4775   -0.0292    2.7416    0.1228    0.1181
   0    1.9395 -999.9900    3.7285    3.7285    3.5217   -0.0348    2.7464    0.1232    0.1114
   0    1.9339 -999.9900    3.7356    3.7356    3.4970   -0.0255    2.7405    0.1185    0.1142
    
2023061800
   0    1.8041 -999.9900    3.3866    3.3866    3.4822    0.0022    2.5427    0.1195    0.1130
   0    1.8057 -999.9900    3.4062    3.4062    3.4533    0.0195    2.5508    0.1184    0.1158
   0    1.7995 -999.9900    3.3794    3.3794    3.4807    0.0209    2.5442    0.1183    0.1097
   0    1.7946 -999.9900    3.3839    3.3839    3.4725    0.0273    2.5398    0.1149    0.1104
    
2023061900
   0    1.8526 -999.9900    3.4790    3.4790    3.3832    0.1647    2.5900    0.1116    0.1247
   0    1.8247 -999.9900    3.4326    3.4326    3.4373    0.1663    2.5690    0.1016    0.1147
   0    1.8395 -999.9900    3.4667    3.4667    3.4482    0.1630    2.5934    0.1041    0.1172
   0    1.8177 -999.9900    3.4274    3.4274    3.4715    0.1650    2.5703    0.0978    0.1107
    
2023062000
   0    1.8584 -999.9900    3.5207    3.5207    3.4063    0.2398    2.6446    0.0990    0.1224
   0    1.8496 -999.9900    3.4872    3.4872    3.4390    0.2345    2.6498    0.0992    0.1215
   0    1.8514 -999.9900    3.5124    3.5124    3.3905    0.2449    2.6548    0.0986    0.1180
   0    1.8462 -999.9900    3.4891    3.4891    3.4229    0.2387    2.6528    0.0976    0.1198
    
2023062100
   0    1.7032 -999.9900    3.2124    3.2124    3.3429    0.1102    2.4059    0.0964    0.1099
   0    1.7253 -999.9900    3.2614    3.2614    3.3611    0.1014    2.4554    0.1004    0.1022
   0    1.6936 -999.9900    3.2165    3.2165    3.3412    0.1011    2.4045    0.0956    0.1063
   0    1.7116 -999.9900    3.2492    3.2492    3.3613    0.0977    2.4422    0.0944    0.0992
    
2023062200
   0    1.7214 -999.9900    3.2756    3.2756    3.3305   -0.0250    2.4340    0.1136    0.1056
   0    1.6892 -999.9900    3.2232    3.2232    3.3669   -0.0515    2.3964    0.1045    0.0981
   0    1.6902 -999.9900    3.2251    3.2251    3.3434   -0.0336    2.3953    0.1027    0.0996
   0    1.6739 -999.9900    3.2003    3.2003    3.3698   -0.0514    2.3773    0.0980    0.0953
    
2023062300
   0    1.6214 -999.9900    3.0297    3.0297    3.3159   -0.0683    2.2504    0.1130    0.0833
   0    1.6064 -999.9900    2.9934    2.9934    3.3689   -0.0699    2.2414    0.1028    0.0823
   0    1.6278 -999.9900    3.0602    3.0602    3.3708   -0.0703    2.2741    0.1066    0.0776
   0    1.6106 -999.9900    3.0151    3.0151    3.3940   -0.0708    2.2538    0.1008    0.0778
    
2023062400
   0    1.5707 -999.9900    2.9667    2.9667    3.3282   -0.1119    2.2024    0.0918    0.0815
   0    1.6133 -999.9900    3.0564    3.0564    3.3478   -0.1149    2.2843    0.0916    0.0794
   0    1.5542 -999.9900    2.9272    2.9272    3.3323   -0.1138    2.1921    0.0850    0.0751
   0    1.5905 -999.9900    3.0070    3.0070    3.3542   -0.1155    2.2573    0.0847    0.0760
    
2023062500
   0    1.6327 -999.9900    3.0722    3.0722    3.3019    0.0390    2.3025    0.0998    0.0847
   0    1.6625 -999.9900    3.1293    3.1293    3.3129    0.0108    2.3592    0.0930    0.0884
   0    1.6022 -999.9900    3.0183    3.0183    3.3034    0.0155    2.2527    0.0932    0.0804
   0    1.6318 -999.9900    3.0754    3.0754    3.3218    0.0023    2.3117    0.0892    0.0828
    
2023062600
   0    1.7786 -999.9900    3.3053    3.3053    3.3218   -0.0608    2.5053    0.1274    0.1041
   0    1.7553 -999.9900    3.2694    3.2694    3.2833   -0.0527    2.4863    0.1171    0.1028
   0    1.7749 -999.9900    3.3213    3.3213    3.3761   -0.0526    2.5190    0.1198    0.0998
   0    1.7525 -999.9900    3.2793    3.2793    3.3308   -0.0495    2.4933    0.1133    0.0972
    
2023062700
   0    1.7136 -999.9900    3.1625    3.1625    3.3269   -0.0114    2.4266    0.1120    0.0927
   0    1.7261 -999.9900    3.1961    3.1961    3.3178   -0.0628    2.4522    0.1072    0.0909
   0    1.6784 -999.9900    3.1050    3.1050    3.3149    0.0013    2.3849    0.1029    0.0864
   0    1.6984 -999.9900    3.1469    3.1469    3.3208   -0.0449    2.4171    0.1018    0.0864
    
2023062800
   0    1.7087 -999.9900    3.1982    3.1982    3.3387   -0.0086    2.4176    0.1013    0.0916
   0    1.7255 -999.9900    3.2317    3.2317    3.3261   -0.0245    2.4504    0.1045    0.0926
   0    1.6772 -999.9900    3.1350    3.1350    3.3925   -0.0247    2.3753    0.0949    0.0791
   0    1.7017 -999.9900    3.1870    3.1870    3.3693   -0.0279    2.4190    0.0985    0.0851
    
2023062900
   0    1.5863 -999.9900    2.9373    2.9373    3.3369   -0.0975    2.2359    0.0918    0.0787
   0    1.6019 -999.9900    2.9840    2.9840    3.2876   -0.1085    2.2626    0.0981    0.0806
   0    1.5779 -999.9900    2.9403    2.9403    3.3316   -0.0870    2.2389    0.0853    0.0739
   0    1.5869 -999.9900    2.9621    2.9621    3.3064   -0.0998    2.2465    0.0901    0.0750
    
2023063000
   0    1.5626 -999.9900    2.8986    2.8986    3.3131   -0.0996    2.1813    0.0913    0.0816
   0    1.5603 -999.9900    2.8986    2.8986    3.3131   -0.0996    2.1813    0.0913    0.0816
   0    1.5391 -999.9900    2.8504    2.8504    3.3721   -0.1170    2.1443    0.0819    0.0716
   0    1.5331 -999.9900    2.8289    2.8289    3.3314   -0.1226    2.1435    0.0786    0.0748
    
