v6.1 gefs
v6.1 naefs
v7.0 gefs
v7.0 naefs
    
2023040100
   0    2.6296 -999.9900    5.0359    5.0359    4.1672   -1.4205    3.6414    0.1792    0.0448
   0    2.6296 -999.9900    5.0359    5.0359    4.1672   -1.4209    3.6413    0.1792    0.0448
   0    2.6044 -999.9900    4.9662    4.9662    4.2355   -1.4646    3.5886    0.1771    0.0341
   0    2.6044 -999.9900    4.9662    4.9662    4.2355   -1.4646    3.5886    0.1771    0.0341
    
2023040200
   0    2.0691 -999.9900    3.8851    3.8851    4.2930   -0.8644    2.9274    0.0966    0.0237
   0    2.0698 -999.9900    3.8861    3.8861    4.2930   -0.8657    2.9290    0.0966    0.0238
   0    1.9989 -999.9900    3.7043    3.7043    4.3801   -0.5066    2.8385    0.0717    0.0303
   0    1.9992 -999.9900    3.7047    3.7047    4.3801   -0.5072    2.8392    0.0717    0.0303
    
2023040300
   0    1.7395 -999.9900    3.0811    3.0811    4.2301   -0.1354    2.4346    0.0317    0.0475
   0    1.7389 -999.9900    3.0806    3.0806    4.2301   -0.1383    2.4345    0.0317    0.0467
   0    1.7733 -999.9900    3.1623    3.1623    4.2274   -0.3796    2.5224    0.0347    0.0392
   0    1.7733 -999.9900    3.1623    3.1623    4.2274   -0.3795    2.5223    0.0347    0.0392
    
2023040400
   0    2.0958 -999.9900    3.7120    3.7120    4.4298    0.4333    2.9904    0.0302    0.1206
   0    2.0935 -999.9900    3.7077    3.7077    4.4298    0.4295    2.9878    0.0302    0.1200
   0    2.0567 -999.9900    3.6724    3.6724    4.3703    0.3597    2.9562    0.0329    0.1019
   0    2.0563 -999.9900    3.6716    3.6716    4.3703    0.3591    2.9556    0.0329    0.1018
    
2023040500
   0    2.1985 -999.9900    4.0344    4.0344    4.9577   -0.2260    3.1693    0.0722    0.0486
   0    2.1985 -999.9900    4.0343    4.0343    4.9577   -0.2263    3.1692    0.0722    0.0486
   0    2.1854 -999.9900    4.0221    4.0221    4.7839   -0.4594    3.1468    0.0789    0.0324
   0    2.1853 -999.9900    4.0220    4.0220    4.7839   -0.4598    3.1466    0.0789    0.0324
    
2023040600
   0    1.9314 -999.9900    3.5491    3.5491    4.4567   -0.4774    2.6851    0.0555    0.0568
   0    1.9317 -999.9900    3.5498    3.5498    4.4567   -0.4810    2.6865    0.0555    0.0568
   0    1.9087 -999.9900    3.5130    3.5130    4.4049   -0.5361    2.6685    0.0592    0.0484
   0    1.9087 -999.9900    3.5131    3.5131    4.4049   -0.5371    2.6686    0.0593    0.0484
    
2023040700
   0    2.7416 -999.9900    5.2496    5.2496    4.7368   -0.0568    3.9356    0.1031    0.1236
   0    2.7415 -999.9900    5.2495    5.2495    4.7368   -0.0571    3.9353    0.1031    0.1236
   0    2.7613 -999.9900    5.2808    5.2808    4.4649   -0.0090    3.9319    0.1074    0.1385
   0    2.7612 -999.9900    5.2807    5.2807    4.4649   -0.0091    3.9318    0.1074    0.1385
    
2023040800
   0    3.1254 -999.9900    5.7795    5.7795    4.4426    0.8062    4.3738    0.1377    0.2020
   0    3.1271 -999.9900    5.7835    5.7835    4.4426    0.8018    4.3751    0.1378    0.2018
   0    3.1467 -999.9900    5.8273    5.8273    4.5275    0.5846    4.4396    0.1346    0.2116
   0    3.1498 -999.9900    5.8332    5.8332    4.5275    0.5810    4.4432    0.1347    0.2116
    
2023040900
   0    3.4711 -999.9900    6.5791    6.5791    4.8405    0.4438    4.7484    0.1053    0.1898
   0    3.4711 -999.9900    6.5792    6.5792    4.8405    0.4438    4.7485    0.1053    0.1898
   0    3.2220 -999.9900    6.1654    6.1654    4.8856    0.1703    4.5052    0.1094    0.1518
   0    3.2220 -999.9900    6.1654    6.1654    4.8856    0.1703    4.5052    0.1094    0.1518
    
2023041000
   0    3.0076 -999.9900    5.4434    5.4434    4.5451    0.0797    4.2966    0.1174    0.1626
   0    3.0076 -999.9900    5.4434    5.4434    4.5451    0.0792    4.2968    0.1174    0.1626
   0    3.0717 -999.9900    5.6024    5.6024    4.5824    0.3441    4.3608    0.1228    0.1729
   0    3.0717 -999.9900    5.6024    5.6024    4.5824    0.3441    4.3609    0.1229    0.1729
    
2023041100
   0    3.1154 -999.9900    5.6063    5.6063    4.3538    1.4031    4.2809    0.0976    0.2454
   0    3.1208 -999.9900    5.6119    5.6119    4.3538    1.3837    4.2911    0.1001    0.2452
   0    2.9923 -999.9900    5.4865    5.4865    4.4789    1.4666    4.0762    0.0663    0.2337
   0    2.9951 -999.9900    5.4895    5.4895    4.4789    1.4574    4.0816    0.0674    0.2336
    
2023041200
   0    2.5382 -999.9900    4.6912    4.6912    4.5819    0.6754    3.5910    0.0646    0.1535
   0    2.5383 -999.9900    4.6914    4.6914    4.5819    0.6755    3.5910    0.0646    0.1535
   0    2.4831 -999.9900    4.5718    4.5718    4.4718    0.9021    3.5131    0.0352    0.1663
   0    2.4833 -999.9900    4.5721    4.5721    4.4718    0.9021    3.5132    0.0352    0.1663
    
2023041300
   0    2.2690 -999.9900    4.5158    4.5158    4.2963    1.0802    3.2009    0.0178    0.1320
   0    2.2689 -999.9900    4.5156    4.5156    4.2963    1.0795    3.2005    0.0178    0.1319
   0    2.2331 -999.9900    4.4343    4.4343    4.1805    0.9517    3.1789    0.0234    0.1275
   0    2.2331 -999.9900    4.4343    4.4343    4.1805    0.9516    3.1790    0.0234    0.1275
    
2023041400
   0    2.5892 -999.9900    4.8503    4.8503    4.2690    1.6733    3.6460    0.0241    0.2052
   0    2.5892 -999.9900    4.8503    4.8503    4.2690    1.6733    3.6460    0.0241    0.2052
   0    2.4910 -999.9900    4.7048    4.7048    4.1943    1.7084    3.5375    0.0247    0.1984
   0    2.4910 -999.9900    4.7048    4.7048    4.1943    1.7084    3.5375    0.0247    0.1984
    
2023041500
   0    2.4651 -999.9900    4.4867    4.4867    3.7818    1.6549    3.4810    0.0661    0.2307
   0    2.4651 -999.9900    4.4867    4.4867    3.7818    1.6549    3.4810    0.0661    0.2307
   0    2.5071 -999.9900    4.5473    4.5473    3.7592    1.7114    3.5341    0.0646    0.2443
   0    2.5071 -999.9900    4.5473    4.5473    3.7592    1.7114    3.5341    0.0646    0.2443
    
2023041600
   0    2.5338 -999.9900    4.5493    4.5493    4.4946    0.4958    3.6458    0.0988    0.1531
   0    2.5338 -999.9900    4.5493    4.5493    4.4946    0.4958    3.6458    0.0988    0.1531
   0    2.5334 -999.9900    4.5282    4.5282    4.4530    0.5926    3.6598    0.0827    0.1661
   0    2.5334 -999.9900    4.5283    4.5283    4.4530    0.5924    3.6599    0.0827    0.1661
    
2023041700
   0    3.0996 -999.9900    5.3725    5.3725    4.4708    1.1545    4.3279    0.0972    0.2920
   0    3.0997 -999.9900    5.3729    5.3729    4.4708    1.1402    4.3289    0.0978    0.2920
   0    3.0386 -999.9900    5.2189    5.2189    4.2999    0.9161    4.2241    0.1104    0.2923
   0    3.0409 -999.9900    5.2234    5.2234    4.2999    0.9104    4.2282    0.1109    0.2923
    
2023041800
   0    2.8341 -999.9900    5.0890    5.0890    4.1396   -0.2749    4.0081    0.1723    0.1713
   0    2.8365 -999.9900    5.0945    5.0945    4.1396   -0.2783    4.0106    0.1724    0.1713
   0    2.8914 -999.9900    5.2025    5.2025    4.0705   -0.1986    4.0721    0.1684    0.1767
   0    2.8914 -999.9900    5.2026    5.2026    4.0705   -0.1987    4.0721    0.1684    0.1767
    
2023041900
   0    2.7848 -999.9900    5.0509    5.0509    4.1935   -0.6148    4.0625    0.1300    0.1822
   0    2.7835 -999.9900    5.0493    5.0493    4.1935   -0.6180    4.0610    0.1302    0.1819
   0    2.8111 -999.9900    5.1088    5.1088    4.1257   -0.5519    4.0975    0.1345    0.1944
   0    2.8107 -999.9900    5.1083    5.1083    4.1257   -0.5529    4.0969    0.1345    0.1943
    
2023042000
   1 -999.9900 -999.9900 -999.9900 -999.9900 -999.9900 -999.9900 -999.9900 -999.9900 -999.9900
   0    2.5108 -999.9900    4.6988    4.6988    3.8094   -0.9844    3.4408    0.1482    0.1307
   1 -999.9900 -999.9900 -999.9900 -999.9900 -999.9900 -999.9900 -999.9900 -999.9900 -999.9900
   1 -999.9900 -999.9900 -999.9900 -999.9900 -999.9900 -999.9900 -999.9900 -999.9900 -999.9900
    
2023042100
   0    2.5800 -999.9900    5.1137    5.1137    4.2661   -2.4062    3.4526    0.1887    0.0270
   0    2.5800 -999.9900    5.1137    5.1137    4.2661   -2.4060    3.4526    0.1887    0.0270
   0    2.6439 -999.9900    5.1895    5.1895    4.1045   -2.4861    3.5162    0.2109    0.0284
   0    2.6439 -999.9900    5.1896    5.1896    4.1045   -2.4859    3.5163    0.2109    0.0284
    
2023042200
   0    2.3485 -999.9900    4.6090    4.6090    3.9437   -2.2421    3.1857    0.1743    0.0101
   0    2.3485 -999.9900    4.6090    4.6090    3.9437   -2.2420    3.1858    0.1743    0.0101
   0    2.1863 -999.9900    4.3357    4.3357    4.0168   -2.0152    2.9489    0.1572    0.0137
   0    2.1864 -999.9900    4.3357    4.3357    4.0168   -2.0150    2.9490    0.1572    0.0137
    
2023042300
   0    2.3095 -999.9900    4.4897    4.4897    4.1190   -0.9514    3.2995    0.1078    0.0782
   0    2.3095 -999.9900    4.4897    4.4897    4.1190   -0.9515    3.2994    0.1078    0.0782
   0    2.2197 -999.9900    4.3588    4.3588    4.1379   -0.8812    3.1748    0.1061    0.0597
   0    2.2199 -999.9900    4.3590    4.3590    4.1379   -0.8810    3.1751    0.1061    0.0597
    
2023042400
   0    2.7446 -999.9900    5.1093    5.1093    4.0844   -0.3821    3.8599    0.1368    0.1212
   0    2.7447 -999.9900    5.1094    5.1094    4.0844   -0.3820    3.8599    0.1368    0.1212
   0    2.5999 -999.9900    4.8697    4.8697    4.0349   -0.3745    3.6596    0.1314    0.1204
   0    2.5999 -999.9900    4.8699    4.8699    4.0349   -0.3744    3.6596    0.1314    0.1204
    
2023042500
   0    2.2759 -999.9900    4.2611    4.2611    4.3427    0.2659    3.1911    0.0609    0.1338
   0    2.2761 -999.9900    4.2613    4.2613    4.3427    0.2661    3.1913    0.0609    0.1339
   0    2.3685 -999.9900    4.4091    4.4091    4.2474    0.3917    3.3100    0.0620    0.1571
   0    2.3686 -999.9900    4.4093    4.4093    4.2474    0.3918    3.3101    0.0620    0.1571
    
2023042600
   0    2.0089 -999.9900    3.8147    3.8147    3.9703   -0.1221    2.7253    0.0709    0.0965
   0    2.0091 -999.9900    3.8151    3.8151    3.9703   -0.1224    2.7259    0.0709    0.0965
   0    1.9402 -999.9900    3.6700    3.6700    3.8668   -0.0091    2.6767    0.0459    0.0995
   0    1.9403 -999.9900    3.6702    3.6702    3.8668   -0.0090    2.6768    0.0459    0.0995
    
2023042700
   0    1.7370 -999.9900    3.1818    3.1818    3.4832    0.0402    2.5158    0.0664    0.0945
   0    1.7416 -999.9900    3.1937    3.1937    3.4832    0.0266    2.5267    0.0663    0.0945
   0    1.7624 -999.9900    3.2754    3.2754    3.5856   -0.2022    2.5643    0.0701    0.0668
   0    1.7636 -999.9900    3.2776    3.2776    3.5856   -0.1994    2.5669    0.0699    0.0675
    
2023042800
   0    1.5561 -999.9900    2.9241    2.9241    3.5504   -0.1567    2.1647    0.0621    0.0499
   0    1.5567 -999.9900    2.9256    2.9256    3.5504   -0.1575    2.1658    0.0621    0.0499
   0    1.6125 -999.9900    3.0616    3.0616    3.5552   -0.1655    2.2498    0.0660    0.0587
   0    1.6126 -999.9900    3.0619    3.0619    3.5552   -0.1655    2.2500    0.0660    0.0587
    
2023042900
   0    1.8891 -999.9900    3.5110    3.5110    3.6460   -0.2855    2.6943    0.1385    0.0619
   0    1.8893 -999.9900    3.5111    3.5111    3.6460   -0.2854    2.6945    0.1385    0.0619
   0    1.8675 -999.9900    3.4438    3.4438    3.6094   -0.4938    2.6436    0.1576    0.0465
   0    1.8676 -999.9900    3.4439    3.4439    3.6094   -0.4935    2.6436    0.1576    0.0465
    
2023043000
   0    1.9948 -999.9900    3.5881    3.5881    3.6517   -1.7350    2.8146    0.2127    0.0320
   0    1.9956 -999.9900    3.5897    3.5897    3.6517   -1.7371    2.8164    0.2131    0.0320
   0    1.9289 -999.9900    3.4526    3.4526    3.6269   -1.5484    2.7204    0.2000    0.0336
   0    1.9296 -999.9900    3.4540    3.4540    3.6269   -1.5504    2.7218    0.2003    0.0336
    
2023050100
   0    1.9940 -999.9900    3.7258    3.7258    3.4131   -1.5138    2.8370    0.1704    0.0535
   0    1.9939 -999.9900    3.7257    3.7257    3.4131   -1.5139    2.8369    0.1704    0.0535
   0    1.9917 -999.9900    3.6868    3.6868    3.3747   -1.5889    2.7927    0.1852    0.0500
   0    1.9915 -999.9900    3.6866    3.6866    3.3747   -1.5886    2.7925    0.1852    0.0501
    
2023050200
   0    2.0413 -999.9900    3.6805    3.6805    3.3210   -1.9146    2.9211    0.2255    0.0512
   0    2.0425 -999.9900    3.6828    3.6828    3.3210   -1.9186    2.9237    0.2257    0.0512
   0    2.0624 -999.9900    3.7733    3.7733    3.3810   -2.0656    2.9901    0.2315    0.0432
   0    2.0624 -999.9900    3.7734    3.7734    3.3810   -2.0657    2.9902    0.2315    0.0432
    
2023050300
   0    1.8201 -999.9900    3.3753    3.3753    3.3246   -1.5831    2.6247    0.1296    0.0418
   0    1.8214 -999.9900    3.3779    3.3779    3.3246   -1.5853    2.6264    0.1304    0.0418
   0    1.8813 -999.9900    3.4823    3.4823    3.4031   -1.7569    2.7138    0.1395    0.0398
   0    1.8820 -999.9900    3.4839    3.4839    3.4031   -1.7581    2.7149    0.1397    0.0398
    
2023050400
   0    1.9470 -999.9900    3.6434    3.6434    3.2156   -1.3635    2.7760    0.1559    0.0768
   0    1.9470 -999.9900    3.6434    3.6434    3.2156   -1.3635    2.7759    0.1559    0.0768
   0    1.9613 -999.9900    3.6506    3.6506    3.2155   -1.3970    2.8135    0.1628    0.0764
   0    1.9613 -999.9900    3.6507    3.6507    3.2155   -1.3970    2.8136    0.1628    0.0764
    
2023050500
   0    1.7943 -999.9900    3.3519    3.3519    3.2724   -1.0517    2.5520    0.0995    0.0824
   0    1.8058 -999.9900    3.3790    3.3790    3.2724   -1.0673    2.5673    0.1045    0.0824
   0    1.7971 -999.9900    3.3620    3.3620    3.1501   -1.1200    2.5472    0.1209    0.0707
   0    1.8048 -999.9900    3.3795    3.3795    3.1501   -1.1293    2.5566    0.1244    0.0708
    
2023050600
   0    1.9283 -999.9900    3.5994    3.5994    3.2938   -1.0898    2.7148    0.1392    0.1020
   0    1.9287 -999.9900    3.6000    3.6000    3.2938   -1.0905    2.7152    0.1393    0.1019
   0    1.9930 -999.9900    3.7401    3.7401    3.3700   -1.1902    2.8220    0.1442    0.0813
   0    1.9929 -999.9900    3.7400    3.7400    3.3700   -1.1902    2.8219    0.1442    0.0812
    
2023050700
   0    2.2226 -999.9900    4.0241    4.0241    3.0729   -1.8759    3.1520    0.2529    0.0954
   0    2.2256 -999.9900    4.0292    4.0292    3.0729   -1.8793    3.1562    0.2541    0.0954
   0    2.1376 -999.9900    3.9771    3.9771    3.1331   -1.8962    3.0509    0.2105    0.0656
   0    2.1394 -999.9900    3.9800    3.9800    3.1331   -1.8978    3.0533    0.2111    0.0656
    
2023050800
   0    1.8003 -999.9900    3.3447    3.3447    3.1289   -1.5657    2.5609    0.1393    0.0706
   0    1.8041 -999.9900    3.3549    3.3549    3.1289   -1.5701    2.5652    0.1398    0.0706
   0    1.7908 -999.9900    3.3802    3.3802    3.2051   -1.6620    2.5749    0.1330    0.0632
   0    1.7925 -999.9900    3.3849    3.3849    3.2051   -1.6637    2.5765    0.1333    0.0632
    
2023050900
   0    1.5858 -999.9900    3.0688    3.0688    3.1003   -1.0611    2.2060    0.1177    0.0453
   0    1.5864 -999.9900    3.0743    3.0743    3.1003   -1.0698    2.2058    0.1179    0.0424
   0    1.5178 -999.9900    2.9426    2.9426    3.0906   -1.0311    2.1131    0.1028    0.0569
   0    1.5181 -999.9900    2.9460    2.9460    3.0906   -1.0355    2.1132    0.1029    0.0546
    
2023051000
   0    1.5015 -999.9900    3.0494    3.0494    3.1873   -1.2630    2.0825    0.1039    0.0176
   0    1.5093 -999.9900    3.0732    3.0732    3.1873   -1.2715    2.0908    0.1043    0.0176
   0    1.5237 -999.9900    3.0410    3.0410    3.2640   -1.2479    2.0829    0.1019    0.0169
   0    1.5301 -999.9900    3.0595    3.0595    3.2640   -1.2547    2.0896    0.1020    0.0168
    
2023051100
   0    1.4259 -999.9900    2.6671    2.6671    2.9913   -0.8081    2.0260    0.1105    0.0334
   0    1.4279 -999.9900    2.6722    2.6722    2.9913   -0.8129    2.0302    0.1107    0.0332
   0    1.4201 -999.9900    2.6587    2.6587    2.9779   -0.6872    2.0283    0.1070    0.0374
   0    1.4202 -999.9900    2.6592    2.6592    2.9779   -0.6874    2.0286    0.1072    0.0374
    
2023051200
   1 -999.9900 -999.9900 -999.9900 -999.9900 -999.9900 -999.9900 -999.9900 -999.9900 -999.9900
   1 -999.9900 -999.9900 -999.9900 -999.9900 -999.9900 -999.9900 -999.9900 -999.9900 -999.9900
   1 -999.9900 -999.9900 -999.9900 -999.9900 -999.9900 -999.9900 -999.9900 -999.9900 -999.9900
   1 -999.9900 -999.9900 -999.9900 -999.9900 -999.9900 -999.9900 -999.9900 -999.9900 -999.9900
    
2023051300
   0    1.6677 -999.9900    3.5460    3.5460    2.9087   -1.5154    2.3289    0.1586    0.0359
   0    1.6672 -999.9900    3.5456    3.5456    2.9087   -1.5207    2.3282    0.1587    0.0353
   0    1.7259 -999.9900    3.6280    3.6280    2.9317   -1.6419    2.4141    0.1723    0.0259
   0    1.7257 -999.9900    3.6278    3.6278    2.9317   -1.6429    2.4138    0.1723    0.0257
    
2023051400
   0    1.8213 -999.9900    3.5721    3.5721    2.9343   -1.8885    2.6159    0.2366    0.0454
   0    1.8206 -999.9900    3.5717    3.5717    2.9343   -1.8917    2.6151    0.2367    0.0449
   0    1.8098 -999.9900    3.5136    3.5136    2.9646   -1.9159    2.6089    0.2387    0.0310
   0    1.8095 -999.9900    3.5133    3.5133    2.9646   -1.9165    2.6083    0.2387    0.0310
    
2023051500
   0    2.2107 -999.9900    4.2060    4.2060    3.0727   -1.5255    3.1013    0.2265    0.1027
   0    2.2098 -999.9900    4.2050    4.2050    3.0727   -1.5263    3.1001    0.2265    0.1025
   0    2.1226 -999.9900    4.1190    4.1190    3.1344   -1.4369    2.9894    0.2007    0.0962
   0    2.1224 -999.9900    4.1186    4.1186    3.1344   -1.4370    2.9891    0.2007    0.0962
    
2023051600
   0    2.4997 -999.9900    4.4682    4.4682    2.9635   -1.0929    3.5187    0.2548    0.1980
   0    2.4974 -999.9900    4.4663    4.4663    2.9635   -1.0968    3.5151    0.2548    0.1974
   0    2.4863 -999.9900    4.4607    4.4607    2.9022   -1.0194    3.4969    0.2422    0.2022
   0    2.4846 -999.9900    4.4593    4.4593    2.9022   -1.0222    3.4942    0.2423    0.2011
    
2023051700
   0    2.2911 -999.9900    4.0456    4.0456    2.6803   -0.5306    3.0946    0.2223    0.2171
   0    2.2892 -999.9900    4.0439    4.0439    2.6803   -0.5372    3.0921    0.2226    0.2160
   0    2.2767 -999.9900    4.0284    4.0284    2.6783   -0.4572    3.0891    0.2135    0.2245
   0    2.2760 -999.9900    4.0279    4.0279    2.6783   -0.4596    3.0883    0.2136    0.2241
    
2023051800
   0    1.8947 -999.9900    3.3935    3.3935    2.6263   -0.2213    2.6762    0.1943    0.2284
   0    1.8977 -999.9900    3.3961    3.3961    2.6263   -0.2263    2.6803    0.1957    0.2286
   0    1.8694 -999.9900    3.3468    3.3468    2.6268   -0.0782    2.6432    0.1662    0.2474
   0    1.8709 -999.9900    3.3480    3.3480    2.6268   -0.0807    2.6452    0.1669    0.2475
    
2023051900
   0    2.0863 -999.9900    3.6957    3.6957    2.6621   -0.6600    2.8795    0.2430    0.2163
   0    2.0904 -999.9900    3.6999    3.6999    2.6621   -0.6742    2.8858    0.2460    0.2155
   0    2.0390 -999.9900    3.6440    3.6440    2.8240   -0.6087    2.8319    0.2080    0.2054
   0    2.0400 -999.9900    3.6448    3.6448    2.8240   -0.6150    2.8336    0.2093    0.2049
    
2023052000
   0    1.9583 -999.9900    3.5695    3.5695    2.9050   -0.7765    2.7421    0.2538    0.1202
   0    1.9600 -999.9900    3.5719    3.5719    2.9050   -0.7790    2.7442    0.2539    0.1201
   0    1.9521 -999.9900    3.5521    3.5521    2.8794   -0.7494    2.7501    0.2512    0.1247
   0    1.9529 -999.9900    3.5531    3.5531    2.8794   -0.7504    2.7509    0.2510    0.1247
    
2023052100
   0    1.6865 -999.9900    3.3104    3.3104    2.8045   -1.1327    2.3781    0.1761    0.0706
   0    1.6906 -999.9900    3.3155    3.3155    2.8045   -1.1403    2.3845    0.1778    0.0705
   0    1.6788 -999.9900    3.2881    3.2881    2.8175   -1.1151    2.3824    0.1727    0.0725
   0    1.6805 -999.9900    3.2900    3.2900    2.8175   -1.1189    2.3852    0.1734    0.0725
    
2023052200
   0    1.6596 -999.9900    3.4732    3.4732    2.8142   -1.6050    2.3476    0.1862    0.0533
   0    1.6625 -999.9900    3.4761    3.4761    2.8142   -1.6151    2.3519    0.1881    0.0526
   0    1.6158 -999.9900    3.3960    3.3960    2.7987   -1.4922    2.2755    0.1769    0.0591
   0    1.6164 -999.9900    3.3967    3.3967    2.7987   -1.4967    2.2767    0.1775    0.0587
    
2023052300
   0    1.5140 -999.9900    3.0230    3.0230    2.5514   -1.1944    2.0962    0.1882    0.0315
   0    1.5160 -999.9900    3.0262    3.0262    2.5514   -1.2033    2.0988    0.1894    0.0312
   0    1.4620 -999.9900    2.9434    2.9434    2.5836   -1.1209    2.0428    0.1737    0.0269
   0    1.4627 -999.9900    2.9447    2.9447    2.5836   -1.1245    2.0436    0.1741    0.0266
    
2023052400
   0    1.4934 -999.9900    2.9752    2.9752    2.6525   -0.8905    2.0642    0.1955    0.0584
   0    1.4945 -999.9900    2.9760    2.9760    2.6525   -0.8965    2.0654    0.1967    0.0581
   0    1.4931 -999.9900    2.9844    2.9844    2.8486   -1.0085    2.1007    0.1724    0.0426
   0    1.4937 -999.9900    2.9849    2.9849    2.8486   -1.0110    2.1018    0.1727    0.0426
    
2023052500
   0    1.7302 -999.9900    3.4989    3.4989    2.5967   -1.0218    2.4081    0.1658    0.1196
   0    1.7332 -999.9900    3.5006    3.5006    2.5967   -1.0388    2.4135    0.1677    0.1187
   0    1.8097 -999.9900    3.6367    3.6367    2.5525   -1.0620    2.4998    0.1726    0.1308
   0    1.8107 -999.9900    3.6371    3.6371    2.5525   -1.0724    2.5017    0.1738    0.1305
    
2023052600
   0    1.7574 -999.9900    3.3646    3.3646    2.6626   -0.9094    2.4247    0.1729    0.1184
   0    1.7552 -999.9900    3.3615    3.3615    2.6626   -0.9167    2.4216    0.1734    0.1173
   0    1.7179 -999.9900    3.3372    3.3372    2.7408   -0.9247    2.3850    0.1542    0.1059
   0    1.7171 -999.9900    3.3361    3.3361    2.7408   -0.9277    2.3839    0.1543    0.1055
    
2023052700
   0    1.5081 -999.9900    3.0225    3.0225    2.5688   -0.5642    2.0613    0.1148    0.1035
   0    1.5055 -999.9900    3.0199    3.0199    2.5688   -0.5707    2.0574    0.1150    0.1028
   0    1.5054 -999.9900    3.0456    3.0456    2.5827   -0.6544    2.0663    0.1180    0.0877
   0    1.5049 -999.9900    3.0451    3.0451    2.5827   -0.6568    2.0651    0.1181    0.0873
    
2023052800
   0    1.3720 -999.9900    2.6667    2.6667    2.5985   -0.1881    1.9538    0.1083    0.1021
   0    1.3690 -999.9900    2.6627    2.6627    2.5985   -0.1964    1.9491    0.1087    0.1006
   0    1.3535 -999.9900    2.6315    2.6315    2.5911   -0.2387    1.9375    0.1078    0.0949
   0    1.3521 -999.9900    2.6299    2.6299    2.5911   -0.2426    1.9351    0.1080    0.0937
    
2023052900
   0    1.2380 -999.9900    2.4538    2.4538    2.3684    0.0658    1.7412    0.0868    0.1479
   0    1.2361 -999.9900    2.4513    2.4513    2.3684    0.0598    1.7384    0.0871    0.1469
   0    1.2415 -999.9900    2.4596    2.4596    2.5334   -0.1523    1.7536    0.0898    0.1125
   0    1.2408 -999.9900    2.4586    2.4586    2.5334   -0.1549    1.7524    0.0899    0.1123
    
2023053000
   0    1.4205 -999.9900    2.8829    2.8829    2.3292    0.7469    1.9464    0.0526    0.2298
   0    1.4143 -999.9900    2.8771    2.8771    2.3292    0.7373    1.9383    0.0527    0.2265
   0    1.4119 -999.9900    2.9336    2.9336    2.4692    0.8052    1.9660    0.0434    0.2011
   0    1.4095 -999.9900    2.9315    2.9315    2.4692    0.8015    1.9627    0.0434    0.1997
    
2023053100
   0    1.7282 -999.9900    3.4232    3.4232    2.3743    0.9592    2.3250    0.0635    0.2864
   0    1.7263 -999.9900    3.4217    3.4217    2.3743    0.9545    2.3225    0.0638    0.2859
   0    1.6876 -999.9900    3.3667    3.3667    2.3843    0.9094    2.2873    0.0674    0.2802
   0    1.6874 -999.9900    3.3665    3.3665    2.3843    0.9082    2.2871    0.0675    0.2801
    
2023060100
   0    1.7877 -999.9900    3.3873    3.3873    2.5006    1.1849    2.4681    0.0620    0.2866
   0    1.7840 -999.9900    3.3849    3.3849    2.5006    1.1740    2.4634    0.0625    0.2845
   0    1.8833 -999.9900    3.5663    3.5663    2.5212    1.2611    2.5773    0.0692    0.3081
   0    1.8810 -999.9900    3.5648    3.5648    2.5212    1.2565    2.5744    0.0693    0.3071
    
2023060200
   0    2.0628 -999.9900    4.0079    4.0079    2.4502    1.3184    2.7348    0.0816    0.2932
   0    2.0586 -999.9900    4.0061    4.0061    2.4502    1.3095    2.7289    0.0818    0.2904
   0    2.0256 -999.9900    3.9523    3.9523    2.5018    1.3425    2.7149    0.0762    0.2833
   0    2.0240 -999.9900    3.9514    3.9514    2.5018    1.3394    2.7128    0.0762    0.2823
    
2023060300
   0    1.7260 -999.9900    3.4630    3.4630    2.4926    1.4594    2.3217    0.0382    0.2435
   0    1.7262 -999.9900    3.4715    3.4715    2.4926    1.4580    2.3213    0.0384    0.2403
   0    1.7388 -999.9900    3.4825    3.4825    2.5032    1.5230    2.3456    0.0350    0.2452
   0    1.7413 -999.9900    3.4921    3.4921    2.5032    1.5252    2.3476    0.0351    0.2430
    
2023060400
   0    1.4560 -999.9900    2.8302    2.8302    2.5595    0.8974    1.9885    0.0507    0.1898
   0    1.4532 -999.9900    2.8317    2.8317    2.5595    0.8897    1.9831    0.0507    0.1866
   0    1.4710 -999.9900    2.8649    2.8649    2.5697    0.8797    2.0102    0.0511    0.1868
   0    1.4693 -999.9900    2.8664    2.8664    2.5697    0.8760    2.0068    0.0511    0.1854
    
2023060500
   0    1.5327 -999.9900    3.2708    3.2708    2.4592    0.5107    2.0548    0.0702    0.1886
   0    1.5300 -999.9900    3.2691    3.2691    2.4592    0.4999    2.0520    0.0705    0.1865
   0    1.5513 -999.9900    3.3290    3.3290    2.5903    0.4498    2.0828    0.0692    0.1818
   0    1.5504 -999.9900    3.3285    3.3285    2.5903    0.4448    2.0817    0.0692    0.1799
    
2023060600
   0    1.4832 -999.9900    3.1172    3.1172    2.3503    0.4723    1.9908    0.1042    0.1747
   0    1.4882 -999.9900    3.1216    3.1216    2.3503    0.4733    1.9966    0.1050    0.1755
   0    1.5276 -999.9900    3.2163    3.2163    2.3328    0.4620    2.0554    0.1124    0.1822
   0    1.5316 -999.9900    3.2201    3.2201    2.3328    0.4656    2.0595    0.1123    0.1830
    
2023060700
   0    1.3614 -999.9900    3.1456    3.1456    2.5742    0.4852    1.8493    0.0443    0.1284
   0    1.3651 -999.9900    3.1491    3.1491    2.5742    0.4867    1.8542    0.0447    0.1293
   0    1.3511 -999.9900    3.0806    3.0806    2.5114    0.5329    1.8288    0.0462    0.1300
   0    1.3546 -999.9900    3.0840    3.0840    2.5114    0.5364    1.8328    0.0463    0.1307
    
2023060800
   0    1.2907 -999.9900    2.7862    2.7862    2.4811    0.3614    1.7380    0.0921    0.1132
   0    1.2892 -999.9900    2.7859    2.7859    2.4811    0.3585    1.7359    0.0922    0.1110
   1 -999.9900 -999.9900 -999.9900 -999.9900 -999.9900 -999.9900 -999.9900 -999.9900 -999.9900
   0    1.2959 -999.9900    2.8371    2.8371    2.4093    0.4294    1.7444    0.0912    0.1177
    
2023060900
   0    1.2615 -999.9900    2.4898    2.4898    2.3482    0.3096    1.6830    0.1158    0.1197
   0    1.2555 -999.9900    2.4866    2.4866    2.3482    0.3041    1.6774    0.1158    0.1194
   0    1.2435 -999.9900    2.4514    2.4514    2.3479    0.2386    1.6712    0.1249    0.1098
   0    1.2411 -999.9900    2.4512    2.4512    2.3479    0.2367    1.6691    0.1249    0.1101
    
2023061000
   0    1.1415 -999.9900    2.2897    2.2897    2.4097    0.0296    1.5513    0.0761    0.1134
   0    1.1264 -999.9900    2.2712    2.2712    2.4097    0.0127    1.5346    0.0761    0.1093
   0    1.1480 -999.9900    2.3093    2.3093    2.3905   -0.0511    1.5614    0.0815    0.1079
   0    1.1398 -999.9900    2.2989    2.2989    2.3905   -0.0596    1.5527    0.0815    0.1068
    
2023061100
   0    1.3683 -999.9900    2.6620    2.6620    2.3712    0.1960    1.8560    0.1043    0.1716
   0    1.3607 -999.9900    2.6574    2.6574    2.3712    0.1880    1.8480    0.1045    0.1698
   0    1.3497 -999.9900    2.6330    2.6330    2.3643    0.1221    1.8426    0.0907    0.1599
   0    1.3464 -999.9900    2.6329    2.6329    2.3643    0.1199    1.8389    0.0907    0.1591
    
2023061200
   0    1.6905 -999.9900    3.5125    3.5125    2.4665    0.8142    2.2441    0.0834    0.2136
   0    1.6826 -999.9900    3.5066    3.5066    2.4665    0.8062    2.2357    0.0834    0.2129
   0    1.6899 -999.9900    3.5327    3.5327    2.4328    0.8088    2.2520    0.0792    0.2197
   0    1.6858 -999.9900    3.5300    3.5300    2.4328    0.8046    2.2476    0.0792    0.2194
    
2023061300
   0    1.6354 -999.9900    3.3798    3.3798    2.2730    0.3273    2.1979    0.1296    0.1677
   0    1.6363 -999.9900    3.3803    3.3803    2.2730    0.3258    2.1993    0.1304    0.1685
   0    1.6242 -999.9900    3.3874    3.3874    2.3678    0.4048    2.2055    0.1124    0.1700
   0    1.6254 -999.9900    3.3879    3.3879    2.3678    0.4058    2.2073    0.1127    0.1713
    
2023061400
   0    1.5963 -999.9900    3.2306    3.2306    2.2661    0.9752    2.1990    0.0838    0.2340
   0    1.5958 -999.9900    3.2333    3.2333    2.2661    0.9731    2.1978    0.0838    0.2329
   0    1.6022 -999.9900    3.2545    3.2545    2.3020    1.1488    2.2088    0.0795    0.2513
   0    1.6016 -999.9900    3.2556    3.2556    2.3020    1.1489    2.2076    0.0794    0.2511
    
2023061500
   0    1.5883 -999.9900    3.1106    3.1106    2.4431    1.1736    2.1792    0.0808    0.2633
   0    1.5856 -999.9900    3.1088    3.1088    2.4431    1.1692    2.1757    0.0812    0.2616
   0    1.5453 -999.9900    3.0279    3.0279    2.3904    1.1020    2.1261    0.0818    0.2547
   0    1.5443 -999.9900    3.0272    3.0272    2.3904    1.1005    2.1249    0.0819    0.2541
    
2023061600
   0    1.4897 -999.9900    2.9552    2.9552    2.2553    1.1691    2.0435    0.0449    0.2476
   0    1.4876 -999.9900    2.9538    2.9538    2.2553    1.1654    2.0408    0.0453    0.2460
   0    1.5278 -999.9900    3.0606    3.0606    2.2725    1.1967    2.0977    0.0509    0.2444
   0    1.5275 -999.9900    3.0603    3.0603    2.2725    1.1962    2.0975    0.0511    0.2442
    
2023061700
   0    1.4741 -999.9900    2.8658    2.8658    2.3011    0.8677    2.0717    0.1092    0.2488
   0    1.4721 -999.9900    2.8645    2.8645    2.3011    0.8624    2.0688    0.1097    0.2468
   0    1.3510 -999.9900    2.6933    2.6933    2.3574    0.6642    1.9119    0.0900    0.1868
   0    1.3510 -999.9900    2.6945    2.6945    2.3574    0.6637    1.9118    0.0901    0.1858
    
2023061800
   0    1.4578 -999.9900    2.9217    2.9217    2.3964    0.9701    2.0161    0.0939    0.2032
   0    1.4547 -999.9900    2.9191    2.9191    2.3964    0.9613    2.0127    0.0950    0.1989
   0    1.4688 -999.9900    2.9240    2.9240    2.3879    0.9082    2.0300    0.1015    0.2049
   0    1.4683 -999.9900    2.9240    2.9240    2.3879    0.9059    2.0294    0.1018    0.2033
    
2023061900
   0    1.4094 -999.9900    2.7625    2.7625    2.2290    0.8624    1.9385    0.1238    0.1998
   0    1.4071 -999.9900    2.7641    2.7641    2.2290    0.8527    1.9361    0.1251    0.1971
   0    1.3450 -999.9900    2.6347    2.6347    2.2826    0.6792    1.8604    0.1196    0.1678
   0    1.3439 -999.9900    2.6356    2.6356    2.2826    0.6754    1.8590    0.1199    0.1670
    
2023062000
   0    1.3704 -999.9900    2.8400    2.8400    2.2704    0.4580    1.8911    0.1385    0.1236
   0    1.3706 -999.9900    2.8413    2.8413    2.2704    0.4516    1.8921    0.1399    0.1237
   0    1.3812 -999.9900    2.8994    2.8994    2.2941    0.5341    1.9227    0.1248    0.1243
   0    1.3813 -999.9900    2.9009    2.9009    2.2941    0.5310    1.9231    0.1255    0.1244
    
2023062100
   0    1.4106 -999.9900    2.9419    2.9419    2.2302    0.0219    1.9486    0.1483    0.1121
   0    1.4096 -999.9900    2.9415    2.9415    2.2302    0.0162    1.9480    0.1489    0.1113
   0    1.3622 -999.9900    2.8847    2.8847    2.1986    0.0648    1.8845    0.1341    0.1077
   0    1.3618 -999.9900    2.8846    2.8846    2.1986    0.0617    1.8841    0.1344    0.1071
    
2023062200
   0    1.3079 -999.9900    2.6531    2.6531    2.2274   -0.4076    1.8151    0.1927    0.0856
   0    1.3118 -999.9900    2.6657    2.6657    2.2274   -0.4172    1.8247    0.1928    0.0847
   0    1.2808 -999.9900    2.6080    2.6080    2.2728   -0.4301    1.7895    0.1752    0.0830
   0    1.2831 -999.9900    2.6164    2.6164    2.2728   -0.4320    1.7938    0.1753    0.0825
    
2023062300
   0    1.4351 -999.9900    2.8579    2.8579    2.2476   -1.0386    1.9774    0.2555    0.0603
   0    1.4341 -999.9900    2.8596    2.8596    2.2476   -1.0439    1.9742    0.2557    0.0596
   0    1.3763 -999.9900    2.7269    2.7269    2.2484   -1.0003    1.8976    0.2324    0.0628
   0    1.3759 -999.9900    2.7270    2.7270    2.2484   -1.0017    1.8969    0.2325    0.0629
    
2023062400
   0    1.2599 -999.9900    2.5092    2.5092    2.2508   -0.6806    1.7736    0.1778    0.0616
   0    1.2582 -999.9900    2.5082    2.5082    2.2508   -0.6885    1.7717    0.1792    0.0590
   0    1.2257 -999.9900    2.4328    2.4328    2.2349   -0.7696    1.7444    0.1830    0.0527
   0    1.2258 -999.9900    2.4327    2.4327    2.2349   -0.7739    1.7448    0.1837    0.0517
    
2023062500
   0    1.4075 -999.9900    2.9803    2.9803    2.1687   -0.2606    1.9669    0.1915    0.0951
   0    1.4022 -999.9900    2.9770    2.9770    2.1687   -0.2724    1.9598    0.1923    0.0910
   0    1.4142 -999.9900    3.0187    3.0187    2.2065   -0.2396    1.9797    0.1791    0.0920
   0    1.4112 -999.9900    3.0169    3.0169    2.2065   -0.2459    1.9757    0.1797    0.0895
    
2023062600
   0    1.3571 -999.9900    2.8436    2.8436    2.2082   -0.2373    1.8753    0.1712    0.1010
   0    1.3504 -999.9900    2.8369    2.8369    2.2082   -0.2561    1.8612    0.1713    0.0984
   0    1.3419 -999.9900    2.8462    2.8462    2.1808   -0.2636    1.8640    0.1597    0.0960
   0    1.3376 -999.9900    2.8424    2.8424    2.1808   -0.2758    1.8540    0.1598    0.0945
    
2023062700
   0    1.1867 -999.9900    2.4646    2.4646    2.1958   -0.2924    1.6556    0.1321    0.0719
   0    1.1853 -999.9900    2.4634    2.4634    2.1958   -0.3017    1.6538    0.1323    0.0712
   0    1.1888 -999.9900    2.4783    2.4783    2.1944   -0.2394    1.6722    0.1326    0.0760
   0    1.1874 -999.9900    2.4773    2.4773    2.1944   -0.2457    1.6696    0.1327    0.0755
    
2023062800
   0    1.2821 -999.9900    2.4606    2.4606    2.2340    0.0678    1.7944    0.1665    0.1778
   0    1.2717 -999.9900    2.4479    2.4479    2.2340    0.0554    1.7829    0.1669    0.1714
   0    1.2341 -999.9900    2.3969    2.3969    2.1739    0.0537    1.7431    0.1484    0.1478
   0    1.2302 -999.9900    2.3921    2.3921    2.1739    0.0492    1.7388    0.1483    0.1448
    
2023062900
   0    1.1150 -999.9900    2.3161    2.3161    2.2171   -0.3571    1.5806    0.1312    0.0573
   0    1.1131 -999.9900    2.3143    2.3143    2.2171   -0.3681    1.5759    0.1320    0.0572
   0    1.1236 -999.9900    2.3302    2.3302    2.3546   -0.4522    1.5911    0.1281    0.0482
   0    1.1218 -999.9900    2.3286    2.3286    2.3546   -0.4579    1.5874    0.1284    0.0483
    
2023063000
   0    1.1542 -999.9900    2.3928    2.3928    2.2080   -0.4453    1.6056    0.1455    0.0676
   0    1.1542 -999.9900    2.3928    2.3928    2.2080   -0.4453    1.6056    0.1455    0.0676
   0    1.1356 -999.9900    2.3499    2.3499    2.1955   -0.5043    1.5970    0.1406    0.0617
   0    1.1323 -999.9900    2.3432    2.3432    2.1955   -0.5086    1.5911    0.1406    0.0614
    
