2023050100
    
2023050200
   0   32.8167 -999.9900   60.5664   60.5664   55.7175    7.8821   45.8594    0.1091    0.1545
   0   29.9537 -999.9900   56.2530   56.2530   57.2990    7.5950   42.0338    0.0720    0.1150
   0   32.3982 -999.9900   59.9679   59.9679   57.1146    7.4336   45.3320    0.1107    0.1438
   0   30.2047 -999.9900   56.6121   56.6121   57.9423    7.3834   42.4886    0.0759    0.1161
    
2023050300
   0   31.9601 -999.9900   59.0820   59.0820   56.3098    1.1958   44.7563    0.1482    0.1150
   0   29.8842 -999.9900   55.0124   55.0124   57.7596    0.7093   42.0498    0.1329    0.0885
   0   31.8910 -999.9900   58.7589   58.7589   56.1146    1.4398   45.2724    0.1519    0.1089
   0   30.2664 -999.9900   55.6487   55.6487   57.3496    0.9530   42.9119    0.1379    0.0865
    
2023050400
   0   33.0909 -999.9900   60.7544   60.7544   55.9910   -3.4562   45.5888    0.1420    0.1444
   0   31.8022 -999.9900   58.2844   58.2844   58.8847   -1.9284   43.8842    0.1246    0.1152
   0   33.1657 -999.9900   61.1281   61.1281   55.8429   -3.0681   45.8116    0.1470    0.1478
   0   32.0338 -999.9900   58.9225   58.9225   58.3205   -2.0012   44.1715    0.1306    0.1206
    
2023050500
   0   30.2161 -999.9900   56.3762   56.3762   56.4237   -7.4978   41.7222    0.1402    0.0930
   0   29.1097 -999.9900   54.1298   54.1298   58.8280   -6.6568   40.0467    0.1293    0.0796
   0   29.4004 -999.9900   54.9534   54.9534   57.1696   -7.4232   40.5961    0.1165    0.0915
   0   28.8371 -999.9900   53.7288   53.7288   58.7551   -6.7803   39.7573    0.1191    0.0817
    
2023050600
   0   28.3819 -999.9900   53.9450   53.9450   52.5614   -7.9634   39.8457    0.1314    0.0795
   0   28.0353 -999.9900   53.6021   53.6021   55.7195   -6.3806   39.4447    0.1016    0.0599
   0   28.9504 -999.9900   54.9783   54.9783   53.8679   -6.6974   40.4997    0.1296    0.0727
   0   28.4081 -999.9900   54.2193   54.2193   55.9082   -5.9377   39.8646    0.1056    0.0622
    
2023050700
   0   27.0671 -999.9900   52.1831   52.1831   55.2181   -4.2433   38.5965    0.0944    0.0874
   0   26.8099 -999.9900   51.5659   51.5659   57.6145   -4.3661   38.2646    0.0793    0.0631
   0   27.5659 -999.9900   52.7525   52.7525   56.1044   -5.3030   39.2126    0.1029    0.0870
   0   27.1805 -999.9900   52.1543   52.1543   57.5327   -4.9774   38.6870    0.0825    0.0692
    
2023050800
   0   25.2416 -999.9900   48.9103   48.9103   54.8409   -1.4267   34.7258    0.0875    0.0700
   0   26.7157 -999.9900   51.6009   51.6009   56.7061   -4.6245   37.2665    0.0866    0.0682
   0   25.1305 -999.9900   49.1357   49.1357   55.1991   -1.2956   34.4883    0.0776    0.0646
   0   26.2606 -999.9900   50.9913   50.9913   56.7326   -3.9064   36.3653    0.0790    0.0642
    
2023050900
   0   28.3246 -999.9900   54.9095   54.9095   52.4780   -6.5422   40.0840    0.1074    0.1017
   0   28.3469 -999.9900   54.4234   54.4234   55.3269   -6.6798   40.0013    0.0902    0.0969
   0   25.9254 -999.9900   50.0192   50.0192   53.4324   -7.1503   36.5162    0.0885    0.0783
   0   26.7849 -999.9900   51.4553   51.4553   55.4578   -7.0171   37.7334    0.0824    0.0815
    
2023051000
   0   25.8445 -999.9900   49.3686   49.3686   54.8669   -6.5684   35.7099    0.0939    0.0680
   0   27.0538 -999.9900   52.0399   52.0399   56.2076   -7.1325   37.8284    0.0942    0.0709
   0   25.9492 -999.9900   49.8284   49.8284   54.8306   -6.6096   35.7542    0.0886    0.0650
   0   26.8780 -999.9900   51.7878   51.7878   55.9095   -7.0443   37.4347    0.0925    0.0700
    
2023051100
   0   27.9738 -999.9900   54.4302   54.4302   53.7110   -6.4676   39.3633    0.1096    0.0774
   0   28.2677 -999.9900   55.6345   55.6345   57.2417   -8.1079   39.6999    0.0931    0.0637
   0   27.6315 -999.9900   54.1232   54.1232   53.8993   -6.3129   39.1399    0.1008    0.0780
   0   27.9718 -999.9900   55.1190   55.1190   56.7481   -7.7496   39.4749    0.0904    0.0647
    
2023051200
   0   26.0661 -999.9900   50.4235   50.4235   53.3133   -4.7611   37.1344    0.0736    0.0947
   0   26.6006 -999.9900   52.2313   52.2313   55.5401   -6.3653   37.8283    0.0635    0.0576
   0   26.2982 -999.9900   51.2905   51.2905   53.2996   -6.3310   37.4879    0.0834    0.0765
   0   26.5670 -999.9900   52.2687   52.2687   55.1679   -6.9011   37.8381    0.0695    0.0553
    
2023051300
   0   27.3417 -999.9900   51.9621   51.9621   57.3559   -9.5443   39.0080    0.0865    0.0920
   0   26.4164 -999.9900   50.2581   50.2581   57.3578   -8.0751   37.6088    0.0842    0.0730
   0   27.0078 -999.9900   51.3259   51.3259   56.0482   -9.3369   38.6058    0.0901    0.0885
   0   26.3949 -999.9900   50.2350   50.2350   56.5665   -8.2445   37.6821    0.0869    0.0740
    
2023051400
   0   29.8262 -999.9900   56.6455   56.6455   52.3128   -8.1118   42.1236    0.1464    0.1091
   0   29.8273 -999.9900   57.2570   57.2570   55.4973   -7.6838   42.2872    0.1301    0.0922
   0   29.7304 -999.9900   56.8501   56.8501   52.1273   -8.2101   42.2353    0.1286    0.1062
   0   29.6365 -999.9900   57.0757   57.0757   54.9510   -7.8282   42.1862    0.1233    0.0925
    
2023051500
   0   31.9868 -999.9900   59.3749   59.3749   51.4312   -2.6753   43.9943    0.1185    0.1755
   0   31.4725 -999.9900   58.7984   58.7984   53.1854   -1.8734   44.5144    0.1105    0.1663
   0   30.5602 -999.9900   56.6946   56.6946   50.8519   -3.4298   42.5598    0.1199    0.1621
   0   30.6101 -999.9900   57.1251   57.1251   52.7021   -2.4868   43.4543    0.1096    0.1595
    
2023051600
   0   29.7601 -999.9900   55.5317   55.5317   55.1627   -1.2216   42.1597    0.0937    0.1265
   0   29.2595 -999.9900   55.1594   55.1594   55.5631   -0.2279   41.3609    0.0859    0.1204
   0   29.3434 -999.9900   55.3596   55.3596   54.7607   -1.8760   41.8805    0.1007    0.1178
   0   29.0533 -999.9900   55.0269   55.0269   55.3505   -0.8194   41.2890    0.0864    0.1156
    
2023051700
   0   28.3546 -999.9900   54.7346   54.7346   51.2116   -3.6874   40.1783    0.1045    0.1414
   0   28.3579 -999.9900   55.5672   55.5672   53.4938   -2.9410   40.3760    0.0872    0.1230
   0   28.5456 -999.9900   55.5704   55.5704   51.0122   -3.2994   40.4056    0.0993    0.1467
   0   28.4625 -999.9900   55.8765   55.8765   52.9461   -2.8575   40.4457    0.0894    0.1294
    
2023051800
   0   30.0852 -999.9900   57.8238   57.8238   52.3240   -5.0894   43.0945    0.1250    0.1313
   0   29.2912 -999.9900   56.4395   56.4395   54.2900   -2.4086   41.7405    0.1087    0.1293
   0   30.2806 -999.9900   58.4429   58.4429   53.1858   -4.6920   43.4142    0.1285    0.1276
   0   29.4699 -999.9900   56.9955   56.9955   54.5020   -2.7062   42.1132    0.1117    0.1269
    
2023051900
   0   32.8081 -999.9900   63.9452   63.9452   55.0902   -6.4105   46.1016    0.1413    0.1293
   0   31.5572 -999.9900   61.7869   61.7869   55.3646   -6.3088   44.6214    0.1331    0.1217
   0   32.5446 -999.9900   63.6729   63.6729   53.8578   -6.4338   45.6226    0.1489    0.1302
   0   31.6192 -999.9900   62.0471   62.0471   54.5967   -6.3432   44.6243    0.1382    0.1248
    
2023052000
   0   36.2414 -999.9900   71.3730   71.3730   51.0723   -7.7434   48.8512    0.1655    0.1653
   0   35.3402 -999.9900   69.3130   69.3130   52.1403   -6.9478   48.3384    0.1607    0.1580
   0   35.5680 -999.9900   70.5208   70.5208   51.6374   -7.9273   48.3851    0.1655    0.1596
   0   35.1096 -999.9900   69.2030   69.2030   52.2607   -7.2172   48.1714    0.1597    0.1553
    
2023052100
   0   31.4116 -999.9900   60.7565   60.7565   52.8127   -8.2402   43.6865    0.1456    0.1252
   0   30.6379 -999.9900   59.4390   59.4390   53.4332   -6.6357   42.9223    0.1235    0.1147
   0   30.4074 -999.9900   58.7064   58.7064   52.7353   -7.6042   42.2621    0.1301    0.1189
   0   30.0972 -999.9900   58.3214   58.3214   53.4177   -6.5749   42.0739    0.1191    0.1120
    
2023052200
   0   24.3605 -999.9900   45.8720   45.8720   50.3868   -5.3711   34.6462    0.1041    0.0839
   0   25.8951 -999.9900   49.6053   49.6053   52.6236   -7.3996   36.9155    0.1063    0.0742
   0   24.6430 -999.9900   46.8606   46.8606   49.7023   -6.0352   35.3888    0.1092    0.0804
   0   25.6184 -999.9900   49.1996   49.1996   52.0185   -7.3925   36.7424    0.1062    0.0724
    
2023052300
   0   26.9288 -999.9900   52.4832   52.4832   51.2947   -8.2165   37.2271    0.1430    0.0792
   0   26.9781 -999.9900   52.7355   52.7355   52.2917   -9.5076   37.8839    0.1306    0.0705
   0   27.2345 -999.9900   52.8730   52.8730   51.4891   -9.1243   37.6900    0.1449    0.0789
   0   27.0779 -999.9900   52.7918   52.7918   52.3336   -9.7941   37.8799    0.1336    0.0735
    
2023052400
   0   29.4289 -999.9900   59.4913   59.4913   49.7546   -9.4032   40.7554    0.1483    0.1019
   0   29.4384 -999.9900   59.8513   59.8513   52.9457  -10.7777   41.5581    0.1216    0.0871
   0   28.4837 -999.9900   57.4939   57.4939   50.9454   -9.0970   39.7050    0.1404    0.0942
   0   28.7720 -999.9900   58.4854   58.4854   53.1077  -10.3190   40.6214    0.1182    0.0848
    
2023052500
   0   31.6226 -999.9900   61.2499   61.2499   50.3864  -12.8460   43.8910    0.1790    0.1173
   0   31.2100 -999.9900   61.6032   61.6032   52.6435  -12.6290   44.3356    0.1552    0.1007
   0   30.5346 -999.9900   59.1716   59.1716   49.7334  -12.8097   42.3833    0.1722    0.1070
   0   30.5553 -999.9900   60.1675   60.1675   51.9769  -12.6506   43.3148    0.1568    0.0933
    
2023052600
   0   32.5750 -999.9900   61.4286   61.4286   50.8486  -13.5025   45.6664    0.1787    0.1351
   0   31.8300 -999.9900   61.2012   61.2012   51.5069  -14.5518   44.8507    0.1623    0.1126
   0   31.5708 -999.9900   59.7120   59.7120   50.4294  -13.1571   44.4232    0.1744    0.1335
   0   31.3867 -999.9900   60.2367   60.2367   51.1067  -14.1346   44.2498    0.1641    0.1144
    
2023052700
   0   31.2726 -999.9900   59.4497   59.4497   50.3759  -12.5526   44.1805    0.1718    0.1145
   0   31.1788 -999.9900   60.1430   60.1430   52.9527  -13.3634   44.2887    0.1560    0.0975
   0   30.8717 -999.9900   59.2486   59.2486   50.0148  -12.3723   43.8771    0.1675    0.1089
   0   30.8547 -999.9900   59.7258   59.7258   52.4178  -13.0930   43.9253    0.1553    0.0966
    
2023052800
   0   30.3685 -999.9900   58.9987   58.9987   52.5417   -9.6256   42.6309    0.1484    0.1339
   0   30.7783 -999.9900   59.3901   59.3901   53.1294  -11.4742   43.0857    0.1457    0.1257
   0   30.4029 -999.9900   59.2753   59.2753   52.4006  -11.4275   43.2122    0.1529    0.1334
   0   30.5618 -999.9900   59.3623   59.3623   53.0586  -12.1857   42.9982    0.1494    0.1255
    
2023052900
   0   32.7280 -999.9900   62.2601   62.2601   49.1277   -9.0438   46.5113    0.1759    0.1501
   0   32.6061 -999.9900   62.1183   62.1183   52.1183   -9.7297   46.6159    0.1665    0.1283
   0   31.0058 -999.9900   59.7183   59.7183   50.4030   -9.8306   44.1066    0.1659    0.1280
   0   31.5617 -999.9900   60.5612   60.5612   52.3294  -10.0647   45.1144    0.1608    0.1148
    
2023053000
   0   28.8038 -999.9900   53.1909   53.1909   50.1275   -2.1504   41.3079    0.1448    0.1307
   0   29.7397 -999.9900   55.2644   55.2644   51.9189   -7.0260   42.8757    0.1562    0.1162
   0   28.9163 -999.9900   53.4453   53.4453   49.5035   -2.9112   41.4558    0.1527    0.1352
   0   29.5706 -999.9900   54.9573   54.9573   51.2513   -6.5073   42.6023    0.1564    0.1217
    
2023053100
   0   28.0481 -999.9900   52.3152   52.3152   51.0329   -4.6541   40.2155    0.1249    0.1347
   0   28.0546 -999.9900   53.3667   53.3667   52.0442   -7.6014   40.2686    0.1258    0.1144
   0   28.0310 -999.9900   52.2504   52.2504   49.4451   -4.4876   40.4661    0.1315    0.1427
   0   27.7881 -999.9900   52.7001   52.7001   51.3301   -6.8368   40.1178    0.1225    0.1191
    
2023060100
   0   25.6740 -999.9900   48.2516   48.2516   51.1404   -0.2455   36.3211    0.0919    0.1230
   0   25.2454 -999.9900   48.2936   48.2936   51.6968   -4.0912   35.8593    0.0775    0.0921
   0   24.9448 -999.9900   47.4216   47.4216   50.0794   -0.3136   35.6589    0.0811    0.1167
   0   24.9301 -999.9900   47.7970   47.7970   50.9815   -3.2720   35.6008    0.0697    0.0960
    
2023060200
   0   24.7311 -999.9900   46.3132   46.3132   52.6698    0.3931   35.3174    0.0566    0.1199
   0   23.6596 -999.9900   44.2875   44.2875   52.0840   -4.6100   33.7679    0.0572    0.0772
   0   24.1163 -999.9900   45.0220   45.0220   52.5587    0.0430   34.3888    0.0553    0.1051
   0   23.4420 -999.9900   43.8922   43.8922   52.1458   -3.8195   33.4311    0.0560    0.0750
    
2023060300
   0   25.3864 -999.9900   46.1348   46.1348   48.3428    1.5413   34.7770    0.0871    0.1484
   0   24.2310 -999.9900   45.2144   45.2144   51.4784   -1.9724   33.7461    0.0658    0.0901
   0   24.7216 -999.9900   45.8348   45.8348   48.4615    1.6924   34.4835    0.0685    0.1388
   0   24.0207 -999.9900   45.0428   45.0428   51.0788   -1.1791   33.5901    0.0581    0.0920
    
2023060400
   0   27.2574 -999.9900   51.6534   51.6534   47.5862    3.3398   37.9863    0.0827    0.1378
   0   27.1496 -999.9900   50.9401   50.9401   50.3583   -0.6804   38.2525    0.0860    0.1029
   0   27.3808 -999.9900   51.9844   51.9844   47.2504    4.0292   38.2391    0.0916    0.1354
   0   27.1965 -999.9900   51.1554   51.1554   49.7516    0.5373   38.3036    0.0866    0.1077
    
2023060500
   0   27.7983 -999.9900   53.8445   53.8445   46.4098    3.5326   38.1118    0.0941    0.1332
   0   28.1931 -999.9900   54.5887   54.5887   50.0111    0.3088   39.0590    0.0966    0.1062
   0   27.0348 -999.9900   52.2534   52.2534   46.6894    2.7583   36.9838    0.0891    0.1282
   0   27.5993 -999.9900   53.3744   53.3744   49.5942    0.4890   38.1416    0.0871    0.1083
    
2023060600
   0   24.5942 -999.9900   44.8776   44.8776   52.9655    3.7613   33.3479    0.0538    0.0948
   0   25.6378 -999.9900   47.1082   47.1082   52.4711    0.8323   35.5128    0.0495    0.0977
   0   24.4737 -999.9900   45.1105   45.1105   50.9661    3.0948   33.4112    0.0545    0.0942
   0   25.2961 -999.9900   46.5043   46.5043   51.6673    1.0184   34.8938    0.0513    0.0980
    
2023060700
   0   24.8781 -999.9900   45.6000   45.6000   50.2628    1.8779   33.6535    0.0592    0.1018
   0   25.3211 -999.9900   46.3560   46.3560   51.5578   -0.4302   35.1576    0.0628    0.0872
   0   24.3298 -999.9900   44.6598   44.6598   49.3654    0.7294   33.2970    0.0649    0.0855
   0   24.8720 -999.9900   45.5559   45.5559   50.8649   -0.6575   34.6664    0.0598    0.0820
    
2023060800
   0   24.1814 -999.9900   43.7506   43.7506   50.9098    0.3004   33.4262    0.0832    0.0746
   0   23.2344 -999.9900   42.5714   42.5714   51.0687   -1.9398   32.5983    0.0609    0.0532
   0   24.1197 -999.9900   43.8485   43.8485   49.6182    0.9178   33.8643    0.0762    0.0786
   0   23.2842 -999.9900   42.5555   42.5555   50.5498   -1.1214   32.8259    0.0571    0.0592
    
2023060900
   0   20.7657 -999.9900   38.0604   38.0604   47.6364    4.4283   27.6717    0.0641    0.0846
   0   20.4242 -999.9900   37.3967   37.3967   49.3899    2.7779   27.2934    0.0434    0.0690
   0   20.3026 -999.9900   37.0603   37.0603   49.6197    4.8112   27.1138    0.0483    0.0815
   0   20.1738 -999.9900   36.8267   36.8267   50.2609    3.3377   26.8190    0.0384    0.0679
    
2023061000
   0   20.4078 -999.9900   38.1317   38.1317   48.9349    4.8692   28.5227    0.0502    0.0637
   0   19.3625 -999.9900   35.4997   35.4997   50.1817    3.0684   26.4367    0.0327    0.0400
   0   20.7059 -999.9900   39.1118   39.1118   48.8340    5.2807   29.1596    0.0455    0.0744
   0   19.6065 -999.9900   36.2306   36.2306   50.1947    3.6755   27.0029    0.0307    0.0457
    
2023061100
   0   24.8010 -999.9900   50.7901   50.7901   49.7219    5.2761   34.3674    0.0556    0.1384
   0   23.1302 -999.9900   47.4029   47.4029   49.5605    3.8178   32.0992    0.0516    0.1040
   0   24.4797 -999.9900   49.6208   49.6208   50.4331    5.1062   34.0255    0.0612    0.1318
   0   23.2294 -999.9900   47.2385   47.2385   50.1351    4.0078   32.1746    0.0571    0.1042
    
2023061200
   0   28.2764 -999.9900   57.1327   57.1327   48.0352    6.7322   39.1497    0.0740    0.1866
   0   25.9319 -999.9900   52.7797   52.7797   49.6117    6.1741   36.0797    0.0608    0.1457
   0   27.3721 -999.9900   55.1752   55.1752   49.2606    5.6175   38.2861    0.0733    0.1617
   0   25.8600 -999.9900   52.3254   52.3254   50.1215    5.6168   36.1436    0.0587    0.1412
    
2023061300
   0   27.0566 -999.9900   54.6349   54.6349   44.4561    8.3185   37.5992    0.0827    0.1925
   0   24.7946 -999.9900   50.1428   50.1428   46.7438    5.9868   34.5943    0.0700    0.1501
   0   27.3008 -999.9900   55.5607   55.5607   45.1644    8.0005   38.0641    0.0753    0.1847
   0   25.3613 -999.9900   51.5103   51.5103   46.8688    6.2626   35.3881    0.0684    0.1541
    
2023061400
   0   25.7222 -999.9900   50.4468   50.4468   46.3567    8.7417   36.2109    0.0693    0.1938
   0   22.8485 -999.9900   45.2622   45.2622   48.3425    7.7051   31.8517    0.0440    0.1333
   0   24.7106 -999.9900   48.8129   48.8129   46.9314    7.4508   35.0181    0.0636    0.1755
   0   22.7210 -999.9900   44.9565   44.9565   48.5841    7.1379   31.7723    0.0404    0.1321
    
2023061500
   0   22.1893 -999.9900   43.0804   43.0804   45.7357   10.8912   31.7291    0.0322    0.1357
   0   20.6171 -999.9900   40.0752   40.0752   48.0765    8.4914   28.6513    0.0255    0.0896
   0   21.7561 -999.9900   42.1420   42.1420   45.8794   10.4210   30.9815    0.0327    0.1159
   0   20.6797 -999.9900   40.0803   40.0803   47.7071    8.6892   28.7360    0.0268    0.0895
    
2023061600
   0   23.3574 -999.9900   45.3086   45.3086   47.1372    9.8227   31.9741    0.0609    0.1285
   0   22.3955 -999.9900   44.0717   44.0717   48.1635    8.4386   30.4381    0.0534    0.0972
   0   22.6745 -999.9900   44.0958   44.0958   46.1172    9.8044   31.3664    0.0557    0.1250
   0   22.1273 -999.9900   43.4316   43.4316   47.5061    8.7043   30.1483    0.0529    0.0988
    
2023061700
   0   25.0289 -999.9900   47.7211   47.7211   44.9746    6.3092   35.1638    0.0724    0.1760
   0   25.1744 -999.9900   48.5056   48.5056   47.3192    4.7811   35.3895    0.0752    0.1440
   0   24.6706 -999.9900   47.3808   47.3808   45.3031    6.5229   34.8883    0.0722    0.1645
   0   24.9876 -999.9900   48.2169   48.2169   46.9658    5.2149   35.1699    0.0746    0.1430
    
2023061800
   0   22.7317 -999.9900   44.2473   44.2473   45.3575    7.1331   31.7437    0.0546    0.1417
   0   22.9424 -999.9900   44.4751   44.4751   46.2916    4.3580   32.4600    0.0682    0.1128
   0   22.8557 -999.9900   44.6573   44.6573   45.5121    6.3412   32.0630    0.0557    0.1329
   0   22.9139 -999.9900   44.5088   44.5088   46.3561    4.4377   32.4330    0.0627    0.1142
    
2023061900
   0   23.5546 -999.9900   45.3905   45.3905   45.2443    2.0415   32.8531    0.0925    0.1146
   0   23.7329 -999.9900   45.8431   45.8431   47.1554   -0.4133   33.5236    0.0840    0.0922
   0   23.2750 -999.9900   44.7683   44.7683   45.8687    1.3914   32.6545    0.0721    0.1056
   0   23.5210 -999.9900   45.3589   45.3589   47.1547   -0.3122   33.2192    0.0748    0.0912
    
2023062000
   0   22.9869 -999.9900   45.2194   45.2194   43.8924   -1.9485   32.5196    0.1142    0.0932
   0   22.3876 -999.9900   44.0453   44.0453   45.1801   -2.7032   31.8459    0.0747    0.0776
   0   22.9310 -999.9900   45.1099   45.1099   44.1676   -1.8647   32.7714    0.0999    0.0959
   0   22.4915 -999.9900   44.2786   44.2786   45.0164   -2.5021   32.1701    0.0734    0.0844
    
2023062100
   0   21.1879 -999.9900   40.8954   40.8954   43.8736   -2.4418   29.2872    0.1024    0.0716
   0   21.5096 -999.9900   41.6004   41.6004   45.1089   -4.2789   30.0951    0.0992    0.0528
   0   20.6722 -999.9900   39.5313   39.5313   44.2549   -3.4336   28.6547    0.0930    0.0627
   0   21.0527 -999.9900   40.4771   40.4771   45.2470   -4.5066   29.4370    0.0911    0.0477
    
2023062200
   0   22.3601 -999.9900   42.5822   42.5822   42.5174   -2.5030   31.7295    0.1046    0.1257
   0   22.6727 -999.9900   43.2976   43.2976   45.0384   -4.8585   32.4293    0.0914    0.0932
   0   21.8990 -999.9900   41.6109   41.6109   42.9893   -3.0064   31.1207    0.0956    0.1128
   0   22.3371 -999.9900   42.5781   42.5781   44.8080   -4.6896   31.9106    0.0882    0.0930
    
2023062300
   0   19.4398 -999.9900   36.4142   36.4142   42.7692   -0.5779   27.3565    0.0688    0.0945
   0   19.9701 -999.9900   37.8246   37.8246   45.3940   -1.8952   28.0420    0.0545    0.0770
   0   19.5075 -999.9900   37.3166   37.3166   43.1816    1.4871   27.2513    0.0607    0.0984
   0   19.9053 -999.9900   38.0252   38.0252   45.1463   -0.3927   27.8645    0.0514    0.0809
    
2023062400
   0   19.3560 -999.9900   38.0107   38.0107   42.9977    1.2948   26.6752    0.0525    0.0723
   0   20.3276 -999.9900   39.3767   39.3767   44.5780   -0.5429   28.0663    0.0673    0.0671
   0   19.5822 -999.9900   38.6782   38.6782   42.7023    1.5315   26.8479    0.0540    0.0794
   0   20.2385 -999.9900   39.3839   39.3839   44.1945   -0.0333   27.7931    0.0658    0.0691
    
2023062500
   0   20.1540 -999.9900   39.3529   39.3529   43.0610   -0.3172   27.9165    0.0777    0.0962
   0   20.7006 -999.9900   40.3471   40.3471   43.9028   -1.5814   29.0587    0.0700    0.0792
   0   19.5774 -999.9900   38.4241   38.4241   42.1980    0.8506   26.9312    0.0646    0.1012
   0   20.0946 -999.9900   39.3199   39.3199   43.4986   -0.6280   27.9907    0.0596    0.0843
    
2023062600
   0   22.3275 -999.9900   42.6150   42.6150   42.7584    3.2521   31.3070    0.0779    0.1495
   0   20.7501 -999.9900   39.4728   39.4728   43.9310    2.1743   29.2730    0.0620    0.1024
   0   22.0211 -999.9900   42.4101   42.4101   42.6480    3.8709   31.0743    0.0719    0.1358
   0   20.8444 -999.9900   39.9510   39.9510   43.6673    2.7613   29.4444    0.0584    0.1047
    
2023062700
   0   21.3171 -999.9900   40.3127   40.3127   43.8471    7.3431   30.3082    0.0447    0.1428
   0   20.6547 -999.9900   39.2878   39.2878   44.8975    7.8717   29.3584    0.0306    0.1174
   0   21.0318 -999.9900   40.1804   40.1804   42.8426    8.0081   29.9277    0.0422    0.1460
   0   20.6072 -999.9900   39.3712   39.3712   44.1435    8.1653   29.2917    0.0297    0.1203
    
2023062800
   0   20.3766 -999.9900   39.9995   39.9995   41.4574    8.3491   28.2061    0.0469    0.1307
   0   20.9977 -999.9900   41.9184   41.9184   42.7706    6.8974   28.9161    0.0483    0.1154
   0   20.9133 -999.9900   40.6713   40.6713   42.8761    9.1893   29.2524    0.0453    0.1146
   0   21.1297 -999.9900   41.8038   41.8038   43.4625    7.6883   29.2247    0.0478    0.1022
    
2023062900
   0   19.4980 -999.9900   36.9052   36.9052   44.8289    8.0288   27.1788    0.0426    0.0832
   0   19.3210 -999.9900   36.8724   36.8724   43.7219    6.6958   26.7223    0.0471    0.0769
   0   19.1904 -999.9900   36.3832   36.3832   44.8613    7.2016   26.7779    0.0457    0.0781
   0   19.1235 -999.9900   36.4483   36.4483   44.0587    6.4909   26.4518    0.0462    0.0773
    
2023063000
   0   18.8121 -999.9900   36.6596   36.6596   41.3068    4.2314   26.1683    0.0560    0.0879
   0   18.7854 -999.9900   36.6596   36.6596   41.3069    4.2314   26.1683    0.0560    0.0879
   0   18.5058 -999.9900   35.8045   35.8045   42.3776    3.9438   25.5528    0.0478    0.0787
   0   18.7256 -999.9900   36.3071   36.3071   42.7083    2.5615   25.4813    0.0566    0.0615
    
