v6.1 gefs
v6.1 naefs
v7.0 gefs
v7.0 naefs
    
2023040100
   0    1.9389 -999.9900    3.4921    3.4921    3.1039   -0.5236    2.7410    0.1729    0.1034
   0    1.9278 -999.9900    3.4576    3.4576    3.1636   -0.5331    2.7303    0.1696    0.0973
   0    1.9612 -999.9900    3.5441    3.5441    3.1481   -0.5465    2.7940    0.1763    0.1023
   0    1.9425 -999.9900    3.4952    3.4952    3.1783   -0.5449    2.7668    0.1710    0.0976
    
2023040200
   0    1.6771 -999.9900    3.1036    3.1036    3.2571    0.1902    2.3616    0.1034    0.0962
   0    1.6329 -999.9900    3.0056    3.0056    3.2138    0.1977    2.2933    0.0988    0.0865
   0    1.6437 -999.9900    3.0093    3.0093    3.2806    0.0799    2.3157    0.1031    0.0863
   0    1.6210 -999.9900    2.9706    2.9706    3.2341    0.1300    2.2780    0.0967    0.0832
    
2023040300
   0    1.5341 -999.9900    2.7143    2.7143    3.1109    0.2066    2.1802    0.0872    0.1177
   0    1.5341 -999.9900    2.7236    2.7236    3.2729    0.5386    2.1589    0.0653    0.1104
   0    1.5234 -999.9900    2.7035    2.7035    3.1548    0.4223    2.1479    0.0739    0.1222
   0    1.5263 -999.9900    2.7162    2.7162    3.2648    0.6016    2.1417    0.0607    0.1126
    
2023040400
   0    1.4684 -999.9900    2.6455    2.6455    3.1753    0.8156    2.0524    0.0515    0.1073
   0    1.4597 -999.9900    2.5902    2.5902    3.2352    1.0330    2.0259    0.0415    0.1090
   0    1.4288 -999.9900    2.5831    2.5831    3.1204    0.7864    2.0012    0.0484    0.1039
   0    1.4341 -999.9900    2.5567    2.5567    3.1967    0.9720    1.9905    0.0403    0.1041
    
2023040500
   0    1.8108 -999.9900    3.3512    3.3512    3.2459    1.5870    2.6499    0.0589    0.1797
   0    1.8309 -999.9900    3.3663    3.3663    3.2667    1.7090    2.7046    0.0592    0.1701
   0    1.8125 -999.9900    3.3661    3.3661    3.1775    1.6277    2.6655    0.0520    0.1800
   0    1.8280 -999.9900    3.3728    3.3728    3.2217    1.7090    2.7011    0.0550    0.1722
    
2023040600
   0    1.7873 -999.9900    3.4014    3.4014    3.1660    0.4410    2.4978    0.1061    0.1282
   0    1.8582 -999.9900    3.4619    3.4619    3.2355    0.6166    2.6180    0.1103    0.1293
   0    1.7834 -999.9900    3.3935    3.3935    3.1833    0.4927    2.4937    0.1003    0.1254
   0    1.8421 -999.9900    3.4470    3.4470    3.2296    0.6125    2.5947    0.1055    0.1278
    
2023040700
   0    1.8015 -999.9900    3.2945    3.2945    3.1050   -0.6381    2.5043    0.1677    0.0838
   0    1.8407 -999.9900    3.3422    3.3422    3.1366   -0.5283    2.5417    0.1730    0.0743
   0    1.7926 -999.9900    3.2915    3.2915    3.1250   -0.6738    2.4810    0.1709    0.0725
   0    1.8277 -999.9900    3.3304    3.3304    3.1425   -0.5717    2.5145    0.1737    0.0690
    
2023040800
   0    2.0065 -999.9900    3.6862    3.6862    3.1657   -1.0447    2.8007    0.2241    0.0777
   0    1.9609 -999.9900    3.5872    3.5872    3.2318   -0.8196    2.7528    0.2074    0.0711
   0    1.9159 -999.9900    3.5541    3.5541    3.1975   -1.0494    2.6955    0.2077    0.0683
   0    1.9140 -999.9900    3.5240    3.5240    3.2401   -0.8675    2.6954    0.1969    0.0655
    
2023040900
   0    1.7967 -999.9900    3.2370    3.2370    3.2680   -0.7790    2.4795    0.1743    0.0601
   0    1.8592 -999.9900    3.3572    3.3572    3.3039   -0.6829    2.5638    0.1750    0.0588
   0    1.7657 -999.9900    3.2134    3.2134    3.1874   -0.8850    2.4415    0.1720    0.0548
   0    1.8193 -999.9900    3.3083    3.3083    3.2614   -0.7657    2.5149    0.1707    0.0545
    
2023041000
   0    1.8255 -999.9900    3.3188    3.3188    3.2266   -1.1502    2.4832    0.1789    0.0436
   0    1.9104 -999.9900    3.4078    3.4078    3.3512   -0.8424    2.5538    0.1811    0.0465
   0    1.8351 -999.9900    3.3400    3.3400    3.2666   -1.0975    2.5223    0.1647    0.0477
   0    1.8979 -999.9900    3.4046    3.4046    3.3473   -0.8724    2.5603    0.1739    0.0482
    
2023041100
   0    1.8245 -999.9900    3.4228    3.4228    3.1052   -0.8526    2.4451    0.1873    0.0560
   0    1.8873 -999.9900    3.5347    3.5347    3.2068   -0.7284    2.5436    0.1773    0.0487
   0    1.8037 -999.9900    3.3709    3.3709    3.1419   -0.8724    2.4488    0.1794    0.0483
   0    1.8578 -999.9900    3.4721    3.4721    3.2189   -0.7651    2.5209    0.1750    0.0447
    
2023041200
   0    1.6126 -999.9900    2.9519    2.9519    2.9663   -0.4656    2.2415    0.1438    0.0729
   0    1.6935 -999.9900    3.0530    3.0530    3.1315   -0.2419    2.3468    0.1491    0.0691
   0    1.6304 -999.9900    2.9984    2.9984    3.0497   -0.3326    2.2762    0.1338    0.0708
   0    1.6873 -999.9900    3.0638    3.0638    3.1426   -0.2068    2.3501    0.1424    0.0681
    
2023041300
   0    1.4627 -999.9900    2.6286    2.6286    2.9290   -0.1367    2.0676    0.1088    0.0858
   0    1.4558 -999.9900    2.5770    2.5770    3.0300    0.0235    2.0602    0.0912    0.0804
   0    1.4413 -999.9900    2.5837    2.5837    2.9896   -0.0741    2.0275    0.0876    0.0877
   0    1.4422 -999.9900    2.5572    2.5572    3.0472    0.0290    2.0362    0.0809    0.0822
    
2023041400
   0    1.4696 -999.9900    2.6010    2.6010    2.8507    0.1582    2.0758    0.0909    0.1280
   0    1.5332 -999.9900    2.7226    2.7226    2.9875    0.3271    2.1750    0.0822    0.1226
   0    1.4487 -999.9900    2.6021    2.6021    2.9058    0.2564    2.0764    0.0683    0.1166
   0    1.5068 -999.9900    2.6967    2.6967    2.9941    0.3522    2.1517    0.0698    0.1157
    
2023041500
   0    1.9015 -999.9900    3.4511    3.4511    2.8291   -1.2183    2.6683    0.2342    0.0558
   0    1.9100 -999.9900    3.4646    3.4646    2.9539   -1.1266    2.7039    0.2183    0.0495
   0    1.9215 -999.9900    3.4926    3.4926    2.8240   -1.2564    2.7079    0.2386    0.0594
   0    1.9182 -999.9900    3.4862    3.4862    2.9266   -1.1678    2.7177    0.2244    0.0513
    
2023041600
   0    2.0050 -999.9900    3.6562    3.6562    3.0831   -1.0602    2.8309    0.2303    0.0865
   0    1.9904 -999.9900    3.5733    3.5733    3.0965   -0.8130    2.8169    0.2276    0.0828
   0    2.0027 -999.9900    3.6388    3.6388    3.0801   -0.9788    2.8249    0.2266    0.0875
   0    1.9913 -999.9900    3.5804    3.5804    3.0908   -0.8136    2.8164    0.2254    0.0849
    
2023041700
   0    1.8702 -999.9900    3.4353    3.4353    2.9844   -0.9114    2.6025    0.2105    0.0616
   0    1.8412 -999.9900    3.3420    3.3420    2.9885   -0.7049    2.5858    0.2052    0.0641
   0    1.8576 -999.9900    3.4438    3.4438    3.0284   -0.8235    2.6121    0.1990    0.0633
   0    1.8391 -999.9900    3.3630    3.3630    3.0172   -0.6935    2.5902    0.2005    0.0646
    
2023041800
   0    1.9471 -999.9900    3.4803    3.4803    3.0299   -1.0154    2.7931    0.2302    0.0834
   0    2.0006 -999.9900    3.5269    3.5269    2.9867   -0.9149    2.8665    0.2473    0.0871
   0    1.9295 -999.9900    3.4509    3.4509    3.0793   -0.9617    2.7722    0.2249    0.0802
   0    1.9791 -999.9900    3.5003    3.5003    3.0252   -0.9028    2.8371    0.2404    0.0836
    
2023041900
   0    1.8424 -999.9900    3.3700    3.3700    3.2274    0.0429    2.5842    0.1422    0.1014
   0    1.8775 -999.9900    3.4123    3.4123    3.1837    0.0117    2.6406    0.1543    0.1041
   0    1.7848 -999.9900    3.2635    3.2635    3.1464   -0.0937    2.5057    0.1494    0.0943
   0    1.8374 -999.9900    3.3440    3.3440    3.1412   -0.0640    2.5840    0.1576    0.0982
    
2023042000
   1 -999.9900 -999.9900 -999.9900 -999.9900 -999.9900 -999.9900 -999.9900 -999.9900 -999.9900
   0    1.7136 -999.9900    3.1008    3.1008    3.1271    0.1202    2.4282    0.1336    0.0787
   1 -999.9900 -999.9900 -999.9900 -999.9900 -999.9900 -999.9900 -999.9900 -999.9900 -999.9900
   0    1.8443 -999.9900    3.3419    3.3419    3.1741    0.3804    2.6194    0.1559    0.1057
    
2023042100
   0    1.7582 -999.9900    3.2137    3.2137    3.1875    0.0544    2.4301    0.1412    0.1048
   0    1.9005 -999.9900    3.4396    3.4396    3.2286    0.2093    2.6617    0.1532    0.1051
   0    1.7674 -999.9900    3.2286    3.2286    3.2779    0.1544    2.4497    0.1337    0.1016
   0    1.8698 -999.9900    3.3937    3.3937    3.2845    0.2383    2.6215    0.1441    0.0987
    
2023042200
   0    1.6316 -999.9900    3.0068    3.0068    3.0523    0.1855    2.3369    0.0961    0.0937
   0    1.6184 -999.9900    2.9679    2.9679    3.2091    0.4557    2.3030    0.0761    0.1026
   0    1.6196 -999.9900    2.9775    2.9775    3.1649    0.2392    2.3111    0.0904    0.0886
   0    1.6101 -999.9900    2.9489    2.9489    3.2507    0.4339    2.2909    0.0759    0.0951
    
2023042300
   0    2.3018 -999.9900    4.3668    4.3668    3.0458   -1.0521    3.0335    0.2256    0.0703
   0    2.2196 -999.9900    4.2186    4.2186    3.2743   -0.7958    2.9604    0.1974    0.0614
   0    2.2795 -999.9900    4.3528    4.3528    3.0956   -0.9606    3.0192    0.2132    0.0677
   0    2.2231 -999.9900    4.2426    4.2426    3.2534   -0.7921    2.9660    0.1936    0.0626
    
2023042400
   0    1.8549 -999.9900    3.2207    3.2207    3.1298   -0.4795    2.4652    0.1931    0.0517
   0    1.9050 -999.9900    3.2838    3.2838    3.1427   -0.4069    2.5540    0.1946    0.0554
   0    1.8326 -999.9900    3.1892    3.1892    3.1831   -0.5578    2.4402    0.1861    0.0463
   0    1.8762 -999.9900    3.2457    3.2457    3.1790   -0.4684    2.5126    0.1889    0.0492
    
2023042500
   0    1.7088 -999.9900    3.0400    3.0400    3.1023    0.1656    2.3822    0.1314    0.0927
   0    1.7013 -999.9900    3.0281    3.0281    3.2009    0.2834    2.3844    0.1274    0.0788
   0    1.6932 -999.9900    3.0063    3.0063    3.0738    0.1343    2.3820    0.1300    0.0799
   0    1.6920 -999.9900    3.0083    3.0083    3.1666    0.2411    2.3847    0.1268    0.0740
    
2023042600
   0    1.6017 -999.9900    2.8860    2.8860    3.2039   -0.6002    2.1987    0.1426    0.0589
   0    1.5761 -999.9900    2.8081    2.8081    3.2384   -0.2983    2.1538    0.1313    0.0589
   0    1.5754 -999.9900    2.8518    2.8518    3.0752   -0.5960    2.1739    0.1341    0.0587
   0    1.5541 -999.9900    2.7831    2.7831    3.1743   -0.3561    2.1328    0.1242    0.0573
    
2023042700
   0    1.6723 -999.9900    2.9471    2.9471    2.8891   -0.5299    2.2950    0.1772    0.0943
   0    1.6649 -999.9900    2.9516    2.9516    3.0689   -0.3237    2.2667    0.1506    0.0875
   0    1.6429 -999.9900    2.9116    2.9116    3.0605   -0.3369    2.2631    0.1507    0.0884
   0    1.6463 -999.9900    2.9306    2.9306    3.1299   -0.2491    2.2547    0.1394    0.0849
    
2023042800
   0    1.7191 -999.9900    3.1225    3.1225    3.2418    0.8235    2.4290    0.1006    0.1280
   0    1.7688 -999.9900    3.1906    3.1906    3.3560    0.9761    2.4915    0.0970    0.1214
   0    1.7031 -999.9900    3.0749    3.0749    3.1749    0.7941    2.4156    0.1003    0.1272
   0    1.7463 -999.9900    3.1451    3.1451    3.2986    0.9279    2.4630    0.0960    0.1217
    
2023042900
   0    1.6263 -999.9900    2.9494    2.9494    3.0181   -0.1179    2.2978    0.1350    0.1089
   0    1.5934 -999.9900    2.8944    2.8944    3.3341    0.4178    2.2614    0.0772    0.0952
   0    1.6527 -999.9900    3.0027    3.0027    2.9609   -0.0682    2.3363    0.1388    0.1080
   0    1.5978 -999.9900    2.9084    2.9084    3.2683    0.3404    2.2749    0.0807    0.0959
    
2023043000
   0    1.5190 -999.9900    2.8219    2.8219    3.3323    0.0470    2.1585    0.0775    0.0807
   0    1.5173 -999.9900    2.8096    2.8096    3.1827    0.0857    2.1892    0.0739    0.0733
   0    1.5151 -999.9900    2.8128    2.8128    3.1952    0.0390    2.1542    0.0836    0.0822
   0    1.5068 -999.9900    2.7906    2.7906    3.1447    0.0732    2.1624    0.0750    0.0742
    
2023050100
   0    1.8351 -999.9900    3.4773    3.4773    3.1390   -0.8292    2.5849    0.1603    0.0903
   0    1.8433 -999.9900    3.4501    3.4501    3.1362   -0.7163    2.6098    0.1621    0.0854
   0    1.8176 -999.9900    3.4190    3.4190    3.0761   -0.8304    2.5532    0.1657    0.0893
   0    1.8260 -999.9900    3.4139    3.4139    3.1071   -0.7396    2.5792    0.1639    0.0838
    
2023050200
   0    1.6859 -999.9900    2.9624    2.9624    2.8904   -0.9335    2.3095    0.2165    0.0624
   0    1.5553 -999.9900    2.7796    2.7796    2.9970   -0.7085    2.1594    0.1537    0.0497
   0    1.6476 -999.9900    2.9053    2.9053    2.9052   -0.7907    2.2753    0.1959    0.0658
   0    1.5552 -999.9900    2.7777    2.7777    2.9874   -0.6678    2.1611    0.1487    0.0535
    
2023050300
   0    1.3775 -999.9900    2.4428    2.4428    2.9371   -0.1783    1.8998    0.0924    0.0832
   0    1.3363 -999.9900    2.3537    2.3537    3.1183    0.0400    1.7858    0.0713    0.0640
   0    1.3688 -999.9900    2.4315    2.4315    2.9177   -0.2032    1.8720    0.0981    0.0769
   0    1.3341 -999.9900    2.3536    2.3536    3.0800   -0.0186    1.7855    0.0759    0.0629
    
2023050400
   0    1.5187 -999.9900    2.6761    2.6761    2.8530    0.0606    2.0971    0.1424    0.0906
   0    1.5759 -999.9900    2.7948    2.7948    2.9455    0.2150    2.1790    0.1470    0.0827
   0    1.5370 -999.9900    2.7031    2.7031    2.9504    0.1602    2.1197    0.1320    0.0870
   0    1.5721 -999.9900    2.7909    2.7909    2.9798    0.2438    2.1773    0.1394    0.0821
    
2023050500
   0    1.5542 -999.9900    2.8901    2.8901    2.9574    1.0106    2.2465    0.0530    0.1559
   0    1.5554 -999.9900    2.8732    2.8732    3.0478    1.0866    2.2340    0.0458    0.1488
   0    1.5820 -999.9900    2.9234    2.9234    3.0170    1.1956    2.2721    0.0392    0.1700
   0    1.5700 -999.9900    2.8952    2.8952    3.0656    1.1824    2.2473    0.0403    0.1578
    
2023050600
   0    1.6333 -999.9900    2.9867    2.9867    2.7960    0.6273    2.3234    0.1129    0.1429
   0    1.6701 -999.9900    3.0393    3.0393    3.0072    0.8793    2.3766    0.1023    0.1393
   0    1.6568 -999.9900    3.0311    3.0311    2.7950    0.6029    2.3563    0.1115    0.1401
   0    1.6660 -999.9900    3.0391    3.0391    2.9816    0.8143    2.3759    0.1001    0.1349
    
2023050700
   0    1.7097 -999.9900    3.0051    3.0051    3.1502    0.7497    2.4129    0.1107    0.1468
   0    1.5833 -999.9900    2.8011    2.8011    3.0810    0.5765    2.2406    0.1033    0.1156
   0    1.6690 -999.9900    2.9530    2.9530    3.1999    0.7424    2.3741    0.1003    0.1336
   0    1.5819 -999.9900    2.8065    2.8065    3.1287    0.6068    2.2466    0.0940    0.1117
    
2023050800
   0    1.6888 -999.9900    3.1418    3.1418    3.1468   -0.2088    2.4021    0.1235    0.1017
   0    1.6260 -999.9900    3.0222    3.0222    3.0012   -0.2166    2.3111    0.1286    0.0854
   0    1.6567 -999.9900    3.0741    3.0741    3.1552   -0.1316    2.3580    0.1112    0.0904
   0    1.6178 -999.9900    3.0054    3.0054    3.0359   -0.1687    2.2999    0.1179    0.0802
    
2023050900
   0    1.9522 -999.9900    3.5337    3.5337    2.8105   -0.5413    2.7791    0.1954    0.1471
   0    1.9649 -999.9900    3.5413    3.5413    2.9166   -0.3735    2.8176    0.1884    0.1446
   0    1.9051 -999.9900    3.4525    3.4525    2.7486   -0.5604    2.7162    0.1948    0.1464
   0    1.9325 -999.9900    3.4886    3.4886    2.8634   -0.4186    2.7706    0.1889    0.1410
    
2023051000
   0    1.6430 -999.9900    2.9898    2.9898    2.9752    0.3261    2.3634    0.0863    0.1386
   0    1.7113 -999.9900    3.1205    3.1205    2.9056    0.0741    2.4567    0.1139    0.1251
   0    1.6459 -999.9900    3.0009    3.0009    2.9055    0.0620    2.3697    0.0966    0.1289
   0    1.7047 -999.9900    3.1116    3.1116    2.8666   -0.0339    2.4451    0.1161    0.1217
    
2023051100
   0    1.7585 -999.9900    3.2405    3.2405    2.6855   -0.7196    2.3942    0.1804    0.0967
   0    1.7479 -999.9900    3.2383    3.2383    2.9342   -0.4762    2.4110    0.1458    0.0841
   0    1.7633 -999.9900    3.2550    3.2550    2.6937   -0.6548    2.4139    0.1847    0.0987
   0    1.7512 -999.9900    3.2451    3.2451    2.8924   -0.4860    2.4182    0.1535    0.0864
    
2023051200
   1 -999.9900 -999.9900 -999.9900 -999.9900 -999.9900 -999.9900 -999.9900 -999.9900 -999.9900
   1 -999.9900 -999.9900 -999.9900 -999.9900 -999.9900 -999.9900 -999.9900 -999.9900 -999.9900
   1 -999.9900 -999.9900 -999.9900 -999.9900 -999.9900 -999.9900 -999.9900 -999.9900 -999.9900
   1 -999.9900 -999.9900 -999.9900 -999.9900 -999.9900 -999.9900 -999.9900 -999.9900 -999.9900
    
2023051300
   0    1.5356 -999.9900    2.7986    2.7986    2.8466   -0.1557    2.1202    0.1205    0.0823
   0    1.4967 -999.9900    2.7028    2.7028    3.0207    0.0242    2.0970    0.0932    0.0743
   0    1.4886 -999.9900    2.7261    2.7261    2.8082   -0.0626    2.0818    0.1047    0.0841
   0    1.4767 -999.9900    2.6792    2.6792    2.9630    0.0441    2.0741    0.0905    0.0751
    
2023051400
   0    1.6857 -999.9900    3.0542    3.0542    2.6874   -0.3217    2.3035    0.1702    0.0917
   0    1.6801 -999.9900    2.9951    2.9951    2.8383   -0.1967    2.2998    0.1656    0.0799
   0    1.7062 -999.9900    3.0710    3.0710    2.7155   -0.2740    2.3469    0.1641    0.0872
   0    1.6810 -999.9900    3.0039    3.0039    2.8385   -0.1931    2.3123    0.1582    0.0775
    
2023051500
   0    1.6468 -999.9900    2.9368    2.9368    2.7197   -0.1680    2.2778    0.1462    0.0856
   0    1.6378 -999.9900    2.9336    2.9336    2.8703    0.0138    2.2786    0.1342    0.0803
   0    1.6321 -999.9900    2.9064    2.9064    2.6456   -0.1952    2.2551    0.1539    0.0847
   0    1.6236 -999.9900    2.9044    2.9044    2.8108   -0.0389    2.2541    0.1365    0.0785
    
2023051600
   0    1.5670 -999.9900    2.8572    2.8572    2.9031    0.0047    2.1484    0.1226    0.0992
   0    1.5276 -999.9900    2.7848    2.7848    2.8235   -0.1064    2.0892    0.1271    0.0824
   0    1.5606 -999.9900    2.8493    2.8493    2.9112    0.0654    2.1367    0.1188    0.0978
   0    1.5263 -999.9900    2.7869    2.7869    2.8525   -0.0478    2.0879    0.1221    0.0820
    
2023051700
   0    1.7218 -999.9900    3.0669    3.0669    2.7318    0.1284    2.3745    0.1610    0.1238
   0    1.6318 -999.9900    2.9154    2.9154    2.7500    0.1262    2.2665    0.1521    0.1021
   0    1.6857 -999.9900    3.0114    3.0114    2.7305    0.1267    2.3287    0.1555    0.1209
   0    1.6251 -999.9900    2.9091    2.9091    2.7484    0.1256    2.2567    0.1477    0.1026
    
2023051800
   0    1.4361 -999.9900    2.5783    2.5783    2.9249    1.2890    2.0419    0.0385    0.1547
   0    1.4026 -999.9900    2.5251    2.5251    2.8239    1.1628    1.9957    0.0341    0.1376
   0    1.4022 -999.9900    2.4979    2.4979    2.8465    1.2214    2.0028    0.0384    0.1399
   0    1.3865 -999.9900    2.4863    2.4863    2.7980    1.1475    1.9790    0.0332    0.1314
    
2023051900
   0    1.3788 -999.9900    2.4371    2.4371    2.8634    0.5128    1.9086    0.0687    0.1085
   0    1.3823 -999.9900    2.4507    2.4507    2.7777    0.3178    1.9137    0.0864    0.0961
   0    1.3596 -999.9900    2.4061    2.4061    2.8156    0.4433    1.8987    0.0691    0.1021
   0    1.3707 -999.9900    2.4300    2.4300    2.7660    0.3150    1.9059    0.0845    0.0942
    
2023052000
   0    1.5921 -999.9900    2.8853    2.8853    2.6392   -0.6314    2.2134    0.1795    0.0773
   0    1.6104 -999.9900    2.9201    2.9201    2.7133   -0.6420    2.2701    0.1799    0.0628
   0    1.4909 -999.9900    2.7356    2.7356    2.6503   -0.6403    2.1110    0.1544    0.0631
   0    1.5420 -999.9900    2.8181    2.8181    2.7124   -0.6452    2.1915    0.1633    0.0564
    
2023052100
   0    1.5265 -999.9900    2.7681    2.7681    2.6134    0.2588    2.1559    0.1127    0.1201
   0    1.4946 -999.9900    2.6957    2.6957    2.7598    0.3355    2.1053    0.1015    0.1074
   0    1.5243 -999.9900    2.7736    2.7736    2.6685    0.3136    2.1553    0.1024    0.1255
   0    1.4968 -999.9900    2.7093    2.7093    2.7663    0.3530    2.1116    0.0948    0.1120
    
2023052200
   0    1.4707 -999.9900    2.6762    2.6762    2.5998    0.2026    2.0571    0.1245    0.1124
   0    1.5128 -999.9900    2.7080    2.7080    2.5893    0.1544    2.1117    0.1480    0.1103
   0    1.4191 -999.9900    2.5692    2.5692    2.5605    0.1428    1.9970    0.1204    0.1049
   0    1.4691 -999.9900    2.6354    2.6354    2.5717    0.1282    2.0594    0.1372    0.1040
    
2023052300
   0    1.5035 -999.9900    2.7542    2.7542    2.7055    0.4897    2.1107    0.0965    0.1270
   0    1.5033 -999.9900    2.7504    2.7504    2.6561    0.3100    2.1032    0.1147    0.1070
   0    1.5032 -999.9900    2.7600    2.7600    2.7018    0.4944    2.1133    0.0997    0.1195
   0    1.5009 -999.9900    2.7502    2.7502    2.6686    0.3488    2.1033    0.1115    0.1051
    
2023052400
   0    1.3996 -999.9900    2.5125    2.5125    2.5582    0.0890    1.9557    0.1355    0.0863
   0    1.3919 -999.9900    2.4970    2.4970    2.4995    0.0488    1.9400    0.1416    0.0783
   0    1.3740 -999.9900    2.4776    2.4776    2.5841    0.1881    1.9373    0.1154    0.0875
   0    1.3727 -999.9900    2.4722    2.4722    2.5341    0.1163    1.9278    0.1251    0.0790
    
2023052500
   0    1.6184 -999.9900    2.9381    2.9381    2.4434   -0.7228    2.2564    0.2019    0.0974
   0    1.5797 -999.9900    2.8862    2.8862    2.4979   -0.7544    2.2244    0.1935    0.0818
   0    1.5900 -999.9900    2.9005    2.9005    2.4438   -0.7765    2.2432    0.1891    0.0928
   0    1.5712 -999.9900    2.8758    2.8758    2.4847   -0.7804    2.2223    0.1881    0.0820
    
2023052600
   0    1.6469 -999.9900    2.9664    2.9664    2.6989   -0.9463    2.3262    0.1788    0.0948
   0    1.5773 -999.9900    2.8890    2.8890    2.7241   -1.0157    2.2601    0.1632    0.0601
   0    1.6309 -999.9900    2.9503    2.9503    2.6685   -0.9724    2.3286    0.1769    0.0899
   0    1.5790 -999.9900    2.8907    2.8907    2.7057   -1.0175    2.2690    0.1619    0.0619
    
2023052700
   0    1.8619 -999.9900    3.2872    3.2872    2.4555   -1.9097    2.5724    0.3212    0.0402
   0    1.8105 -999.9900    3.2044    3.2044    2.5410   -1.7954    2.5094    0.2878    0.0315
   0    1.8730 -999.9900    3.3035    3.3035    2.5110   -1.8956    2.5847    0.3031    0.0377
   0    1.8248 -999.9900    3.2311    3.2311    2.5561   -1.8098    2.5279    0.2868    0.0303
    
2023052800
   0    1.7734 -999.9900    3.1088    3.1088    2.6648   -1.3743    2.4705    0.2665    0.0504
   0    1.8677 -999.9900    3.2537    3.2537    2.5393   -1.6735    2.5676    0.3152    0.0374
   0    1.6988 -999.9900    3.0306    3.0306    2.7059   -1.3511    2.3985    0.2350    0.0462
   0    1.7906 -999.9900    3.1727    3.1727    2.6002   -1.5997    2.5001    0.2863    0.0373
    
2023052900
   0    1.4749 -999.9900    2.5955    2.5955    2.6188   -0.9069    1.9954    0.2172    0.0446
   0    1.5183 -999.9900    2.6571    2.6571    2.6206   -1.0033    2.0501    0.2337    0.0342
   0    1.4863 -999.9900    2.6321    2.6321    2.5901   -0.8875    2.0283    0.2167    0.0414
   0    1.5105 -999.9900    2.6612    2.6612    2.6088   -0.9724    2.0547    0.2251    0.0329
    
2023053000
   0    1.4772 -999.9900    2.5762    2.5762    2.2744   -1.0002    2.0791    0.2369    0.0510
   0    1.4519 -999.9900    2.5305    2.5305    2.5754   -0.7990    2.0290    0.1772    0.0428
   0    1.4540 -999.9900    2.5503    2.5503    2.3627   -0.9347    2.0484    0.2023    0.0491
   0    1.4433 -999.9900    2.5243    2.5243    2.5642   -0.7999    2.0206    0.1742    0.0419
    
2023053100
   0    1.4824 -999.9900    2.6520    2.6520    2.4854   -0.4379    2.0332    0.1606    0.0778
   0    1.4440 -999.9900    2.5742    2.5742    2.5353   -0.3904    2.0271    0.1481    0.0774
   0    1.4737 -999.9900    2.6540    2.6540    2.4895   -0.4392    2.0234    0.1499    0.0779
   0    1.4442 -999.9900    2.5877    2.5877    2.5313   -0.4006    2.0212    0.1434    0.0761
    
2023060100
   0    1.5523 -999.9900    2.7567    2.7567    2.5618   -0.8557    2.1392    0.2109    0.0624
   0    1.6004 -999.9900    2.8495    2.8495    2.5697   -1.0044    2.2281    0.2207    0.0546
   0    1.5437 -999.9900    2.7576    2.7576    2.5580   -0.8314    2.1444    0.1990    0.0621
   0    1.5842 -999.9900    2.8320    2.8320    2.5655   -0.9601    2.2129    0.2096    0.0562
    
2023060200
   0    1.4280 -999.9900    2.5250    2.5250    2.6245   -0.4918    2.0169    0.1522    0.0757
   0    1.3965 -999.9900    2.4852    2.4852    2.6020   -0.5751    1.9746    0.1521    0.0600
   0    1.4401 -999.9900    2.5501    2.5501    2.6823   -0.4558    2.0331    0.1458    0.0713
   0    1.4049 -999.9900    2.5011    2.5011    2.6483   -0.5368    1.9868    0.1465    0.0588
    
2023060300
   0    1.4406 -999.9900    2.5408    2.5408    2.6670   -0.3278    2.0080    0.1459    0.0869
   0    1.4388 -999.9900    2.5376    2.5376    2.6509   -0.3313    2.0012    0.1520    0.0740
   0    1.3964 -999.9900    2.4716    2.4716    2.6033   -0.3004    1.9575    0.1341    0.0840
   0    1.4081 -999.9900    2.4896    2.4896    2.6236   -0.3142    1.9661    0.1417    0.0738
    
2023060400
   0    1.3611 -999.9900    2.4210    2.4210    2.7176    0.2258    1.9115    0.1006    0.0928
   0    1.3891 -999.9900    2.4663    2.4663    2.6887    0.1677    1.9663    0.1111    0.0837
   0    1.3875 -999.9900    2.4817    2.4817    2.7573    0.3319    1.9639    0.0925    0.0965
   0    1.3951 -999.9900    2.4875    2.4875    2.7239    0.2429    1.9830    0.1003    0.0868
    
2023060500
   0    1.8883 -999.9900    3.4911    3.4911    2.7954   -1.1069    2.5315    0.2126    0.0590
   0    1.8994 -999.9900    3.4924    3.4924    2.8258   -1.0708    2.5516    0.2170    0.0543
   0    1.8685 -999.9900    3.4470    3.4470    2.7919   -1.0601    2.5045    0.2099    0.0554
   0    1.8875 -999.9900    3.4678    3.4678    2.8150   -1.0500    2.5349    0.2174    0.0537
    
2023060600
   0    1.7382 -999.9900    3.1267    3.1267    2.9350   -0.6892    2.4462    0.1849    0.0687
   0    1.8131 -999.9900    3.2281    3.2281    2.8377   -0.8727    2.5234    0.2216    0.0565
   0    1.6819 -999.9900    3.0318    3.0318    2.8918   -0.6659    2.3467    0.1767    0.0658
   0    1.7595 -999.9900    3.1427    3.1427    2.8432   -0.8220    2.4417    0.2074    0.0555
    
2023060700
   0    1.4511 -999.9900    2.5327    2.5327    2.6123   -0.5089    2.0157    0.1572    0.0752
   0    1.4773 -999.9900    2.5734    2.5734    2.6759   -0.6760    2.0563    0.1733    0.0570
   0    1.4352 -999.9900    2.5175    2.5175    2.6117   -0.5715    2.0177    0.1500    0.0712
   0    1.4626 -999.9900    2.5576    2.5576    2.6614   -0.6801    2.0492    0.1652    0.0580
    
2023060800
   0    1.4613 -999.9900    2.6025    2.6025    2.7468    0.3034    2.0890    0.0851    0.1099
   0    1.4161 -999.9900    2.5316    2.5316    2.6989   -0.0275    2.0138    0.1077    0.0824
   1 -999.9900 -999.9900 -999.9900 -999.9900 -999.9900 -999.9900 -999.9900 -999.9900 -999.9900
   0    1.4234 -999.9900    2.5545    2.5545    2.6475   -0.0974    2.0207    0.1199    0.0828
    
2023060900
   0    1.3238 -999.9900    2.3264    2.3264    2.4865   -0.0958    1.8275    0.1204    0.0922
   0    1.3245 -999.9900    2.3449    2.3449    2.5030   -0.0760    1.8258    0.1185    0.0815
   0    1.3327 -999.9900    2.3543    2.3543    2.7591    0.2421    1.8270    0.0820    0.0951
   0    1.3252 -999.9900    2.3521    2.3521    2.6687    0.1227    1.8209    0.0924    0.0838
    
2023061000
   0    1.2763 -999.9900    2.2560    2.2560    2.4741    0.4863    1.7695    0.0902    0.1178
   0    1.2599 -999.9900    2.2294    2.2294    2.5104    0.3131    1.7422    0.0965    0.0916
   0    1.2758 -999.9900    2.2535    2.2535    2.6165    0.6312    1.7718    0.0734    0.1086
   0    1.2558 -999.9900    2.2179    2.2179    2.6007    0.4347    1.7346    0.0820    0.0897
    
2023061100
   0    1.5615 -999.9900    2.9053    2.9053    2.7647   -0.5340    2.1297    0.1612    0.0652
   0    1.5874 -999.9900    2.9608    2.9608    2.6423   -0.8058    2.1630    0.1861    0.0544
   0    1.5700 -999.9900    2.9277    2.9277    2.8359   -0.5267    2.1630    0.1625    0.0639
   0    1.5787 -999.9900    2.9499    2.9499    2.7263   -0.7471    2.1540    0.1809    0.0531
    
2023061200
   0    1.5806 -999.9900    2.8568    2.8568    2.8854   -0.0917    2.2073    0.1348    0.0857
   0    1.5986 -999.9900    2.8870    2.8870    2.8526   -0.2224    2.2328    0.1491    0.0757
   0    1.5384 -999.9900    2.7917    2.7917    2.8579   -0.1103    2.1572    0.1228    0.0819
   0    1.5656 -999.9900    2.8390    2.8390    2.8464   -0.2075    2.1952    0.1339    0.0750
    
2023061300
   0    1.5374 -999.9900    2.7059    2.7059    2.7988    0.2421    2.1581    0.1474    0.0993
   0    1.5184 -999.9900    2.6498    2.6498    2.7324    0.0267    2.1203    0.1595    0.0765
   0    1.5208 -999.9900    2.6701    2.6701    2.8068    0.2224    2.1348    0.1409    0.0963
   0    1.5103 -999.9900    2.6396    2.6396    2.7506    0.0580    2.1146    0.1526    0.0777
    
2023061400
   0    1.8868 -999.9900    3.2852    3.2852    2.6198   -0.8391    2.5909    0.2673    0.0882
   0    1.9030 -999.9900    3.2904    3.2904    2.6341   -0.7637    2.6156    0.2539    0.0898
   0    1.8581 -999.9900    3.2616    3.2616    2.6282   -0.7474    2.5629    0.2534    0.0898
   0    1.8764 -999.9900    3.2695    3.2695    2.6434   -0.7237    2.5894    0.2471    0.0901
    
2023061500
   0    1.6743 -999.9900    2.9098    2.9098    2.3655   -0.6729    2.3313    0.2454    0.0898
   0    1.6330 -999.9900    2.8431    2.8431    2.4870   -0.5289    2.3232    0.2190    0.0894
   0    1.6517 -999.9900    2.9001    2.9001    2.3820   -0.6526    2.3234    0.2356    0.0840
   0    1.6227 -999.9900    2.8454    2.8454    2.4782   -0.5456    2.3181    0.2161    0.0855
    
2023061600
   0    1.8700 -999.9900    3.4196    3.4196    2.3781   -0.8079    2.5365    0.2376    0.0859
   0    1.8960 -999.9900    3.4378    3.4378    2.5121   -0.6992    2.6068    0.2406    0.0833
   0    1.9019 -999.9900    3.4862    3.4862    2.4365   -0.8314    2.5810    0.2366    0.0811
   0    1.9073 -999.9900    3.4717    3.4717    2.5220   -0.7351    2.6176    0.2387    0.0811
    
2023061700
   0    1.7712 -999.9900    3.1869    3.1869    2.5429   -0.9481    2.4354    0.2459    0.0724
   0    1.7974 -999.9900    3.1661    3.1661    2.6275   -0.7681    2.4685    0.2374    0.0670
   0    1.6870 -999.9900    3.0497    3.0497    2.5745   -0.9180    2.3546    0.2357    0.0676
   0    1.7337 -999.9900    3.0808    3.0808    2.6376   -0.7861    2.4054    0.2288    0.0642
    
2023061800
   0    1.4653 -999.9900    2.6361    2.6361    2.7230   -0.2754    2.0806    0.1375    0.0928
   0    1.4865 -999.9900    2.6646    2.6646    2.6358   -0.2896    2.1211    0.1502    0.0876
   0    1.4667 -999.9900    2.6571    2.6571    2.6745   -0.2620    2.0769    0.1320    0.0904
   0    1.4799 -999.9900    2.6671    2.6671    2.6291   -0.2788    2.1085    0.1437    0.0863
    
2023061900
   0    1.3931 -999.9900    2.4794    2.4794    2.3777   -0.2572    1.9311    0.1497    0.1005
   0    1.4018 -999.9900    2.4823    2.4823    2.5114   -0.1606    1.9715    0.1446    0.0891
   0    1.3920 -999.9900    2.4930    2.4930    2.4695   -0.2223    1.9687    0.1373    0.0892
   0    1.3991 -999.9900    2.4911    2.4911    2.5359   -0.1590    1.9811    0.1364    0.0854
    
2023062000
   0    1.3187 -999.9900    2.3168    2.3168    2.4407   -0.0658    1.8512    0.1320    0.0843
   0    1.3610 -999.9900    2.3611    2.3611    2.4997   -0.0850    1.8887    0.1577    0.0671
   0    1.3116 -999.9900    2.2897    2.2897    2.5557    0.0272    1.8329    0.1258    0.0721
   0    1.3485 -999.9900    2.3421    2.3421    2.5498   -0.0254    1.8720    0.1465    0.0644
    
2023062100
   0    1.4231 -999.9900    2.5765    2.5765    2.4885    0.5877    2.0240    0.0818    0.1578
   0    1.4106 -999.9900    2.5565    2.5565    2.4774    0.5453    1.9923    0.0858    0.1432
   0    1.4140 -999.9900    2.5793    2.5793    2.4580    0.5182    2.0109    0.0842    0.1453
   0    1.4066 -999.9900    2.5601    2.5601    2.4638    0.5121    1.9868    0.0843    0.1378
    
2023062200
   0    1.1876 -999.9900    2.0796    2.0796    2.3932    0.5095    1.6609    0.0708    0.1154
   0    1.1952 -999.9900    2.1063    2.1063    2.4636    0.5880    1.6862    0.0712    0.0920
   0    1.1778 -999.9900    2.0631    2.0631    2.4073    0.5595    1.6477    0.0662    0.1125
   0    1.1874 -999.9900    2.0917    2.0917    2.4572    0.6023    1.6745    0.0680    0.0941
    
2023062300
   0    1.3520 -999.9900    2.3747    2.3747    2.4113    0.4011    1.8807    0.0862    0.1692
   0    1.3741 -999.9900    2.4316    2.4316    2.4679    0.3555    1.9130    0.0899    0.1499
   0    1.3537 -999.9900    2.3916    2.3916    2.5420    0.3707    1.8862    0.0934    0.1409
   0    1.3683 -999.9900    2.4235    2.4235    2.5399    0.3464    1.9001    0.0908    0.1364
    
2023062400
   0    1.2379 -999.9900    2.1877    2.1877    2.4255    0.1623    1.7321    0.0990    0.1068
   0    1.2719 -999.9900    2.2460    2.2460    2.5066    0.3523    1.7738    0.0893    0.1127
   0    1.2185 -999.9900    2.1688    2.1688    2.3500    0.0355    1.7121    0.1083    0.0984
   0    1.2462 -999.9900    2.2069    2.2069    2.4622    0.2382    1.7427    0.0927    0.1037
    
2023062500
   0    1.3992 -999.9900    2.5211    2.5211    2.3365   -0.5548    1.9538    0.1748    0.0841
   0    1.4133 -999.9900    2.5181    2.5181    2.4516   -0.4665    1.9585    0.1650    0.0805
   0    1.4026 -999.9900    2.5166    2.5166    2.3767   -0.5571    1.9492    0.1737    0.0810
   0    1.4107 -999.9900    2.5143    2.5143    2.4534   -0.4856    1.9550    0.1654    0.0777
    
2023062600
   0    1.3784 -999.9900    2.4093    2.4093    2.4526    0.1600    1.9119    0.1303    0.1103
   0    1.3754 -999.9900    2.4225    2.4225    2.5205    0.3927    1.9077    0.1133    0.1008
   0    1.3677 -999.9900    2.4063    2.4063    2.4394    0.2315    1.9118    0.1245    0.1103
   0    1.3650 -999.9900    2.4115    2.4115    2.5054    0.3891    1.9038    0.1098    0.1017
    
2023062700
   0    1.1900 -999.9900    2.1098    2.1098    2.5671    0.1848    1.6566    0.0759    0.0797
   0    1.2533 -999.9900    2.2209    2.2209    2.5610    0.3402    1.7523    0.0857    0.0880
   0    1.1894 -999.9900    2.1166    2.1166    2.4925    0.1745    1.6625    0.0768    0.0832
   0    1.2362 -999.9900    2.1978    2.1978    2.5230    0.3029    1.7310    0.0798    0.0882
    
2023062800
   0    1.2485 -999.9900    2.2369    2.2369    2.3791   -0.2719    1.7657    0.1219    0.0903
   0    1.3040 -999.9900    2.3286    2.3286    2.3743   -0.2930    1.8530    0.1421    0.0804
   0    1.2648 -999.9900    2.2624    2.2624    2.3671   -0.2368    1.8034    0.1254    0.0868
   0    1.3019 -999.9900    2.3253    2.3253    2.3683   -0.2678    1.8570    0.1403    0.0810
    
2023062900
   0    1.2757 -999.9900    2.2312    2.2312    2.5567    0.2828    1.7814    0.0920    0.1130
   0    1.2781 -999.9900    2.2247    2.2247    2.5294    0.3308    1.7846    0.0948    0.1038
   0    1.2592 -999.9900    2.1933    2.1933    2.5621    0.2946    1.7586    0.0764    0.1099
   0    1.2634 -999.9900    2.1968    2.1968    2.5439    0.3283    1.7618    0.0836    0.1028
    
2023063000
   0    1.2266 -999.9900    2.1553    2.1553    2.2702    0.2133    1.7317    0.1159    0.1016
   0    1.2266 -999.9900    2.1553    2.1553    2.2702    0.2133    1.7317    0.1159    0.1016
   0    1.1999 -999.9900    2.0985    2.0985    2.3180    0.2297    1.6956    0.1038    0.0938
   0    1.2317 -999.9900    2.1274    2.1274    2.3694    0.2741    1.7375    0.1138    0.0855
    
