v6.1 gefs
v6.1 naefs
v7.0 gefs
v7.0 naefs
    
2023040100
   0    1.0260 -999.9900    1.7817    1.7817    0.5328   -0.2144    1.2127    0.3403    0.3288
   0    0.8118 -999.9900    1.5951    1.5951    1.4008    0.3988    1.0779    0.1114    0.2548
   0    1.0238 -999.9900    1.7854    1.7854    0.5428   -0.2162    1.2132    0.3355    0.3228
   0    0.7950 -999.9900    1.5542    1.5542    1.3494    0.2587    1.0562    0.1240    0.2474
    
2023040200
   0    1.1892 -999.9900    2.0277    2.0277    0.5316   -0.4303    1.3788    0.3877    0.3085
   0    0.7957 -999.9900    1.5097    1.5097    1.4221    0.0908    1.0616    0.1407    0.2395
   0    1.1817 -999.9900    2.0169    2.0169    0.5320   -0.4165    1.3730    0.3831    0.3128
   0    0.8151 -999.9900    1.5547    1.5547    1.3669   -0.0161    1.0884    0.1588    0.2433
    
2023040300
   0    1.0929 -999.9900    1.9019    1.9019    0.5074   -0.4107    1.2712    0.3927    0.2759
   0    0.7847 -999.9900    1.5505    1.5505    1.3372   -0.0104    1.0570    0.1696    0.2080
   0    1.0875 -999.9900    1.8912    1.8912    0.5030   -0.3903    1.2646    0.3859    0.2813
   0    0.7926 -999.9900    1.5630    1.5630    1.2807   -0.0784    1.0654    0.1818    0.2131
    
2023040400
   1 -999.9900 -999.9900 -999.9900 -999.9900 -999.9900 -999.9900 -999.9900 -999.9900 -999.9900
   1 -999.9900 -999.9900 -999.9900 -999.9900 -999.9900 -999.9900 -999.9900 -999.9900 -999.9900
   1 -999.9900 -999.9900 -999.9900 -999.9900 -999.9900 -999.9900 -999.9900 -999.9900 -999.9900
   1 -999.9900 -999.9900 -999.9900 -999.9900 -999.9900 -999.9900 -999.9900 -999.9900 -999.9900
    
2023040500
   0    1.1394 -999.9900    1.9637    1.9637    0.5031   -0.3326    1.3204    0.3516    0.3224
   0    0.7909 -999.9900    1.5962    1.5962    1.2945   -0.0715    1.0629    0.1514    0.1946
   0    1.1334 -999.9900    1.9556    1.9556    0.4940   -0.3249    1.3144    0.3488    0.3272
   0    0.8064 -999.9900    1.6211    1.6211    1.2381   -0.1166    1.0824    0.1687    0.2046
    
2023040600
   0    1.1145 -999.9900    1.8610    1.8610    0.5177   -0.4106    1.3088    0.4729    0.2314
   0    0.7963 -999.9900    1.5417    1.5417    1.3271   -0.1023    1.0808    0.2485    0.1345
   0    1.1082 -999.9900    1.8506    1.8506    0.5226   -0.4197    1.3070    0.4769    0.2265
   0    0.8101 -999.9900    1.5546    1.5546    1.2682   -0.1617    1.0988    0.2658    0.1407
    
2023040700
   0    1.1482 -999.9900    1.9548    1.9548    0.5643   -0.4262    1.3521    0.4525    0.2218
   0    0.7787 -999.9900    1.5379    1.5379    1.4045    0.0163    1.0563    0.1953    0.1533
   0    0.9788 -999.9900    1.6883    1.6883    0.5615   -0.3998    1.1771    0.4169    0.2093
   0    0.6666 -999.9900    1.2949    1.2949    1.3349   -0.0241    0.9114    0.1562    0.1423
    
2023040800
   0    1.1904 -999.9900    2.0726    2.0726    0.6034   -0.5451    1.3861    0.4235    0.2178
   0    0.8403 -999.9900    1.6860    1.6860    1.3559   -0.1350    1.1444    0.1805    0.1399
   0    1.0258 -999.9900    1.7865    1.7865    0.6392   -0.5527    1.2271    0.4034    0.1954
   0    0.7110 -999.9900    1.3968    1.3968    1.3290   -0.2129    0.9784    0.1509    0.1162
    
2023040900
   0    1.3545 -999.9900    2.3456    2.3456    0.6254   -0.7608    1.5673    0.4203    0.2491
   0    0.8564 -999.9900    1.6986    1.6986    1.5795   -0.2610    1.1577    0.1549    0.1492
   0    1.1361 -999.9900    1.9726    1.9726    0.6206   -0.6708    1.3373    0.3874    0.2319
   0    0.7230 -999.9900    1.4251    1.4251    1.5172   -0.2976    0.9871    0.1286    0.1230
    
2023041000
   0    1.1736 -999.9900    2.0763    2.0763    0.6234   -0.6487    1.3751    0.3867    0.2258
   0    0.7574 -999.9900    1.4661    1.4661    1.5161   -0.1015    1.0299    0.1595    0.1696
   0    1.0110 -999.9900    1.7727    1.7727    0.6271   -0.6122    1.2103    0.3752    0.2030
   0    0.6660 -999.9900    1.2760    1.2760    1.3843   -0.1956    0.9042    0.1456    0.1480
    
2023041100
   0    1.1079 -999.9900    1.9202    1.9202    0.6409   -0.5517    1.3285    0.4235    0.2350
   0    0.8064 -999.9900    1.5818    1.5818    1.4649   -0.0821    1.0951    0.1758    0.1710
   0    0.9365 -999.9900    1.6484    1.6484    0.6327   -0.4834    1.1460    0.3923    0.2247
   0    0.6988 -999.9900    1.3616    1.3616    1.3428   -0.1592    0.9498    0.1556    0.1563
    
2023041200
   0    1.1522 -999.9900    2.0061    2.0061    0.5515   -0.6467    1.3410    0.4540    0.2138
   0    0.8300 -999.9900    1.6611    1.6611    1.3603   -0.2433    1.1184    0.2018    0.1473
   0    1.1517 -999.9900    2.0084    2.0084    0.5736   -0.6586    1.3439    0.4509    0.2102
   0    0.8420 -999.9900    1.6804    1.6804    1.3089   -0.3374    1.1320    0.2205    0.1445
    
2023041300
   0    1.1212 -999.9900    1.9364    1.9364    0.6060   -0.5326    1.3229    0.4020    0.2298
   0    0.7819 -999.9900    1.5243    1.5243    1.3630   -0.1158    1.0457    0.1667    0.1674
   0    1.1204 -999.9900    1.9371    1.9371    0.6106   -0.5357    1.3253    0.3978    0.2327
   0    0.7998 -999.9900    1.5584    1.5584    1.3127   -0.2068    1.0722    0.1834    0.1700
    
2023041400
   0    1.1627 -999.9900    1.9513    1.9513    0.5760   -0.7104    1.3587    0.4283    0.2083
   0    0.7907 -999.9900    1.5472    1.5472    1.4204   -0.2943    1.0744    0.1734    0.1248
   0    1.1635 -999.9900    1.9487    1.9487    0.5770   -0.7163    1.3655    0.4306    0.2051
   0    0.8079 -999.9900    1.5688    1.5688    1.3722   -0.3757    1.0988    0.1898    0.1254
    
2023041500
   0    1.1973 -999.9900    1.9887    1.9887    0.5671   -0.5802    1.3844    0.3869    0.2371
   0    0.8453 -999.9900    1.6581    1.6581    1.3339   -0.2635    1.1253    0.1786    0.1438
   0    1.2018 -999.9900    1.9916    1.9916    0.5744   -0.6013    1.3933    0.3962    0.2340
   0    0.8637 -999.9900    1.6746    1.6746    1.2799   -0.3420    1.1495    0.1976    0.1467
    
2023041600
   0    1.1873 -999.9900    1.9961    1.9961    0.6149   -0.6813    1.3982    0.4214    0.1958
   0    0.7995 -999.9900    1.5508    1.5508    1.3442   -0.2979    1.0817    0.1782    0.1324
   0    1.1831 -999.9900    1.9930    1.9930    0.6098   -0.6748    1.3946    0.4205    0.1967
   0    0.8275 -999.9900    1.6037    1.6037    1.2855   -0.3768    1.1194    0.1995    0.1345
    
2023041700
   0    1.0849 -999.9900    1.9092    1.9092    0.5821   -0.1850    1.2790    0.3109    0.2981
   0    0.7717 -999.9900    1.5252    1.5252    1.3748    0.1591    1.0482    0.1016    0.2166
   0    1.0814 -999.9900    1.9089    1.9089    0.5787   -0.1795    1.2771    0.3081    0.2965
   0    0.7828 -999.9900    1.5527    1.5527    1.3190    0.0939    1.0591    0.1135    0.2150
    
2023041800
   0    1.1918 -999.9900    2.0813    2.0813    0.5245   -0.4014    1.3791    0.3426    0.3066
   0    0.8373 -999.9900    1.6425    1.6425    1.2859   -0.0815    1.1279    0.1568    0.2278
   0    1.1787 -999.9900    2.0690    2.0690    0.5215   -0.3938    1.3673    0.3407    0.2987
   0    0.8533 -999.9900    1.6856    1.6856    1.2329   -0.1387    1.1507    0.1713    0.2217
    
2023041900
   0    1.1209 -999.9900    1.9144    1.9144    0.5054   -0.4254    1.3022    0.3965    0.2648
   0    0.8501 -999.9900    1.6684    1.6684    1.1984   -0.2119    1.1240    0.2002    0.1868
   0    1.1193 -999.9900    1.9137    1.9137    0.5051   -0.4325    1.3020    0.3978    0.2610
   0    0.8557 -999.9900    1.6669    1.6669    1.1474   -0.2481    1.1308    0.2150    0.1880
    
2023042000
   0    1.1357 -999.9900    1.9733    1.9733    0.4928   -0.2269    1.3094    0.3733    0.3010
   0    0.8682 -999.9900    1.7497    1.7497    1.2332   -0.1124    1.1507    0.1733    0.2084
   0    1.1320 -999.9900    1.9700    1.9700    0.5034   -0.2468    1.3105    0.3795    0.2823
   0    0.8745 -999.9900    1.7525    1.7525    1.1840   -0.1447    1.1554    0.1890    0.1985
    
2023042100
   0    1.2816 -999.9900    2.1089    2.1089    0.4199   -0.0693    1.4397    0.3508    0.4010
   0    0.9511 -999.9900    1.8113    1.8113    1.2652   -0.0297    1.2314    0.1751    0.2784
   0    1.2791 -999.9900    2.1092    2.1092    0.4357   -0.0689    1.4429    0.3487    0.3960
   0    0.9605 -999.9900    1.8190    1.8190    1.2180   -0.0318    1.2434    0.1857    0.2848
    
2023042200
   0    1.1995 -999.9900    2.0270    2.0270    0.3988   -0.4554    1.3466    0.4275    0.3519
   0    0.7994 -999.9900    1.5883    1.5883    1.2625   -0.1938    1.0507    0.1989    0.2178
   0    1.1904 -999.9900    2.0177    2.0177    0.4077   -0.4500    1.3413    0.4263    0.3505
   0    0.8195 -999.9900    1.6242    1.6242    1.2185   -0.2400    1.0776    0.2123    0.2290
    
2023042300
   0    1.1858 -999.9900    2.0621    2.0621    0.4529   -0.2124    1.3498    0.3572    0.3847
   0    0.7564 -999.9900    1.5060    1.5060    1.3113    0.0741    1.0169    0.1685    0.2305
   0    1.1863 -999.9900    2.0640    2.0640    0.4461   -0.1921    1.3499    0.3507    0.3904
   0    0.7861 -999.9900    1.5761    1.5761    1.2620    0.0294    1.0568    0.1773    0.2450
    
2023042400
   0    1.2078 -999.9900    2.1000    2.1000    0.4938   -0.4562    1.3861    0.4054    0.3200
   0    0.7950 -999.9900    1.5429    1.5429    1.3583   -0.0991    1.0646    0.2248    0.2117
   0    1.2129 -999.9900    2.1051    2.1051    0.4788   -0.4549    1.3889    0.4069    0.3245
   0    0.8215 -999.9900    1.6090    1.6090    1.3113   -0.1626    1.1002    0.2346    0.2237
    
2023042500
   0    1.1342 -999.9900    1.8965    1.8965    0.4770   -0.4299    1.3117    0.4040    0.3061
   0    0.8274 -999.9900    1.5865    1.5865    1.3302    0.0213    1.1029    0.1976    0.2080
   0    1.1262 -999.9900    1.8834    1.8834    0.4741   -0.4224    1.3045    0.4042    0.3061
   0    0.8327 -999.9900    1.5887    1.5887    1.2714   -0.0702    1.1084    0.2124    0.2111
    
2023042600
   1 -999.9900 -999.9900 -999.9900 -999.9900 -999.9900 -999.9900 -999.9900 -999.9900 -999.9900
   1 -999.9900 -999.9900 -999.9900 -999.9900 -999.9900 -999.9900 -999.9900 -999.9900 -999.9900
   1 -999.9900 -999.9900 -999.9900 -999.9900 -999.9900 -999.9900 -999.9900 -999.9900 -999.9900
   1 -999.9900 -999.9900 -999.9900 -999.9900 -999.9900 -999.9900 -999.9900 -999.9900 -999.9900
    
2023042700
   0    1.0763 -999.9900    1.8012    1.8012    0.4722   -0.1104    1.2404    0.3403    0.3539
   0    0.7749 -999.9900    1.4681    1.4681    1.1401    0.0260    1.0262    0.1686    0.2311
   0    1.0792 -999.9900    1.8043    1.8043    0.4688   -0.1056    1.2448    0.3383    0.3564
   0    0.7933 -999.9900    1.4990    1.4990    1.0883   -0.0038    1.0472    0.1835    0.2389
    
2023042800
   0    1.1654 -999.9900    1.9267    1.9267    0.4977   -0.2923    1.3404    0.3612    0.3413
   0    0.8379 -999.9900    1.5666    1.5666    1.2360   -0.0867    1.1052    0.1740    0.2448
   0    1.1679 -999.9900    1.9250    1.9250    0.4860   -0.2770    1.3416    0.3608    0.3472
   0    0.8537 -999.9900    1.5952    1.5952    1.1816   -0.1249    1.1278    0.1893    0.2518
    
2023042900
   0    1.1899 -999.9900    2.0106    2.0106    0.5129   -0.3393    1.3678    0.4172    0.2780
   0    0.8532 -999.9900    1.6466    1.6466    1.3681   -0.1310    1.1347    0.2073    0.1624
   0    1.1884 -999.9900    2.0102    2.0102    0.5083   -0.3322    1.3660    0.4153    0.2781
   0    0.8665 -999.9900    1.6734    1.6734    1.3074   -0.1607    1.1501    0.2225    0.1687
    
2023043000
   0    1.0635 -999.9900    1.8120    1.8120    0.4892   -0.2418    1.2344    0.3864    0.3207
   0    0.8022 -999.9900    1.5489    1.5489    1.3566    0.0243    1.0733    0.2111    0.2002
   0    1.0603 -999.9900    1.8076    1.8076    0.4907   -0.2522    1.2339    0.3838    0.3128
   0    0.7952 -999.9900    1.5272    1.5272    1.3103   -0.0275    1.0584    0.2115    0.2034
    
2023050100
   0    1.0947 -999.9900    1.9204    1.9204    0.5090   -0.2250    1.2793    0.3816    0.3217
   0    0.7950 -999.9900    1.5789    1.5789    1.2816    0.1254    1.0689    0.1732    0.2381
   0    1.0966 -999.9900    1.9230    1.9230    0.5113   -0.2256    1.2829    0.3834    0.3175
   0    0.8096 -999.9900    1.5991    1.5991    1.2382    0.0640    1.0860    0.1888    0.2426
    
2023050200
   0    0.9253 -999.9900    1.6488    1.6488    0.5577   -0.3387    1.1113    0.3560    0.2567
   0    0.6676 -999.9900    1.2896    1.2896    1.1895   -0.1074    0.8958    0.1476    0.1639
   0    0.9252 -999.9900    1.6524    1.6524    0.5517   -0.3464    1.1121    0.3593    0.2579
   0    0.6788 -999.9900    1.3213    1.3213    1.1432   -0.1580    0.9123    0.1646    0.1681
    
2023050300
   0    0.8825 -999.9900    1.6052    1.6052    0.5313   -0.0755    1.0607    0.2866    0.3393
   0    0.6940 -999.9900    1.3977    1.3977    1.1047    0.0658    0.9354    0.1270    0.2395
   0    0.8832 -999.9900    1.6101    1.6101    0.5403   -0.0825    1.0639    0.2847    0.3330
   0    0.6970 -999.9900    1.4033    1.4033    1.0635    0.0306    0.9374    0.1390    0.2373
    
2023050400
   0    0.8977 -999.9900    1.5876    1.5876    0.4987   -0.1908    1.0674    0.3280    0.3148
   0    0.7202 -999.9900    1.4110    1.4110    1.1211   -0.0566    0.9681    0.1694    0.2101
   0    0.8965 -999.9900    1.5886    1.5886    0.5008   -0.1979    1.0674    0.3272    0.3100
   0    0.7173 -999.9900    1.4061    1.4061    1.0764   -0.0872    0.9595    0.1789    0.2097
    
2023050500
   0    1.0621 -999.9900    1.8308    1.8308    0.4901   -0.3727    1.2358    0.4098    0.2670
   0    0.7932 -999.9900    1.5881    1.5881    1.2543   -0.2508    1.0635    0.2221    0.1459
   0    1.0622 -999.9900    1.8338    1.8338    0.4932   -0.3735    1.2376    0.4074    0.2666
   0    0.8031 -999.9900    1.5965    1.5965    1.2067   -0.2698    1.0702    0.2371    0.1542
    
2023050600
   0    0.9933 -999.9900    1.7529    1.7529    0.4846   -0.1200    1.1655    0.3174    0.3558
   0    0.7273 -999.9900    1.4720    1.4720    1.2620    0.0576    0.9764    0.1339    0.2097
   0    0.9921 -999.9900    1.7484    1.7484    0.4781   -0.1252    1.1629    0.3195    0.3565
   0    0.7300 -999.9900    1.4709    1.4709    1.2137    0.0224    0.9770    0.1463    0.2184
    
2023050700
   0    0.9143 -999.9900    1.6384    1.6384    0.5085    0.1258    1.0838    0.3010    0.3642
   0    0.6698 -999.9900    1.3383    1.3383    1.1617    0.1333    0.9085    0.1492    0.2061
   0    0.9067 -999.9900    1.6357    1.6357    0.5189    0.1261    1.0803    0.2942    0.3561
   0    0.6738 -999.9900    1.3506    1.3506    1.1169    0.1331    0.9112    0.1554    0.2111
    
2023050800
   0    0.9951 -999.9900    1.7905    1.7905    0.5813    0.0766    1.1784    0.3049    0.3560
   0    0.7045 -999.9900    1.4187    1.4187    1.2329    0.1734    0.9529    0.1247    0.2329
   0    0.9898 -999.9900    1.7897    1.7897    0.5769    0.0753    1.1729    0.3046    0.3538
   0    0.7173 -999.9900    1.4484    1.4484    1.1947    0.1534    0.9690    0.1369    0.2391
    
2023050900
   0    0.9634 -999.9900    1.7381    1.7381    0.5470    0.1195    1.1413    0.2917    0.3593
   0    0.7072 -999.9900    1.4139    1.4139    1.1810    0.1626    0.9518    0.1512    0.2331
   0    0.9578 -999.9900    1.7335    1.7335    0.5528    0.1255    1.1377    0.2887    0.3573
   0    0.7232 -999.9900    1.4455    1.4455    1.1346    0.1681    0.9698    0.1579    0.2470
    
2023051000
   0    1.0346 -999.9900    1.7832    1.7832    0.5334   -0.0120    1.2123    0.3247    0.3783
   0    0.7348 -999.9900    1.4382    1.4382    1.1540   -0.0747    0.9986    0.2008    0.1902
   0    1.0269 -999.9900    1.7741    1.7741    0.5342   -0.0076    1.2052    0.3208    0.3772
   0    0.7529 -999.9900    1.4713    1.4713    1.1066   -0.0568    1.0168    0.2097    0.2088
    
2023051100
   0    1.0027 -999.9900    1.7191    1.7191    0.4887    0.0740    1.1630    0.2759    0.4334
   0    0.7368 -999.9900    1.4608    1.4608    1.1421    0.0565    0.9912    0.1307    0.2491
   0    1.0013 -999.9900    1.7134    1.7134    0.4890    0.0675    1.1629    0.2794    0.4335
   0    0.7487 -999.9900    1.4696    1.4696    1.0921    0.0609    1.0037    0.1410    0.2655
    
2023051200
   0    1.0158 -999.9900    1.7157    1.7157    0.5359    0.2893    1.1824    0.2178    0.5136
   0    0.7531 -999.9900    1.4381    1.4381    1.1439    0.1934    1.0058    0.1257    0.3152
   0    1.0159 -999.9900    1.7116    1.7116    0.5285    0.2984    1.1818    0.2152    0.5164
   0    0.7652 -999.9900    1.4523    1.4523    1.1025    0.2214    1.0130    0.1285    0.3372
    
2023051300
   0    0.9730 -999.9900    1.6493    1.6493    0.5274    0.1647    1.1439    0.2665    0.4896
   0    0.7336 -999.9900    1.4214    1.4214    1.0990    0.1186    0.9811    0.1520    0.3092
   0    0.9725 -999.9900    1.6498    1.6498    0.5256    0.1667    1.1448    0.2650    0.4911
   0    0.7424 -999.9900    1.4292    1.4292    1.0696    0.1288    0.9892    0.1559    0.3255
    
2023051400
   0    0.9633 -999.9900    1.5849    1.5849    0.4764    0.1145    1.1221    0.2882    0.4531
   0    0.7453 -999.9900    1.4205    1.4205    1.0857    0.0472    0.9876    0.1775    0.2473
   0    0.9548 -999.9900    1.5785    1.5785    0.4764    0.1029    1.1141    0.2880    0.4469
   0    0.7423 -999.9900    1.4054    1.4054    1.0463    0.0562    0.9799    0.1806    0.2570
    
2023051500
   0    1.0316 -999.9900    1.7382    1.7382    0.5147   -0.0828    1.2036    0.3285    0.3668
   0    0.8124 -999.9900    1.5828    1.5828    1.1317   -0.1101    1.0871    0.1974    0.2163
   0    0.8712 -999.9900    1.5084    1.5084    0.5356   -0.0874    1.0410    0.3015    0.3420
   0    0.6799 -999.9900    1.3335    1.3335    1.0506   -0.0574    0.9201    0.1499    0.2072
    
2023051600
   0    0.9622 -999.9900    1.6515    1.6515    0.4776   -0.0483    1.1176    0.3104    0.3455
   0    0.7107 -999.9900    1.4148    1.4148    1.1744   -0.0983    0.9526    0.1764    0.1519
   0    0.7739 -999.9900    1.3627    1.3627    0.4825   -0.0441    0.9221    0.2800    0.3287
   0    0.5910 -999.9900    1.1690    1.1690    1.0543   -0.0557    0.7949    0.1428    0.1563
    
2023051700
   0    0.9120 -999.9900    1.5751    1.5751    0.4909    0.0244    1.0684    0.3227    0.3568
   0    0.7574 -999.9900    1.5039    1.5039    1.1789   -0.0326    1.0199    0.2061    0.1753
   0    0.9108 -999.9900    1.5739    1.5739    0.4822    0.0444    1.0675    0.3159    0.3615
   0    0.7441 -999.9900    1.4627    1.4627    1.1372   -0.0031    0.9957    0.1988    0.1890
    
2023051800
   0    0.9860 -999.9900    1.6185    1.6185    0.4671    0.0931    1.1432    0.3338    0.3861
   0    0.7642 -999.9900    1.4660    1.4660    1.1456   -0.0749    1.0272    0.2169    0.1864
   0    0.9865 -999.9900    1.6202    1.6202    0.4578    0.1037    1.1442    0.3309    0.3889
   0    0.7624 -999.9900    1.4452    1.4452    1.1012   -0.0329    1.0166    0.2180    0.1988
    
2023051900
   0    0.9154 -999.9900    1.5479    1.5479    0.5655    0.0680    1.0858    0.3188    0.3645
   0    0.6931 -999.9900    1.3735    1.3735    1.1354   -0.0919    0.9312    0.1787    0.1549
   0    0.9136 -999.9900    1.5476    1.5476    0.5599    0.0708    1.0837    0.3190    0.3651
   0    0.6901 -999.9900    1.3531    1.3531    1.1029   -0.0515    0.9276    0.1841    0.1665
    
2023052000
   0    0.8919 -999.9900    1.5707    1.5707    0.5349    0.2583    1.0496    0.2895    0.3776
   0    0.6440 -999.9900    1.2716    1.2716    1.1163    0.1492    0.8666    0.1317    0.2021
   0    0.8916 -999.9900    1.5716    1.5716    0.5269    0.2605    1.0492    0.2859    0.3815
   0    0.6514 -999.9900    1.2854    1.2854    1.0795    0.1761    0.8734    0.1355    0.2157
    
2023052100
   0    0.8253 -999.9900    1.4130    1.4130    0.4758    0.2764    0.9725    0.2983    0.4026
   0    0.6251 -999.9900    1.2165    1.2165    1.0696    0.2225    0.8446    0.1303    0.2265
   0    0.8235 -999.9900    1.4122    1.4122    0.4889    0.2645    0.9736    0.2992    0.3972
   0    0.6256 -999.9900    1.2074    1.2074    1.0348    0.2306    0.8395    0.1459    0.2340
    
2023052200
   0    0.8576 -999.9900    1.4880    1.4880    0.4794    0.0319    1.0144    0.3509    0.3584
   0    0.6509 -999.9900    1.2617    1.2617    1.1412    0.0151    0.8736    0.1788    0.1971
   0    0.8596 -999.9900    1.4912    1.4912    0.4809    0.0336    1.0185    0.3520    0.3594
   0    0.6497 -999.9900    1.2526    1.2526    1.1028    0.0136    0.8648    0.1927    0.2031
    
2023052300
   0    0.8017 -999.9900    1.4446    1.4446    0.4859   -0.0072    0.9582    0.3379    0.3193
   0    0.5748 -999.9900    1.1719    1.1719    1.1335   -0.0706    0.7789    0.1722    0.1388
   1 -999.9900 -999.9900 -999.9900 -999.9900 -999.9900 -999.9900 -999.9900 -999.9900 -999.9900
   0    0.5746 -999.9900    1.1636    1.1636    1.0875   -0.0601    0.7743    0.1841    0.1464
    
2023052400
   0    0.7689 -999.9900    1.3859    1.3859    0.4982   -0.0255    0.9253    0.3344    0.3366
   0    0.6188 -999.9900    1.2199    1.2199    0.9973   -0.0287    0.8391    0.1847    0.2123
   0    0.7688 -999.9900    1.3856    1.3856    0.4944   -0.0260    0.9252    0.3335    0.3336
   0    0.6149 -999.9900    1.2100    1.2100    0.9440   -0.0366    0.8264    0.1954    0.2142
    
2023052500
   0    0.8372 -999.9900    1.3988    1.3988    0.4685   -0.0062    0.9977    0.3610    0.3454
   0    0.7143 -999.9900    1.3170    1.3170    0.9368    0.0054    0.9544    0.2216    0.2426
   0    0.8312 -999.9900    1.3905    1.3905    0.4639   -0.0006    0.9917    0.3611    0.3450
   0    0.7016 -999.9900    1.2842    1.2842    0.8972    0.0095    0.9336    0.2283    0.2389
    
2023052600
   0    0.7372 -999.9900    1.3143    1.3143    0.4818    0.0637    0.8891    0.3440    0.2981
   0    0.6279 -999.9900    1.2350    1.2350    0.9161    0.0985    0.8340    0.1876    0.1998
   0    0.7373 -999.9900    1.3135    1.3135    0.4769    0.0687    0.8881    0.3464    0.3017
   0    0.6186 -999.9900    1.2122    1.2122    0.8813    0.0985    0.8194    0.1956    0.2008
    
2023052700
   0    0.7152 -999.9900    1.2571    1.2571    0.5056    0.0005    0.8627    0.4055    0.2696
   0    0.6222 -999.9900    1.2296    1.2296    0.9398    0.1057    0.8327    0.2312    0.1922
   0    0.7124 -999.9900    1.2529    1.2529    0.5058    0.0011    0.8616    0.4023    0.2673
   0    0.6160 -999.9900    1.2046    1.2046    0.9066    0.0779    0.8208    0.2471    0.1909
    
2023052800
   0    0.7410 -999.9900    1.3597    1.3597    0.5100   -0.0098    0.8940    0.3533    0.3091
   0    0.6138 -999.9900    1.2268    1.2268    0.9599   -0.0216    0.8241    0.2161    0.1901
   0    0.7356 -999.9900    1.3527    1.3527    0.5147   -0.0006    0.8899    0.3459    0.3109
   0    0.6111 -999.9900    1.2186    1.2186    0.9274   -0.0097    0.8162    0.2164    0.1969
    
2023052900
   0    0.6803 -999.9900    1.2316    1.2316    0.5394    0.1528    0.8329    0.2445    0.3624
   0    0.5817 -999.9900    1.1563    1.1563    0.9621    0.1199    0.7894    0.1574    0.2004
   0    0.6796 -999.9900    1.2305    1.2305    0.5434    0.1554    0.8338    0.2441    0.3598
   0    0.5678 -999.9900    1.1236    1.1236    0.9330    0.1255    0.7660    0.1579    0.2035
    
2023053000
   0    0.6965 -999.9900    1.2711    1.2711    0.5228    0.1849    0.8565    0.2605    0.3543
   0    0.6088 -999.9900    1.2245    1.2245    1.0202    0.0751    0.8228    0.1755    0.1877
   0    0.5767 -999.9900    1.0892    1.0892    0.5273    0.1648    0.7296    0.2086    0.3309
   0    0.5026 -999.9900    1.0248    1.0248    0.9771    0.0734    0.6852    0.1225    0.1678
    
2023053100
   0    0.6518 -999.9900    1.1945    1.1945    0.5375    0.0735    0.8168    0.2718    0.2959
   0    0.5680 -999.9900    1.1407    1.1407    1.0183    0.0003    0.7769    0.1548    0.1717
   0    0.6456 -999.9900    1.1912    1.1912    0.5355    0.0767    0.8114    0.2610    0.2962
   0    0.5508 -999.9900    1.0978    1.0978    0.9843    0.0157    0.7508    0.1492    0.1758
    
2023060100
   0    0.7242 -999.9900    1.2686    1.2686    0.5106   -0.0219    0.8845    0.3482    0.3091
   0    0.5892 -999.9900    1.1549    1.1549    0.9969   -0.0075    0.7947    0.1705    0.1932
   0    0.7220 -999.9900    1.2676    1.2676    0.5109   -0.0243    0.8843    0.3483    0.3074
   0    0.5817 -999.9900    1.1286    1.1286    0.9638   -0.0106    0.7820    0.1769    0.1951
    
2023060200
   0    0.7877 -999.9900    1.3455    1.3455    0.4851    0.1389    0.9351    0.3081    0.3698
   0    0.6346 -999.9900    1.2397    1.2397    1.0076   -0.0452    0.8621    0.1912    0.2086
   0    0.7876 -999.9900    1.3468    1.3468    0.4869    0.1313    0.9367    0.3106    0.3662
   0    0.6317 -999.9900    1.2197    1.2197    0.9778   -0.0152    0.8516    0.1926    0.2166
    
2023060300
   0    0.7485 -999.9900    1.3352    1.3352    0.4810    0.2881    0.8971    0.2195    0.4294
   0    0.5876 -999.9900    1.1653    1.1653    1.0351    0.0620    0.7927    0.1219    0.2432
   0    0.7467 -999.9900    1.3341    1.3341    0.4849    0.2754    0.8970    0.2216    0.4235
   0    0.5841 -999.9900    1.1528    1.1528    0.9933    0.0981    0.7826    0.1244    0.2512
    
2023060400
   0    0.7596 -999.9900    1.3051    1.3051    0.4865    0.2029    0.9100    0.2139    0.4470
   0    0.6065 -999.9900    1.1533    1.1533    0.9610    0.0895    0.8029    0.1274    0.2685
   0    0.7595 -999.9900    1.3073    1.3073    0.4911    0.2000    0.9112    0.2120    0.4463
   0    0.6053 -999.9900    1.1419    1.1419    0.9277    0.1183    0.7980    0.1275    0.2819
    
2023060500
   0    0.7537 -999.9900    1.3822    1.3822    0.5131   -0.1218    0.9063    0.3885    0.2965
   0    0.6199 -999.9900    1.2234    1.2234    0.9258   -0.1468    0.8334    0.2553    0.1904
   0    0.7529 -999.9900    1.3827    1.3827    0.5166   -0.1260    0.9064    0.3888    0.2963
   0    0.6189 -999.9900    1.2209    1.2209    0.9000   -0.1417    0.8275    0.2636    0.1958
    
2023060600
   0    0.7377 -999.9900    1.3604    1.3604    0.5064   -0.0337    0.8848    0.3445    0.3248
   0    0.6123 -999.9900    1.2362    1.2362    0.9114    0.0073    0.8066    0.2062    0.2225
   0    0.7376 -999.9900    1.3657    1.3657    0.5133   -0.0373    0.8875    0.3438    0.3196
   0    0.6086 -999.9900    1.2281    1.2281    0.8949   -0.0007    0.8006    0.2118    0.2260
    
2023060700
   0    0.7476 -999.9900    1.3263    1.3263    0.5035    0.0705    0.8991    0.3523    0.3145
   0    0.6190 -999.9900    1.2179    1.2179    0.9121    0.0140    0.8205    0.2323    0.1952
   0    0.7472 -999.9900    1.3294    1.3294    0.5063    0.0674    0.9004    0.3524    0.3096
   0    0.6153 -999.9900    1.2017    1.2017    0.8951    0.0208    0.8144    0.2367    0.1996
    
2023060800
   0    0.7673 -999.9900    1.3523    1.3523    0.4437    0.1593    0.9097    0.3491    0.3396
   0    0.6615 -999.9900    1.3484    1.3484    0.9467    0.0052    0.8762    0.2128    0.1928
   0    0.7655 -999.9900    1.3564    1.3564    0.4494    0.1687    0.9099    0.3416    0.3413
   0    0.6503 -999.9900    1.3101    1.3101    0.9270    0.0337    0.8575    0.2181    0.1975
    
2023060900
   0    0.7869 -999.9900    1.3696    1.3696    0.4201    0.3563    0.9236    0.2385    0.4399
   0    0.6488 -999.9900    1.3014    1.3014    0.9319    0.1708    0.8536    0.1385    0.2471
   0    0.7840 -999.9900    1.3667    1.3667    0.4188    0.3562    0.9219    0.2358    0.4395
   0    0.6432 -999.9900    1.2712    1.2712    0.8958    0.2079    0.8420    0.1404    0.2605
    
2023061000
   0    0.8383 -999.9900    1.5127    1.5127    0.5447    0.1382    1.0055    0.2640    0.4464
   0    0.6767 -999.9900    1.3661    1.3661    1.0090    0.1120    0.8911    0.1561    0.2421
   0    0.8350 -999.9900    1.5128    1.5128    0.5455    0.1378    1.0024    0.2612    0.4423
   0    0.6772 -999.9900    1.3618    1.3618    0.9773    0.1230    0.8910    0.1576    0.2571
    
2023061100
   0    0.7068 -999.9900    1.2982    1.2982    0.5372   -0.1519    0.8562    0.3675    0.2887
   0    0.6101 -999.9900    1.2480    1.2480    0.9199   -0.1481    0.8189    0.2234    0.1614
   0    0.6996 -999.9900    1.2743    1.2743    0.5315   -0.1418    0.8478    0.3669    0.2877
   0    0.5999 -999.9900    1.2192    1.2192    0.8898   -0.1335    0.8034    0.2251    0.1692
    
2023061200
   0    0.7443 -999.9900    1.4128    1.4128    0.5428    0.0313    0.9036    0.2447    0.4514
   0    0.6216 -999.9900    1.2442    1.2442    0.9151    0.0995    0.8214    0.1288    0.2911
   0    0.6210 -999.9900    1.2411    1.2411    0.5390    0.0522    0.7720    0.2083    0.4417
   0    0.5182 -999.9900    1.0775    1.0775    0.8611    0.0958    0.6955    0.1045    0.2820
    
2023061300
   0    0.7497 -999.9900    1.3280    1.3280    0.4788   -0.1272    0.9034    0.3129    0.3632
   0    0.6064 -999.9900    1.2014    1.2014    0.8705   -0.0492    0.8115    0.1681    0.1985
   0    0.6152 -999.9900    1.1204    1.1204    0.4835   -0.0769    0.7630    0.2755    0.3473
   0    0.4906 -999.9900    0.9794    0.9794    0.8272   -0.0402    0.6681    0.1321    0.1803
    
2023061400
   0    0.6531 -999.9900    1.1504    1.1504    0.4418   -0.0848    0.7929    0.3539    0.2962
   0    0.6531 -999.9900    1.1504    1.1504    0.4418   -0.0848    0.7929    0.3539    0.2962
   0    0.6574 -999.9900    1.1751    1.1751    0.4472   -0.0698    0.7981    0.3322    0.3054
   0    0.5387 -999.9900    1.0525    1.0525    0.8434   -0.0373    0.7185    0.1821    0.1731
    
2023061500
   0    0.6828 -999.9900    1.1891    1.1891    0.4100   -0.0259    0.8188    0.3614    0.3016
   0    0.5796 -999.9900    1.1290    1.1290    0.8944   -0.0267    0.7828    0.1969    0.1851
   0    0.6789 -999.9900    1.1867    1.1867    0.4094   -0.0283    0.8158    0.3581    0.2978
   0    0.5677 -999.9900    1.0998    1.0998    0.8605   -0.0317    0.7618    0.2012    0.1872
    
2023061600
   0    0.6487 -999.9900    1.1492    1.1492    0.4278    0.0841    0.7841    0.2855    0.3805
   0    0.5486 -999.9900    1.0652    1.0652    0.8059    0.0703    0.7267    0.1561    0.2588
   0    0.6480 -999.9900    1.1526    1.1526    0.4353    0.0847    0.7851    0.2796    0.3803
   0    0.5456 -999.9900    1.0535    1.0535    0.7835    0.0667    0.7209    0.1583    0.2649
    
2023061700
   0    0.6311 -999.9900    1.1354    1.1354    0.4415    0.0416    0.7698    0.2981    0.3504
   0    0.5319 -999.9900    1.0416    1.0416    0.7762    0.1080    0.7094    0.1430    0.2598
   0    0.6304 -999.9900    1.1368    1.1368    0.4404    0.0391    0.7700    0.2961    0.3494
   0    0.5246 -999.9900    1.0281    1.0281    0.7516    0.0837    0.7000    0.1504    0.2543
    
2023061800
   0    0.6514 -999.9900    1.1203    1.1203    0.4217    0.1456    0.7835    0.2649    0.3909
   0    0.5403 -999.9900    1.0389    1.0389    0.8029    0.1181    0.7274    0.1225    0.2377
   0    0.6516 -999.9900    1.1214    1.1214    0.4177    0.1449    0.7837    0.2650    0.3916
   0    0.5357 -999.9900    1.0242    1.0242    0.7696    0.1224    0.7179    0.1302    0.2451
    
2023061900
   0    0.6952 -999.9900    1.1866    1.1866    0.4440    0.1567    0.8321    0.2478    0.4302
   0    0.5596 -999.9900    1.0712    1.0712    0.8822    0.0127    0.7504    0.1362    0.2443
   0    0.6967 -999.9900    1.1890    1.1890    0.4351    0.1593    0.8336    0.2488    0.4316
   0    0.5575 -999.9900    1.0601    1.0601    0.8540    0.0368    0.7423    0.1429    0.2531
    
2023062000
   0    0.6982 -999.9900    1.2103    1.2103    0.4912    0.1427    0.8480    0.2428    0.4042
   0    0.5897 -999.9900    1.1248    1.1248    0.8939   -0.0359    0.7908    0.1648    0.2364
   0    0.5862 -999.9900    1.0444    1.0444    0.4880    0.1453    0.7287    0.2083    0.3798
   0    0.4916 -999.9900    0.9406    0.9406    0.8236    0.0056    0.6677    0.1332    0.2144
    
2023062100
   0    0.6558 -999.9900    1.1307    1.1307    0.5006    0.1913    0.8053    0.2639    0.4060
   0    0.5399 -999.9900    1.0423    1.0423    0.8181    0.0266    0.7269    0.1772    0.2148
   0    0.5408 -999.9900    0.9764    0.9764    0.5095    0.1702    0.6833    0.2334    0.3729
   0    0.4446 -999.9900    0.8789    0.8789    0.7654    0.0611    0.6045    0.1305    0.1927
    
2023062200
   0    0.6866 -999.9900    1.3076    1.3076    0.6102   -0.1065    0.8560    0.3489    0.2883
   0    0.5242 -999.9900    1.0633    1.0633    0.8827   -0.1173    0.7142    0.2004    0.1519
   0    0.5860 -999.9900    1.1739    1.1739    0.6145   -0.0896    0.7489    0.3135    0.2667
   0    0.4517 -999.9900    0.9593    0.9593    0.8532   -0.0951    0.6230    0.1521    0.1425
    
2023062300
   0    0.6914 -999.9900    1.2152    1.2152    0.5909   -0.0401    0.8570    0.3933    0.2707
   0    0.5681 -999.9900    1.0981    1.0981    0.8259   -0.0394    0.7608    0.2075    0.1737
   0    0.6853 -999.9900    1.2052    1.2052    0.5867   -0.0314    0.8514    0.3913    0.2699
   0    0.5693 -999.9900    1.0938    1.0938    0.8108   -0.0381    0.7631    0.2170    0.1811
    
2023062400
   0    0.6070 -999.9900    1.1283    1.1283    0.5622   -0.1183    0.7646    0.3883    0.2250
   0    0.4936 -999.9900    1.0017    1.0017    0.8199   -0.0947    0.6725    0.2140    0.1406
   0    0.6019 -999.9900    1.1226    1.1226    0.5605   -0.1145    0.7589    0.3841    0.2232
   0    0.4976 -999.9900    1.0038    1.0038    0.8014   -0.1036    0.6771    0.2299    0.1459
    
2023062500
   0    0.5476 -999.9900    1.0493    1.0493    0.5272   -0.0502    0.6832    0.2583    0.2881
   0    0.4762 -999.9900    0.9942    0.9942    0.8007   -0.0461    0.6500    0.1288    0.1791
   0    0.5452 -999.9900    1.0462    1.0462    0.5272   -0.0496    0.6826    0.2579    0.2849
   0    0.4694 -999.9900    0.9760    0.9760    0.7799   -0.0457    0.6390    0.1348    0.1841
    
2023062600
   0    0.6488 -999.9900    1.1997    1.1997    0.5825    0.0429    0.8086    0.2786    0.3468
   0    0.5366 -999.9900    1.0840    1.0840    0.8565    0.0115    0.7169    0.1568    0.1962
   0    0.6504 -999.9900    1.2030    1.2030    0.5756    0.0463    0.8102    0.2795    0.3482
   0    0.5378 -999.9900    1.0821    1.0821    0.8396    0.0162    0.7188    0.1601    0.2055
    
2023062700
   0    0.6223 -999.9900    1.1362    1.1362    0.5788    0.0596    0.7826    0.2729    0.3506
   0    0.5145 -999.9900    0.9883    0.9883    0.8488    0.0023    0.6877    0.1734    0.2112
   0    0.6212 -999.9900    1.1357    1.1357    0.5763    0.0567    0.7818    0.2734    0.3486
   0    0.5124 -999.9900    0.9871    0.9871    0.8397   -0.0006    0.6847    0.1791    0.2138
    
2023062800
   0    0.6211 -999.9900    1.1200    1.1200    0.5639   -0.0155    0.7814    0.3442    0.2941
   0    0.5127 -999.9900    1.0175    1.0175    0.8301   -0.0820    0.7001    0.2148    0.1555
   0    0.6204 -999.9900    1.1219    1.1219    0.5739   -0.0204    0.7834    0.3464    0.2892
   0    0.5123 -999.9900    1.0100    1.0100    0.8169   -0.0674    0.6989    0.2176    0.1651
    
2023062900
   0    0.6816 -999.9900    1.1985    1.1985    0.5721   -0.0006    0.8456    0.3295    0.3062
   0    0.5513 -999.9900    1.0648    1.0648    0.8244    0.0444    0.7379    0.1576    0.2169
   0    0.6793 -999.9900    1.1971    1.1971    0.5706    0.0108    0.8443    0.3283    0.3082
   0    0.5576 -999.9900    1.0708    1.0708    0.8092    0.0448    0.7461    0.1674    0.2251
    
2023063000
   0    0.6919 -999.9900    1.2611    1.2611    0.6085   -0.1649    0.8641    0.3549    0.2746
   0    0.5441 -999.9900    1.0608    1.0608    0.8865   -0.0308    0.7312    0.1922    0.1873
   0    0.6909 -999.9900    1.2612    1.2612    0.6053   -0.1638    0.8629    0.3561    0.2729
   0    0.5501 -999.9900    1.0757    1.0757    0.8674   -0.0578    0.7412    0.2066    0.1891
    
