v6.1 gefs
v6.1 naefs
v7.0 gefs
v7.0 naefs
    
2023010700
   1 -999.9900 -999.9900 -999.9900 -999.9900 -999.9900 -999.9900 -999.9900 -999.9900 -999.9900
   1 -999.9900 -999.9900 -999.9900 -999.9900 -999.9900 -999.9900 -999.9900 -999.9900 -999.9900
   1 -999.9900 -999.9900 -999.9900 -999.9900 -999.9900 -999.9900 -999.9900 -999.9900 -999.9900
   1 -999.9900 -999.9900 -999.9900 -999.9900 -999.9900 -999.9900 -999.9900 -999.9900 -999.9900
    
2023010800
   1 -999.9900 -999.9900 -999.9900 -999.9900 -999.9900 -999.9900 -999.9900 -999.9900 -999.9900
   1 -999.9900 -999.9900 -999.9900 -999.9900 -999.9900 -999.9900 -999.9900 -999.9900 -999.9900
   1 -999.9900 -999.9900 -999.9900 -999.9900 -999.9900 -999.9900 -999.9900 -999.9900 -999.9900
   1 -999.9900 -999.9900 -999.9900 -999.9900 -999.9900 -999.9900 -999.9900 -999.9900 -999.9900
    
2023010900
   0    1.0930 -999.9900    2.0110    2.0110    1.0230    0.1432    1.4099    0.2265    0.2832
   0    0.8944 -999.9900    1.7799    1.7799    1.3743   -0.1946    1.2225    0.1706    0.1415
   0    1.0962 -999.9900    2.0525    2.0525    1.0448    0.0002    1.4159    0.2346    0.2594
   0    0.9063 -999.9900    1.8062    1.8062    1.3343   -0.1811    1.2397    0.1782    0.1419
    
2023011000
   0    0.9675 -999.9900    1.7132    1.7132    1.0768   -0.0735    1.2437    0.2389    0.2466
   0    0.8204 -999.9900    1.5456    1.5456    1.3338   -0.2463    1.1120    0.1829    0.1023
   0    1.0337 -999.9900    1.8259    1.8259    1.0654   -0.1870    1.3408    0.2806    0.2387
   0    0.8351 -999.9900    1.5676    1.5676    1.3588   -0.2735    1.1469    0.1948    0.1075
    
2023011100
   0    0.9183 -999.9900    1.6983    1.6983    0.9673   -0.0971    1.1793    0.2413    0.2087
   0    0.7917 -999.9900    1.4927    1.4927    1.2927   -0.2702    1.0881    0.1912    0.1105
   0    0.9085 -999.9900    1.6593    1.6593    0.9928   -0.1025    1.1821    0.2385    0.2013
   0    0.7687 -999.9900    1.4488    1.4488    1.2936   -0.2210    1.0566    0.1759    0.1063
    
2023011200
   0    1.0468 -999.9900    1.9682    1.9682    0.9433   -0.0924    1.3178    0.2352    0.2236
   0    0.8053 -999.9900    1.5526    1.5526    1.4805   -0.0402    1.0991    0.1449    0.1353
   0    1.1438 -999.9900    2.1352    2.1352    0.9477   -0.1038    1.4403    0.2445    0.2477
   0    0.8666 -999.9900    1.7089    1.7089    1.4653   -0.0576    1.1961    0.1490    0.1519
    
2023011300
   0    1.2753 -999.9900    2.2473    2.2473    0.9602   -0.0528    1.5916    0.2882    0.2738
   0    0.9346 -999.9900    1.7938    1.7938    1.5937    0.2283    1.2735    0.1328    0.1861
   0    1.3880 -999.9900    2.4463    2.4463    0.9348   -0.1874    1.7009    0.3043    0.2725
   0    0.9621 -999.9900    1.8667    1.8667    1.6450    0.0749    1.3318    0.1423    0.1767
    
2023011400
   0    0.9892 -999.9900    1.8283    1.8283    1.1003    0.3227    1.2889    0.1898    0.2773
   0    0.9089 -999.9900    1.7927    1.7927    1.4004    0.2203    1.2435    0.1356    0.1689
   0    0.9307 -999.9900    1.6859    1.6859    1.0795    0.0434    1.2162    0.2196    0.2323
   0    0.8486 -999.9900    1.6440    1.6440    1.4270    0.0732    1.1722    0.1462    0.1399
    
2023011500
   0    1.0706 -999.9900    2.0112    2.0112    1.0886    0.4421    1.3699    0.1734    0.2990
   0    0.9366 -999.9900    1.8206    1.8206    1.5134    0.2195    1.2806    0.1303    0.1781
   0    1.1510 -999.9900    2.0593    2.0593    1.0663    0.3567    1.4571    0.2025    0.3093
   0    0.9375 -999.9900    1.7793    1.7793    1.4623    0.2001    1.2776    0.1410    0.1824
    
2023011600
   0    0.9791 -999.9900    1.7220    1.7220    1.0193    0.0731    1.2728    0.2312    0.2513
   0    0.8126 -999.9900    1.4811    1.4811    1.3891   -0.0267    1.1085    0.1638    0.1445
   0    1.0758 -999.9900    1.8945    1.8945    1.0177    0.0257    1.3742    0.2442    0.2641
   0    0.8738 -999.9900    1.6225    1.6225    1.3625   -0.0352    1.1972    0.1744    0.1530
    
2023011700
   0    0.9767 -999.9900    1.7530    1.7530    0.9904   -0.2227    1.2542    0.2480    0.2122
   0    0.8505 -999.9900    1.5967    1.5967    1.3810   -0.2014    1.1523    0.1697    0.1307
   0    1.0004 -999.9900    1.8435    1.8435    0.9828   -0.2434    1.2705    0.2438    0.2121
   0    0.8683 -999.9900    1.6628    1.6628    1.3461   -0.2180    1.1675    0.1747    0.1314
    
2023011800
   0    0.9825 -999.9900    1.7500    1.7500    0.9124   -0.2286    1.2396    0.2768    0.2148
   0    0.8029 -999.9900    1.5286    1.5286    1.4643   -0.1136    1.0865    0.1440    0.1309
   0    0.9947 -999.9900    1.8249    1.8249    0.9127   -0.3001    1.2515    0.2766    0.1991
   0    0.8160 -999.9900    1.6014    1.6014    1.4050   -0.1796    1.1122    0.1496    0.1222
    
2023011900
   0    0.9970 -999.9900    1.9212    1.9212    1.0257   -0.2728    1.2885    0.2666    0.1946
   0    0.8217 -999.9900    1.6048    1.6048    1.5096   -0.0117    1.1328    0.1365    0.1509
   0    1.0713 -999.9900    1.9941    1.9941    0.9429   -0.2934    1.3483    0.3063    0.2255
   0    0.8297 -999.9900    1.6291    1.6291    1.5060   -0.0764    1.1363    0.1498    0.1496
    
2023012000
   0    1.0541 -999.9900    1.9360    1.9360    0.9128   -0.2207    1.3188    0.2852    0.2286
   0    0.8732 -999.9900    1.6689    1.6689    1.3766   -0.0227    1.1859    0.1638    0.1637
   0    1.1196 -999.9900    2.1011    2.1011    0.9347   -0.3295    1.3929    0.2740    0.2289
   0    0.8817 -999.9900    1.7360    1.7360    1.4471   -0.1275    1.1987    0.1642    0.1511
    
2023012100
   0    1.0917 -999.9900    1.9921    1.9921    0.9091   -0.0582    1.3542    0.2601    0.2455
   0    0.8468 -999.9900    1.6319    1.6319    1.2894   -0.1210    1.1630    0.1725    0.1508
   0    1.0949 -999.9900    2.0013    2.0013    0.9004   -0.2486    1.3620    0.2642    0.2558
   0    0.8493 -999.9900    1.6587    1.6587    1.3040   -0.2227    1.1632    0.1674    0.1568
    
2023012200
   1 -999.9900 -999.9900 -999.9900 -999.9900 -999.9900 -999.9900 -999.9900 -999.9900 -999.9900
   1 -999.9900 -999.9900 -999.9900 -999.9900 -999.9900 -999.9900 -999.9900 -999.9900 -999.9900
   1 -999.9900 -999.9900 -999.9900 -999.9900 -999.9900 -999.9900 -999.9900 -999.9900 -999.9900
   1 -999.9900 -999.9900 -999.9900 -999.9900 -999.9900 -999.9900 -999.9900 -999.9900 -999.9900
    
2023012300
   0    1.0551 -999.9900    2.0152    2.0152    0.9602   -0.0052    1.3477    0.2253    0.2858
   0    1.0551 -999.9900    2.0152    2.0152    0.9602   -0.0052    1.3477    0.2253    0.2858
   0    1.0741 -999.9900    2.0236    2.0236    0.9468   -0.0074    1.3631    0.2249    0.2898
   0    0.9053 -999.9900    1.7978    1.7978    1.2824   -0.0658    1.2237    0.1692    0.1831
    
2023012400
   0    0.9710 -999.9900    1.7688    1.7688    1.0987   -0.0234    1.2719    0.2282    0.2431
   0    0.8268 -999.9900    1.5597    1.5597    1.3613   -0.0811    1.1413    0.1672    0.1439
   0    0.9864 -999.9900    1.7803    1.7803    1.0783   -0.0508    1.2880    0.2318    0.2450
   0    0.8142 -999.9900    1.5368    1.5368    1.3985   -0.0859    1.1259    0.1598    0.1305
    
2023012500
   0    1.0308 -999.9900    1.8468    1.8468    1.0198   -0.3025    1.3233    0.2840    0.2261
   0    0.8175 -999.9900    1.5419    1.5419    1.4180   -0.1815    1.1203    0.1630    0.1356
   0    1.1661 -999.9900    2.1115    2.1115    1.0328   -0.3822    1.4802    0.3071    0.2297
   0    0.8706 -999.9900    1.6833    1.6833    1.4948   -0.2536    1.2060    0.1666    0.1340
    
2023012600
   0    0.9787 -999.9900    1.7595    1.7595    0.9116   -0.3027    1.2507    0.3076    0.2179
   0    0.7473 -999.9900    1.4469    1.4469    1.4026   -0.2300    1.0306    0.1412    0.1182
   0    1.1177 -999.9900    2.0200    2.0200    0.8953   -0.4620    1.3976    0.3339    0.2095
   0    0.8084 -999.9900    1.5920    1.5920    1.4462   -0.3400    1.1216    0.1652    0.1084
    
2023012700
   0    0.9622 -999.9900    1.7701    1.7701    1.1300    0.0502    1.2628    0.2358    0.2551
   0    0.8807 -999.9900    1.6959    1.6959    1.4536   -0.0529    1.2111    0.1665    0.1506
   0    1.0160 -999.9900    1.8291    1.8291    1.1286   -0.0299    1.3159    0.2406    0.2611
   0    0.8766 -999.9900    1.6721    1.6721    1.4893   -0.0803    1.2117    0.1663    0.1465
    
2023012800
   1 -999.9900 -999.9900 -999.9900 -999.9900 -999.9900 -999.9900 -999.9900 -999.9900 -999.9900
   1 -999.9900 -999.9900 -999.9900 -999.9900 -999.9900 -999.9900 -999.9900 -999.9900 -999.9900
   1 -999.9900 -999.9900 -999.9900 -999.9900 -999.9900 -999.9900 -999.9900 -999.9900 -999.9900
   1 -999.9900 -999.9900 -999.9900 -999.9900 -999.9900 -999.9900 -999.9900 -999.9900 -999.9900
    
2023012900
   0    1.0126 -999.9900    1.7824    1.7824    1.1567   -0.2507    1.2968    0.2706    0.2123
   0    0.8899 -999.9900    1.6539    1.6539    1.4672   -0.0141    1.2007    0.1618    0.1611
   0    1.1578 -999.9900    2.0048    2.0048    1.1183    0.0143    1.4483    0.2435    0.2696
   0    0.9286 -999.9900    1.7330    1.7330    1.4845    0.0927    1.2537    0.1511    0.1759
    
2023013000
   0    1.1554 -999.9900    2.0619    2.0619    1.1200    0.1508    1.4979    0.2417    0.3139
   0    1.0045 -999.9900    1.9752    1.9752    1.4915    0.3231    1.3866    0.1375    0.2120
   0    1.3941 -999.9900    2.4647    2.4647    1.2086    0.4379    1.7757    0.2114    0.3820
   0    1.1228 -999.9900    2.1936    2.1936    1.5578    0.4608    1.5398    0.1352    0.2535
    
2023013100
   0    1.0791 -999.9900    1.9949    1.9949    1.1989    0.5577    1.4109    0.1589    0.3163
   0    0.9308 -999.9900    1.8697    1.8697    1.5550    0.4378    1.2893    0.0980    0.1964
   0    1.2743 -999.9900    2.4592    2.4592    1.1927    0.8031    1.6350    0.1418    0.3550
   0    1.0312 -999.9900    2.1461    2.1461    1.5698    0.6090    1.4263    0.0895    0.2161
    
2023020100
   1 -999.9900 -999.9900 -999.9900 -999.9900 -999.9900 -999.9900 -999.9900 -999.9900 -999.9900
   1 -999.9900 -999.9900 -999.9900 -999.9900 -999.9900 -999.9900 -999.9900 -999.9900 -999.9900
   1 -999.9900 -999.9900 -999.9900 -999.9900 -999.9900 -999.9900 -999.9900 -999.9900 -999.9900
   1 -999.9900 -999.9900 -999.9900 -999.9900 -999.9900 -999.9900 -999.9900 -999.9900 -999.9900
    
2023020200
   1 -999.9900 -999.9900 -999.9900 -999.9900 -999.9900 -999.9900 -999.9900 -999.9900 -999.9900
   1 -999.9900 -999.9900 -999.9900 -999.9900 -999.9900 -999.9900 -999.9900 -999.9900 -999.9900
   1 -999.9900 -999.9900 -999.9900 -999.9900 -999.9900 -999.9900 -999.9900 -999.9900 -999.9900
   1 -999.9900 -999.9900 -999.9900 -999.9900 -999.9900 -999.9900 -999.9900 -999.9900 -999.9900
    
2023020300
   0    1.1131 -999.9900    2.0626    2.0626    0.9757    0.0631    1.4153    0.2635    0.2810
   0    0.9568 -999.9900    1.8555    1.8555    1.4697   -0.0760    1.3058    0.1896    0.1428
   0    1.1001 -999.9900    2.0009    2.0009    1.0066    0.1123    1.4088    0.2494    0.2892
   0    0.9502 -999.9900    1.8238    1.8238    1.4488   -0.0188    1.3059    0.1853    0.1566
    
2023020400
   0    1.0777 -999.9900    1.9557    1.9557    1.3176   -0.6494    1.4307    0.2954    0.1357
   0    0.9949 -999.9900    1.8797    1.8797    1.7234   -0.6928    1.3864    0.2113    0.0748
   0    1.1084 -999.9900    1.9866    1.9866    1.2275   -0.5820    1.4398    0.2995    0.1632
   0    0.9795 -999.9900    1.8489    1.8489    1.6868   -0.6436    1.3629    0.2076    0.0841
    
2023020500
   0    1.0812 -999.9900    1.9007    1.9007    1.1473   -0.4263    1.3944    0.3012    0.1878
   0    0.9676 -999.9900    1.8378    1.8378    1.5206   -0.5869    1.3050    0.2170    0.0930
   0    1.1106 -999.9900    1.9658    1.9658    1.1245   -0.3108    1.4107    0.2833    0.2132
   0    0.9533 -999.9900    1.8130    1.8130    1.5462   -0.4855    1.2856    0.1984    0.0985
    
2023020600
   0    1.1209 -999.9900    1.9491    1.9491    1.0593   -0.3156    1.4117    0.3274    0.2034
   0    1.0012 -999.9900    1.8843    1.8843    1.4171   -0.3712    1.3418    0.2324    0.1180
   0    1.2467 -999.9900    2.1816    2.1816    1.0343   -0.4253    1.5612    0.3538    0.2136
   0    1.0564 -999.9900    1.9877    1.9877    1.4314   -0.4258    1.4148    0.2427    0.1289
    
2023020700
   0    0.8447 -999.9900    1.5150    1.5150    0.9538   -0.1868    1.0979    0.2694    0.2011
   0    0.7416 -999.9900    1.4012    1.4012    1.3876   -0.1203    1.0174    0.1452    0.1098
   0    1.0062 -999.9900    1.7996    1.7996    0.9347   -0.3270    1.2732    0.3060    0.2073
   0    0.8298 -999.9900    1.5824    1.5824    1.3450   -0.2176    1.1263    0.1791    0.1261
    
2023020800
   0    0.9208 -999.9900    1.6589    1.6589    1.1133    0.0224    1.1908    0.2477    0.2259
   0    0.8045 -999.9900    1.5382    1.5382    1.4854    0.2144    1.1022    0.1295    0.1507
   0    1.0334 -999.9900    1.8396    1.8396    1.1269    0.0117    1.3377    0.2648    0.2510
   0    0.8586 -999.9900    1.6424    1.6424    1.5091    0.2504    1.1875    0.1293    0.1778
    
2023020900
   0    0.8812 -999.9900    1.6058    1.6058    1.1188   -0.1862    1.1546    0.2558    0.2129
   0    0.7802 -999.9900    1.4835    1.4835    1.4357    0.0949    1.0541    0.1266    0.1660
   0    0.9961 -999.9900    1.8673    1.8673    1.1758   -0.2656    1.2977    0.2632    0.2143
   0    0.8201 -999.9900    1.5928    1.5928    1.5121   -0.0091    1.1154    0.1351    0.1588
    
2023021000
   1 -999.9900 -999.9900 -999.9900 -999.9900 -999.9900 -999.9900 -999.9900 -999.9900 -999.9900
   1 -999.9900 -999.9900 -999.9900 -999.9900 -999.9900 -999.9900 -999.9900 -999.9900 -999.9900
   1 -999.9900 -999.9900 -999.9900 -999.9900 -999.9900 -999.9900 -999.9900 -999.9900 -999.9900
   1 -999.9900 -999.9900 -999.9900 -999.9900 -999.9900 -999.9900 -999.9900 -999.9900 -999.9900
    
2023021100
   0    0.9206 -999.9900    1.6670    1.6670    1.0301   -0.1166    1.2047    0.2211    0.2340
   0    0.7989 -999.9900    1.5337    1.5337    1.3539   -0.1503    1.1079    0.1463    0.1281
   0    1.0362 -999.9900    1.8860    1.8860    1.0133   -0.0680    1.3378    0.2331    0.2561
   0    0.8434 -999.9900    1.6340    1.6340    1.3821   -0.1145    1.1775    0.1475    0.1427
    
2023021200
   1 -999.9900 -999.9900 -999.9900 -999.9900 -999.9900 -999.9900 -999.9900 -999.9900 -999.9900
   1 -999.9900 -999.9900 -999.9900 -999.9900 -999.9900 -999.9900 -999.9900 -999.9900 -999.9900
   1 -999.9900 -999.9900 -999.9900 -999.9900 -999.9900 -999.9900 -999.9900 -999.9900 -999.9900
   1 -999.9900 -999.9900 -999.9900 -999.9900 -999.9900 -999.9900 -999.9900 -999.9900 -999.9900
    
2023021300
   0    1.0405 -999.9900    1.8252    1.8252    1.0571   -0.7247    1.3424    0.3787    0.1409
   0    0.8842 -999.9900    1.6173    1.6173    1.3256   -0.5607    1.1998    0.2529    0.0786
   0    1.1585 -999.9900    2.0874    2.0874    1.0300   -0.8251    1.4569    0.3876    0.1421
   0    0.9393 -999.9900    1.7658    1.7658    1.3688   -0.6536    1.2765    0.2621    0.0801
    
2023021400
   0    0.9610 -999.9900    1.7087    1.7087    1.0735   -0.2304    1.2474    0.2871    0.1750
   0    0.9095 -999.9900    1.6727    1.6727    1.3214   -0.1351    1.2121    0.2168    0.1354
   0    1.0856 -999.9900    1.9033    1.9033    1.0608   -0.3092    1.3988    0.3148    0.1872
   0    0.9695 -999.9900    1.7713    1.7713    1.3186   -0.2014    1.3008    0.2335    0.1426
    
2023021500
   0    1.0523 -999.9900    1.8203    1.8203    1.1082    0.0526    1.3674    0.2659    0.2482
   0    0.9403 -999.9900    1.7183    1.7183    1.4122    0.2513    1.2627    0.1564    0.2021
   0    1.0795 -999.9900    1.8698    1.8698    1.0892    0.1792    1.3881    0.2367    0.2653
   0    0.9677 -999.9900    1.7732    1.7732    1.3500    0.2874    1.3081    0.1552    0.2176
    
2023021600
   0    0.9090 -999.9900    1.6885    1.6885    1.2685   -0.1670    1.1910    0.2506    0.1958
   0    0.8303 -999.9900    1.6089    1.6089    1.5515    0.1345    1.1340    0.1312    0.1598
   0    0.9754 -999.9900    1.8109    1.8109    1.2016    0.0526    1.2595    0.2208    0.2512
   0    0.8408 -999.9900    1.6350    1.6350    1.5469    0.2061    1.1458    0.1223    0.1742
    
2023021700
   0    0.8638 -999.9900    1.5422    1.5422    1.2368   -0.1264    1.1380    0.2229    0.2270
   0    0.7441 -999.9900    1.3652    1.3652    1.5252    0.1081    1.0054    0.0999    0.1606
   0    0.9630 -999.9900    1.7661    1.7661    1.2364   -0.2081    1.2619    0.2423    0.2248
   0    0.7795 -999.9900    1.4622    1.4622    1.5686    0.0120    1.0540    0.1094    0.1527
    
2023021800
   0    0.9502 -999.9900    1.7007    1.7007    1.3209   -0.3015    1.2352    0.2277    0.1821
   0    0.8434 -999.9900    1.5777    1.5777    1.5328   -0.1624    1.1486    0.1568    0.1292
   0    1.0444 -999.9900    1.8820    1.8820    1.2938   -0.2469    1.3509    0.2326    0.2085
   0    0.8667 -999.9900    1.6168    1.6168    1.5975   -0.1574    1.1821    0.1493    0.1358
    
2023021900
   0    0.9181 -999.9900    1.6387    1.6387    1.0402   -0.1293    1.1886    0.2319    0.2131
   0    0.7836 -999.9900    1.4676    1.4676    1.3325   -0.1675    1.0689    0.1650    0.1128
   0    1.0679 -999.9900    1.9145    1.9145    1.0656   -0.0694    1.3610    0.2362    0.2380
   0    0.8556 -999.9900    1.6291    1.6291    1.3711   -0.1239    1.1740    0.1711    0.1267
    
2023022000
   0    0.9886 -999.9900    1.8092    1.8092    1.0217   -0.1119    1.2751    0.2526    0.2394
   0    0.8623 -999.9900    1.6833    1.6833    1.3853   -0.1355    1.1780    0.1669    0.1406
   0    1.0299 -999.9900    1.8728    1.8728    0.9978   -0.1750    1.3271    0.2650    0.2290
   0    0.8667 -999.9900    1.6903    1.6903    1.3915   -0.1687    1.1901    0.1691    0.1332
    
2023022100
   0    1.0020 -999.9900    1.7574    1.7574    1.0845   -0.3476    1.2981    0.2924    0.2087
   0    0.8003 -999.9900    1.5210    1.5210    1.4562   -0.1441    1.0948    0.1473    0.1350
   0    1.0508 -999.9900    1.8896    1.8896    1.1037   -0.3558    1.3600    0.2944    0.2128
   0    0.8297 -999.9900    1.5977    1.5977    1.4763   -0.1898    1.1438    0.1538    0.1421
    
2023022200
   0    1.0888 -999.9900    2.1923    2.1923    1.1101    0.1803    1.4181    0.2162    0.2681
   0    1.0353 -999.9900    2.1503    2.1503    1.5835    0.5321    1.4130    0.1084    0.2317
   0    1.1359 -999.9900    2.0860    2.0860    1.1389    0.2492    1.4828    0.2045    0.2927
   0    1.0417 -999.9900    2.0608    2.0608    1.5653    0.5030    1.4247    0.1028    0.2365
    
2023022300
   0    1.1957 -999.9900    2.3387    2.3387    1.1986    0.2784    1.5263    0.2462    0.2820
   0    1.1542 -999.9900    2.5343    2.5343    1.6597    0.6387    1.5451    0.1268    0.2300
   0    1.3024 -999.9900    2.4853    2.4853    1.1956    0.4490    1.6428    0.2274    0.3148
   0    1.1782 -999.9900    2.5160    2.5160    1.6846    0.6689    1.5883    0.1241    0.2348
    
2023022400
   0    1.0894 -999.9900    2.1230    2.1230    1.1996    0.2612    1.4146    0.2062    0.2622
   0    1.0028 -999.9900    2.0704    2.0704    1.6551    0.4022    1.3830    0.1077    0.1833
   0    1.1571 -999.9900    2.2556    2.2556    1.3815    0.4835    1.5334    0.1905    0.2877
   0    1.0071 -999.9900    2.0922    2.0922    1.7554    0.5075    1.4052    0.0993    0.1739
    
2023022500
   0    0.9418 -999.9900    1.7701    1.7701    1.3896   -0.1647    1.2621    0.2237    0.1595
   0    0.9344 -999.9900    1.8742    1.8742    1.7644   -0.0108    1.3082    0.1373    0.1138
   0    1.0769 -999.9900    2.0250    2.0250    1.4387    0.0369    1.4370    0.1983    0.2116
   0    0.9561 -999.9900    1.9174    1.9174    1.8234    0.0794    1.3200    0.1216    0.1219
    
2023022600
   0    1.1363 -999.9900    2.0819    2.0819    1.1233    0.0655    1.4690    0.2360    0.2356
   0    1.0436 -999.9900    2.0348    2.0348    1.5318   -0.0403    1.4174    0.1599    0.1535
   0    1.1725 -999.9900    2.1096    2.1096    1.1008    0.0037    1.5098    0.2622    0.2315
   0    1.0540 -999.9900    2.0335    2.0335    1.4952   -0.0564    1.4270    0.1741    0.1489
    
2023022700
   0    0.9583 -999.9900    1.8002    1.8002    1.0264    0.1697    1.2306    0.1973    0.2160
   0    0.8555 -999.9900    1.6468    1.6468    1.3358    0.0087    1.1600    0.1533    0.1380
   0    1.0743 -999.9900    1.9595    1.9595    1.0548    0.0212    1.3717    0.2344    0.2138
   0    0.9034 -999.9900    1.7302    1.7302    1.3707   -0.0483    1.2243    0.1628    0.1374
    
2023022800
   0    0.8813 -999.9900    1.5456    1.5456    0.8760   -0.1837    1.1462    0.2733    0.1907
   0    0.8223 -999.9900    1.5174    1.5174    1.1507   -0.2872    1.1166    0.2222    0.1184
   0    0.9716 -999.9900    1.6747    1.6747    0.8571   -0.1936    1.2404    0.2910    0.2101
   0    0.8644 -999.9900    1.5829    1.5829    1.1284   -0.2724    1.1650    0.2377    0.1324
    
2023030100
   0    0.8931 -999.9900    1.6041    1.6041    0.9861   -0.2326    1.1653    0.2462    0.2034
   0    0.7998 -999.9900    1.4865    1.4865    1.1767   -0.1614    1.0851    0.1913    0.1384
   0    0.9280 -999.9900    1.6979    1.6979    0.9732   -0.2411    1.2049    0.2457    0.1895
   0    0.8257 -999.9900    1.5571    1.5571    1.1729   -0.1831    1.1205    0.1926    0.1363
    
2023030200
   0    0.9265 -999.9900    1.7200    1.7200    1.0813   -0.2457    1.2073    0.2628    0.1770
   0    0.8183 -999.9900    1.5855    1.5855    1.3423   -0.1102    1.1031    0.1741    0.1179
   0    0.9601 -999.9900    1.7602    1.7602    1.0884   -0.2540    1.2540    0.2698    0.1801
   0    0.8375 -999.9900    1.6084    1.6084    1.3429   -0.1424    1.1315    0.1836    0.1239
    
2023030300
   1 -999.9900 -999.9900 -999.9900 -999.9900 -999.9900 -999.9900 -999.9900 -999.9900 -999.9900
   1 -999.9900 -999.9900 -999.9900 -999.9900 -999.9900 -999.9900 -999.9900 -999.9900 -999.9900
   1 -999.9900 -999.9900 -999.9900 -999.9900 -999.9900 -999.9900 -999.9900 -999.9900 -999.9900
   1 -999.9900 -999.9900 -999.9900 -999.9900 -999.9900 -999.9900 -999.9900 -999.9900 -999.9900
    
2023030400
   1 -999.9900 -999.9900 -999.9900 -999.9900 -999.9900 -999.9900 -999.9900 -999.9900 -999.9900
   1 -999.9900 -999.9900 -999.9900 -999.9900 -999.9900 -999.9900 -999.9900 -999.9900 -999.9900
   1 -999.9900 -999.9900 -999.9900 -999.9900 -999.9900 -999.9900 -999.9900 -999.9900 -999.9900
   1 -999.9900 -999.9900 -999.9900 -999.9900 -999.9900 -999.9900 -999.9900 -999.9900 -999.9900
    
2023030500
   0    0.9005 -999.9900    1.6001    1.6001    0.9928   -0.1232    1.1848    0.2470    0.2198
   0    0.8210 -999.9900    1.5233    1.5233    1.2947   -0.1122    1.1239    0.1734    0.1517
   0    1.0400 -999.9900    1.8150    1.8150    1.0009   -0.2478    1.3464    0.2858    0.2296
   0    0.8812 -999.9900    1.6360    1.6360    1.3032   -0.1891    1.2091    0.1958    0.1564
    
2023030600
   0    0.9376 -999.9900    1.6269    1.6269    1.1060   -0.3901    1.2371    0.3108    0.1500
   0    0.8582 -999.9900    1.5416    1.5416    1.3413   -0.1713    1.1774    0.2248    0.1098
   0    1.0142 -999.9900    1.7566    1.7566    1.0870   -0.3161    1.3214    0.3004    0.1850
   0    0.9011 -999.9900    1.6144    1.6144    1.3287   -0.1706    1.2231    0.2262    0.1307
    
2023030700
   0    0.9561 -999.9900    1.7295    1.7295    1.1369   -0.1142    1.2678    0.2875    0.1850
   0    0.9053 -999.9900    1.7878    1.7878    1.4473    0.2302    1.2485    0.1647    0.1551
   0    1.0135 -999.9900    1.8403    1.8403    1.1674   -0.0151    1.3396    0.2656    0.2102
   0    0.9311 -999.9900    1.8073    1.8073    1.4554    0.2208    1.2869    0.1707    0.1666
    
2023030800
   0    0.9298 -999.9900    1.8961    1.8961    1.1173    0.1825    1.2380    0.2293    0.2180
   0    0.9443 -999.9900    2.1205    2.1205    1.3804    0.4552    1.2838    0.1457    0.1776
   0    1.0468 -999.9900    2.1015    2.1015    1.1217    0.3282    1.3683    0.2207    0.2546
   0    0.9843 -999.9900    2.1635    2.1635    1.3867    0.4881    1.3303    0.1451    0.1940
    
2023030900
   0    1.0350 -999.9900    2.0598    2.0598    1.1210    0.2020    1.3469    0.2332    0.2302
   0    0.9696 -999.9900    2.0829    2.0829    1.3085    0.3510    1.3062    0.1403    0.1874
   0    1.1299 -999.9900    2.1780    2.1780    1.1201    0.4167    1.4493    0.1936    0.2678
   0    1.0080 -999.9900    2.1132    2.1132    1.3384    0.4499    1.3523    0.1301    0.2042
    
2023031000
   0    1.0332 -999.9900    1.8756    1.8756    1.0470    0.1224    1.3409    0.2283    0.2589
   0    0.8766 -999.9900    1.6960    1.6960    1.3056    0.1001    1.1963    0.1651    0.1626
   0    1.0321 -999.9900    1.8672    1.8672    1.0546    0.1385    1.3397    0.2191    0.2655
   0    0.8848 -999.9900    1.7053    1.7053    1.2938    0.1142    1.2073    0.1620    0.1728
    
2023031100
   0    0.8528 -999.9900    1.5494    1.5494    1.0787    0.1145    1.1279    0.1919    0.2257
   0    0.7920 -999.9900    1.4861    1.4861    1.3255    0.1204    1.0857    0.1356    0.1671
   0    0.9038 -999.9900    1.6413    1.6413    1.0467    0.2188    1.1847    0.1768    0.2536
   0    0.8121 -999.9900    1.5246    1.5246    1.3091    0.1818    1.1098    0.1343    0.1834
    
2023031200
   0    0.8184 -999.9900    1.4691    1.4691    1.0995    0.0485    1.0875    0.1977    0.2015
   0    0.7745 -999.9900    1.4623    1.4623    1.3011    0.0448    1.0612    0.1447    0.1427
   0    0.8649 -999.9900    1.5398    1.5398    1.0486   -0.0012    1.1333    0.2167    0.2126
   0    0.7879 -999.9900    1.4659    1.4659    1.2945    0.0157    1.0766    0.1609    0.1464
    
2023031300
   0    0.9167 -999.9900    1.6347    1.6347    1.1455    0.2406    1.1928    0.1724    0.2722
   0    0.7871 -999.9900    1.4787    1.4787    1.3614    0.1672    1.0737    0.1129    0.1704
   0    0.9208 -999.9900    1.6237    1.6237    1.0984    0.1159    1.2047    0.1974    0.2509
   0    0.7982 -999.9900    1.4847    1.4847    1.3257    0.1070    1.0914    0.1340    0.1684
    
2023031400
   0    0.9486 -999.9900    1.6123    1.6123    1.0174    0.2877    1.2188    0.1772    0.3252
   0    0.8086 -999.9900    1.4664    1.4664    1.3217    0.0393    1.1239    0.1356    0.1808
   0    1.0126 -999.9900    1.7492    1.7492    1.0556    0.1437    1.3060    0.2114    0.2999
   0    0.8533 -999.9900    1.5545    1.5545    1.3288    0.0024    1.1746    0.1570    0.1803
    
2023031500
   0    0.8925 -999.9900    1.5687    1.5687    1.0393    0.1230    1.1607    0.1817    0.2624
   0    0.8650 -999.9900    1.6153    1.6153    1.3190    0.0466    1.1939    0.1479    0.1702
   0    0.9797 -999.9900    1.7143    1.7143    1.0578    0.0214    1.2657    0.2015    0.2625
   0    0.8981 -999.9900    1.6607    1.6607    1.3246    0.0009    1.2298    0.1574    0.1713
    
2023031600
   0    0.9272 -999.9900    1.6920    1.6920    1.1754   -0.3007    1.2302    0.2349    0.1810
   0    0.7994 -999.9900    1.4880    1.4880    1.4900   -0.1870    1.1128    0.1576    0.1013
   0    0.9889 -999.9900    1.7807    1.7807    1.1835   -0.3030    1.2906    0.2461    0.1823
   0    0.8304 -999.9900    1.5483    1.5483    1.4873   -0.2112    1.1473    0.1692    0.1024
    
2023031700
   0    0.9816 -999.9900    1.7821    1.7821    1.1991   -0.1017    1.2880    0.2744    0.1830
   0    0.8494 -999.9900    1.6486    1.6486    1.4204    0.0732    1.1663    0.1623    0.1235
   0    1.0845 -999.9900    1.9248    1.9248    1.1930   -0.0272    1.3991    0.2672    0.2301
   0    0.9007 -999.9900    1.7240    1.7240    1.4379    0.0828    1.2330    0.1656    0.1482
    
2023031800
   0    0.9273 -999.9900    1.6236    1.6236    1.1791    0.1961    1.2133    0.2140    0.2578
   0    0.8353 -999.9900    1.5495    1.5495    1.4946    0.1848    1.1403    0.1302    0.1617
   0    0.9846 -999.9900    1.7694    1.7694    1.2045    0.3238    1.2879    0.1816    0.2844
   0    0.8492 -999.9900    1.5826    1.5826    1.5358    0.2635    1.1553    0.1157    0.1750
    
2023031900
   0    0.8953 -999.9900    1.5380    1.5380    1.1911   -0.1173    1.1759    0.2463    0.1741
   0    0.7725 -999.9900    1.3995    1.3995    1.4865   -0.2430    1.0394    0.1621    0.0845
   0    0.9942 -999.9900    1.7540    1.7540    1.3145   -0.1128    1.3079    0.2460    0.1873
   0    0.8065 -999.9900    1.4641    1.4641    1.6056   -0.2151    1.0871    0.1528    0.0919
    
2023032000
   0    0.8698 -999.9900    1.4913    1.4913    1.0505    0.1242    1.1451    0.1916    0.2249
   0    0.7757 -999.9900    1.4310    1.4310    1.4475   -0.0622    1.0555    0.1287    0.1001
   0    0.9261 -999.9900    1.6029    1.6029    1.1374    0.1521    1.2193    0.1907    0.2286
   0    0.8113 -999.9900    1.4901    1.4901    1.4464   -0.0081    1.0989    0.1350    0.1145
    
2023032100
   0    0.8434 -999.9900    1.4581    1.4581    1.0986   -0.1694    1.1199    0.2330    0.1582
   0    0.7723 -999.9900    1.4010    1.4010    1.3275   -0.1362    1.0655    0.1617    0.1081
   0    0.9813 -999.9900    1.6988    1.6988    1.1712   -0.2327    1.3087    0.2433    0.1705
   0    0.8331 -999.9900    1.5034    1.5034    1.4003   -0.1809    1.1456    0.1681    0.1115
    
2023032200
   0    0.9508 -999.9900    1.7083    1.7083    1.0553    0.0066    1.2483    0.2308    0.2089
   0    0.8877 -999.9900    1.6838    1.6838    1.3269    0.0921    1.2118    0.1547    0.1589
   0    1.0892 -999.9900    1.9167    1.9167    1.0630   -0.0392    1.4160    0.2603    0.2229
   0    0.9320 -999.9900    1.7330    1.7330    1.4008    0.0475    1.2731    0.1674    0.1594
    
2023032300
   0    1.0186 -999.9900    1.9000    1.9000    1.0194    0.1921    1.3391    0.2573    0.2430
   0    0.9374 -999.9900    1.9489    1.9489    1.3361    0.3031    1.2681    0.1728    0.1836
   0    1.0421 -999.9900    1.9258    1.9258    1.0181    0.2580    1.3653    0.2424    0.2675
   0    0.9193 -999.9900    1.8738    1.8738    1.4009    0.3204    1.2631    0.1640    0.1811
    
2023032400
   0    1.0126 -999.9900    1.8333    1.8333    1.0334    0.3512    1.3061    0.2159    0.2842
   0    0.9138 -999.9900    1.7661    1.7661    1.2873    0.3693    1.2346    0.1509    0.2085
   0    1.0271 -999.9900    1.8384    1.8384    1.0100    0.4075    1.3286    0.1974    0.3109
   0    0.9105 -999.9900    1.7469    1.7469    1.2869    0.3995    1.2357    0.1400    0.2186
    
2023032500
   0    1.0004 -999.9900    1.8385    1.8385    1.0914    0.1927    1.2947    0.1875    0.2595
   0    0.9222 -999.9900    1.7589    1.7589    1.3047    0.0375    1.2631    0.1712    0.1827
   0    1.1103 -999.9900    2.0125    2.0125    1.0677    0.2167    1.4128    0.2003    0.2813
   0    0.9594 -999.9900    1.8344    1.8344    1.3336    0.0829    1.3035    0.1649    0.1870
    
2023032600
   0    0.9512 -999.9900    1.7298    1.7298    1.0314    0.0011    1.2343    0.2022    0.2724
   0    0.8445 -999.9900    1.6315    1.6315    1.3489   -0.1656    1.1519    0.1619    0.1596
   0    1.0144 -999.9900    1.7971    1.7971    1.0426   -0.0575    1.3177    0.2218    0.2766
   0    0.8720 -999.9900    1.6595    1.6595    1.3465   -0.1674    1.1946    0.1697    0.1633
    
2023032700
   0    0.9604 -999.9900    1.8087    1.8087    1.1246   -0.1466    1.2486    0.2208    0.2396
   0    0.8208 -999.9900    1.6033    1.6033    1.3625   -0.1225    1.1202    0.1582    0.1494
   0    0.9937 -999.9900    1.8271    1.8271    1.1146   -0.0714    1.2957    0.2235    0.2462
   0    0.8352 -999.9900    1.6248    1.6248    1.3607   -0.0822    1.1424    0.1610    0.1418
    
2023032800
   0    0.8987 -999.9900    1.6171    1.6171    1.2235   -0.3278    1.1911    0.2503    0.1938
   0    0.7546 -999.9900    1.3988    1.3988    1.4826   -0.2601    1.0378    0.1567    0.1131
   0    0.9906 -999.9900    1.7516    1.7516    1.1719   -0.2259    1.2897    0.2611    0.2290
   0    0.7868 -999.9900    1.4675    1.4675    1.4866   -0.2125    1.0803    0.1638    0.1208
    
2023032900
   0    0.8043 -999.9900    1.4304    1.4304    1.1187   -0.2853    1.0739    0.2587    0.1801
   0    0.7304 -999.9900    1.3780    1.3780    1.3646   -0.2908    1.0090    0.1624    0.1049
   0    0.9258 -999.9900    1.6688    1.6688    1.1095   -0.3399    1.2130    0.2847    0.1803
   0    0.7747 -999.9900    1.4802    1.4802    1.3894   -0.3225    1.0667    0.1754    0.1005
    
2023033000
   0    0.8061 -999.9900    1.4833    1.4833    1.0675   -0.2230    1.0637    0.2334    0.1831
   0    0.6981 -999.9900    1.3384    1.3384    1.3244   -0.2952    0.9591    0.1559    0.0887
   0    0.9003 -999.9900    1.6574    1.6574    1.0649   -0.2319    1.1679    0.2445    0.1916
   0    0.7344 -999.9900    1.4167    1.4167    1.3568   -0.2861    1.0131    0.1621    0.0940
    
2023033100
   0    0.9184 -999.9900    1.6984    1.6984    1.1562   -0.0935    1.2278    0.2334    0.1850
   0    0.7859 -999.9900    1.4853    1.4853    1.4339   -0.1022    1.0824    0.1525    0.1071
   0    0.9984 -999.9900    1.8380    1.8380    1.1249   -0.0491    1.3107    0.2326    0.2105
   0    0.8138 -999.9900    1.5481    1.5481    1.4593   -0.0738    1.1276    0.1485    0.1172
    
2023040100
   0    1.0368 -999.9900    1.9060    1.9060    1.1215    0.1578    1.3677    0.2184    0.2765
   0    0.9163 -999.9900    1.7603    1.7603    1.3346    0.0867    1.2596    0.1792    0.1943
   0    0.9863 -999.9900    1.7671    1.7671    1.0917    0.1460    1.2939    0.2053    0.2731
   0    0.8889 -999.9900    1.6862    1.6862    1.3076    0.0938    1.2227    0.1696    0.1936
    
2023040200
   0    0.9645 -999.9900    1.7292    1.7292    1.0605   -0.1263    1.2471    0.2262    0.2390
   0    0.8362 -999.9900    1.6045    1.6045    1.3093   -0.1476    1.1413    0.1502    0.1451
   0    0.9469 -999.9900    1.6972    1.6972    1.0640   -0.1942    1.2396    0.2414    0.2220
   0    0.8285 -999.9900    1.5768    1.5768    1.3120   -0.1841    1.1418    0.1564    0.1460
    
2023040300
   0    0.9139 -999.9900    1.7084    1.7084    1.2254   -0.2844    1.2239    0.2124    0.1881
   0    0.8056 -999.9900    1.5492    1.5492    1.3862   -0.1895    1.1207    0.1544    0.1298
   0    0.9979 -999.9900    1.8555    1.8555    1.2025   -0.2742    1.3343    0.2392    0.1977
   0    0.8518 -999.9900    1.6443    1.6443    1.3911   -0.2025    1.1878    0.1707    0.1319
    
2023040400
   0    0.9040 -999.9900    1.6903    1.6903    1.1670    0.0258    1.1944    0.1970    0.2267
   0    0.7532 -999.9900    1.4269    1.4269    1.4977    0.1392    1.0128    0.1171    0.1370
   0    0.9632 -999.9900    1.7689    1.7689    1.1598    0.1348    1.2527    0.1910    0.2416
   0    0.7889 -999.9900    1.5042    1.5042    1.4743    0.1819    1.0693    0.1197    0.1456
    
2023040500
   0    0.9209 -999.9900    1.8699    1.8699    1.1480    0.2265    1.2217    0.1862    0.2807
   0    0.8364 -999.9900    1.8624    1.8624    1.4165    0.2592    1.1558    0.1242    0.1693
   0    0.9437 -999.9900    1.8368    1.8368    1.1419    0.1913    1.2386    0.2062    0.2610
   0    0.8364 -999.9900    1.8024    1.8024    1.4240    0.2315    1.1595    0.1398    0.1641
    
2023040600
   1 -999.9900 -999.9900 -999.9900 -999.9900 -999.9900 -999.9900 -999.9900 -999.9900 -999.9900
   0    0.8815 -999.9900    1.8721    1.8721    1.4667    0.5010    1.2270    0.1190    0.1748
   1 -999.9900 -999.9900 -999.9900 -999.9900 -999.9900 -999.9900 -999.9900 -999.9900 -999.9900
   0    0.8336 -999.9900    1.7256    1.7256    1.4734    0.4377    1.1624    0.1259    0.1635
    
2023040700
   0    0.9646 -999.9900    1.7450    1.7450    1.1165    0.2771    1.2413    0.2061    0.2886
   0    0.8582 -999.9900    1.6131    1.6131    1.3670    0.0649    1.1687    0.1635    0.1763
   0    0.9140 -999.9900    1.6425    1.6425    1.0905    0.2460    1.1929    0.2057    0.2811
   0    0.8100 -999.9900    1.5143    1.5143    1.3840    0.0886    1.1108    0.1555    0.1683
    
2023040800
   0    0.9790 -999.9900    1.7772    1.7772    1.1043   -0.4096    1.2975    0.2857    0.1949
   0    0.8713 -999.9900    1.6467    1.6467    1.3673   -0.5544    1.2069    0.2426    0.0956
   0    1.0031 -999.9900    1.8287    1.8287    1.0779   -0.3992    1.3078    0.2950    0.1891
   0    0.8847 -999.9900    1.6786    1.6786    1.3484   -0.5194    1.2128    0.2438    0.1010
    
2023040900
   0    1.1270 -999.9900    1.9514    1.9514    0.9532   -0.3499    1.4198    0.3088    0.2439
   0    0.9338 -999.9900    1.7465    1.7465    1.3087   -0.4058    1.2654    0.2164    0.1250
   0    1.1837 -999.9900    2.0408    2.0408    0.9298   -0.4107    1.4777    0.3168    0.2368
   0    0.9380 -999.9900    1.7612    1.7612    1.3221   -0.4111    1.2767    0.2114    0.1287
    
2023041000
   0    1.2417 -999.9900    2.0865    2.0865    0.8760   -0.5362    1.5089    0.3630    0.2508
   0    0.9389 -999.9900    1.7452    1.7452    1.4895   -0.3954    1.2668    0.2091    0.1283
   0    1.3312 -999.9900    2.2137    2.2137    0.8630   -0.6791    1.6052    0.3968    0.2292
   0    0.9902 -999.9900    1.8228    1.8228    1.4683   -0.5261    1.3312    0.2365    0.1242
    
2023041100
   0    1.1867 -999.9900    2.0055    2.0055    0.9299   -0.4388    1.4473    0.3339    0.2190
   0    0.9695 -999.9900    1.8001    1.8001    1.5917   -0.4511    1.3170    0.2092    0.1151
   0    1.2237 -999.9900    2.0572    2.0572    0.9285   -0.5087    1.5026    0.3477    0.2154
   0    0.9801 -999.9900    1.7905    1.7905    1.5474   -0.5103    1.3198    0.2264    0.1162
    
2023041200
   0    1.2190 -999.9900    2.1587    2.1587    1.0044   -0.1750    1.5261    0.3225    0.2406
   0    0.9476 -999.9900    1.7645    1.7645    1.6915   -0.3135    1.2983    0.2076    0.1065
   0    1.2538 -999.9900    2.2151    2.2151    1.0216   -0.1885    1.5632    0.3165    0.2326
   0    0.9471 -999.9900    1.7701    1.7701    1.6783   -0.3367    1.2956    0.2080    0.1038
    
2023041300
   0    1.2063 -999.9900    2.2619    2.2619    1.0317    0.2109    1.5133    0.2547    0.2598
   0    0.8817 -999.9900    1.6992    1.6992    1.7104    0.0721    1.1875    0.1315    0.1331
   0    1.3171 -999.9900    2.3848    2.3848    1.0497    0.0919    1.6491    0.2848    0.2500
   0    0.9320 -999.9900    1.7975    1.7975    1.7369   -0.0363    1.2776    0.1491    0.1274
    
2023041400
   0    1.2149 -999.9900    2.2026    2.2026    1.0102    0.1944    1.5370    0.2743    0.2847
   0    0.9716 -999.9900    1.8648    1.8648    1.5541    0.1215    1.3037    0.1668    0.1642
   0    1.2317 -999.9900    2.1902    2.1902    1.0384    0.0783    1.5628    0.2910    0.2646
   0    0.9821 -999.9900    1.8676    1.8676    1.5562    0.0665    1.3247    0.1741    0.1627
    
2023041500
   0    1.1391 -999.9900    2.1542    2.1542    1.0393    0.6329    1.4404    0.1719    0.3520
   0    0.9965 -999.9900    2.0381    2.0381    1.5367    0.4807    1.3443    0.1089    0.2073
   0    1.1214 -999.9900    2.0639    2.0639    1.0633    0.5159    1.4205    0.1828    0.3211
   0    0.9801 -999.9900    1.9667    1.9667    1.5193    0.4410    1.3255    0.1149    0.2031
    
2023041600
   0    1.4032 -999.9900    2.6939    2.6939    1.0857    1.0680    1.7241    0.1291    0.4424
   0    1.1656 -999.9900    2.4036    2.4036    1.5278    0.7632    1.5600    0.0930    0.2760
   0    1.2524 -999.9900    2.3102    2.3102    1.0785    0.8170    1.5754    0.1425    0.4169
   0    1.0934 -999.9900    2.1831    2.1831    1.5065    0.6737    1.4751    0.1009    0.2731
    
2023041700
   0    1.1826 -999.9900    2.2279    2.2279    1.0971    0.7608    1.4842    0.1292    0.3367
   0    0.9425 -999.9900    1.8666    1.8666    1.5267    0.4153    1.2950    0.0962    0.2006
   0    1.1202 -999.9900    2.0548    2.0548    1.1072    0.6721    1.4325    0.1238    0.3427
   0    0.9241 -999.9900    1.7920    1.7920    1.5038    0.4310    1.2762    0.0928    0.2112
    
2023041800
   0    1.1150 -999.9900    2.0456    2.0456    1.0449    0.5063    1.4291    0.1799    0.2915
   0    0.9212 -999.9900    1.7668    1.7668    1.4696    0.1559    1.2836    0.1290    0.1737
   0    1.0732 -999.9900    1.9576    1.9576    1.0484    0.4982    1.3922    0.1557    0.2991
   0    0.9079 -999.9900    1.7383    1.7383    1.4394    0.2210    1.2581    0.1124    0.1832
    
2023041900
   0    1.1043 -999.9900    1.9911    1.9911    1.2614    0.2646    1.4337    0.2003    0.2391
   0    0.8984 -999.9900    1.7101    1.7101    1.5439    0.1607    1.2548    0.1313    0.1499
   0    1.0455 -999.9900    1.9128    1.9128    1.2424    0.1160    1.3750    0.2008    0.2202
   0    0.8839 -999.9900    1.6852    1.6852    1.5253    0.0924    1.2296    0.1294    0.1470
    
2023042000
   0    1.0083 -999.9900    1.9761    1.9761    1.1389    0.4560    1.3465    0.1671    0.2632
   0    0.8877 -999.9900    1.8661    1.8661    1.4244    0.4240    1.2189    0.1078    0.1799
   0    1.0096 -999.9900    1.9067    1.9067    1.1298    0.3564    1.3404    0.1822    0.2654
   0    0.8756 -999.9900    1.8017    1.8017    1.4313    0.3705    1.2129    0.1102    0.1791
    
2023042100
   0    1.0312 -999.9900    1.9287    1.9287    1.0979    0.7542    1.3567    0.1433    0.3391
   1 -999.9900 -999.9900 -999.9900 -999.9900 -999.9900 -999.9900 -999.9900 -999.9900 -999.9900
   0    1.0118 -999.9900    1.8501    1.8501    1.0744    0.6295    1.3351    0.1755    0.3172
   1 -999.9900 -999.9900 -999.9900 -999.9900 -999.9900 -999.9900 -999.9900 -999.9900 -999.9900
    
2023042200
   0    0.9003 -999.9900    1.6157    1.6157    1.0151    0.5584    1.1738    0.1208    0.3531
   0    0.8388 -999.9900    1.5891    1.5891    1.2916    0.5081    1.1496    0.0855    0.2515
   0    0.9104 -999.9900    1.6236    1.6236    1.0173    0.4914    1.1913    0.1366    0.3353
   0    0.8238 -999.9900    1.5476    1.5476    1.3129    0.4773    1.1320    0.0860    0.2356
    
2023042300
   0    1.0021 -999.9900    1.7907    1.7907    1.1486    0.3881    1.3108    0.1607    0.3535
   0    0.9123 -999.9900    1.7395    1.7395    1.3275    0.3771    1.2399    0.1069    0.2667
   0    0.9666 -999.9900    1.7483    1.7483    1.1408    0.3081    1.2682    0.1708    0.3129
   0    0.8818 -999.9900    1.6837    1.6837    1.3486    0.3312    1.2068    0.1104    0.2426
    
2023042400
   0    0.9710 -999.9900    1.7373    1.7373    1.0645    0.3198    1.2646    0.1727    0.3067
   0    0.8647 -999.9900    1.6182    1.6182    1.2406    0.2406    1.1737    0.1336    0.2259
   0    0.9271 -999.9900    1.6515    1.6515    1.0702    0.3033    1.2081    0.1679    0.2952
   0    0.8381 -999.9900    1.5606    1.5606    1.2540    0.2466    1.1390    0.1279    0.2247
    
2023042500
   0    1.0127 -999.9900    1.9413    1.9413    1.1387    0.1009    1.3222    0.2009    0.2410
   0    0.8601 -999.9900    1.6823    1.6823    1.3314    0.0048    1.1811    0.1549    0.1649
   0    1.0037 -999.9900    1.9255    1.9255    1.1432    0.1279    1.3173    0.1865    0.2487
   0    0.8545 -999.9900    1.6815    1.6815    1.3640    0.0401    1.1832    0.1450    0.1680
    
2023042600
   0    0.9275 -999.9900    1.7512    1.7512    1.1249    0.1621    1.1997    0.1693    0.2544
   0    0.7238 -999.9900    1.3731    1.3731    1.4749    0.0648    0.9903    0.0960    0.1478
   0    0.9925 -999.9900    1.8582    1.8582    1.1262    0.0800    1.2852    0.1985    0.2538
   0    0.7568 -999.9900    1.4527    1.4527    1.5046    0.0351    1.0475    0.1077    0.1453
    
2023042700
   0    1.0339 -999.9900    1.9247    1.9247    1.0977    0.4136    1.3280    0.1701    0.3112
   0    0.7796 -999.9900    1.5266    1.5266    1.4537    0.3311    1.0672    0.0784    0.1958
   0    1.0944 -999.9900    2.0231    2.0231    1.0945    0.2877    1.4010    0.1908    0.2986
   0    0.8198 -999.9900    1.6160    1.6160    1.4753    0.2722    1.1318    0.0890    0.1934
    
2023042800
   1 -999.9900 -999.9900 -999.9900 -999.9900 -999.9900 -999.9900 -999.9900 -999.9900 -999.9900
   1 -999.9900 -999.9900 -999.9900 -999.9900 -999.9900 -999.9900 -999.9900 -999.9900 -999.9900
   1 -999.9900 -999.9900 -999.9900 -999.9900 -999.9900 -999.9900 -999.9900 -999.9900 -999.9900
   1 -999.9900 -999.9900 -999.9900 -999.9900 -999.9900 -999.9900 -999.9900 -999.9900 -999.9900
    
2023042900
   0    1.0336 -999.9900    1.7975    1.7975    1.0883    0.3617    1.3284    0.1784    0.3382
   0    0.8296 -999.9900    1.5726    1.5726    1.4743    0.2445    1.1604    0.0975    0.1732
   0    1.0508 -999.9900    1.8677    1.8677    1.1550    0.1529    1.3583    0.2115    0.2852
   0    0.8335 -999.9900    1.5861    1.5861    1.5335    0.1426    1.1609    0.1094    0.1552
    
2023043000
   0    0.9481 -999.9900    1.6370    1.6370    0.9989    0.3044    1.2133    0.1544    0.3222
   0    0.8292 -999.9900    1.5799    1.5799    1.3343    0.1379    1.1414    0.1177    0.1731
   0    0.9370 -999.9900    1.6479    1.6479    0.9798    0.2114    1.1926    0.1702    0.2895
   0    0.8044 -999.9900    1.5310    1.5310    1.3525    0.1155    1.1047    0.1168    0.1676
    
2023050100
   0    1.0974 -999.9900    1.8641    1.8641    1.1070    0.1767    1.4225    0.2184    0.3115
   0    0.9186 -999.9900    1.6543    1.6543    1.3569    0.1168    1.2500    0.1498    0.2142
   0    1.0456 -999.9900    1.8008    1.8008    1.1191    0.1147    1.3590    0.2121    0.2830
   0    0.8908 -999.9900    1.6020    1.6020    1.3899    0.0918    1.2260    0.1505    0.1994
    
2023050200
   0    0.9831 -999.9900    1.7560    1.7560    1.1963   -0.0862    1.2957    0.2486    0.2111
   0    0.8312 -999.9900    1.5783    1.5783    1.4704    0.0060    1.1449    0.1611    0.1386
   0    0.9277 -999.9900    1.6735    1.6735    1.2360   -0.1520    1.2422    0.2430    0.1808
   0    0.8039 -999.9900    1.5183    1.5183    1.4933   -0.0517    1.1059    0.1615    0.1188
    
2023050300
   0    0.9968 -999.9900    1.7823    1.7823    1.1764   -0.1008    1.3171    0.2455    0.2065
   0    0.8494 -999.9900    1.5894    1.5894    1.4923   -0.0154    1.1597    0.1545    0.1368
   0    0.9147 -999.9900    1.7088    1.7088    1.1777   -0.1951    1.2303    0.2382    0.1653
   0    0.7978 -999.9900    1.5104    1.5104    1.5200   -0.0893    1.0889    0.1542    0.1096
    
2023050400
   0    0.9783 -999.9900    1.7138    1.7138    1.1424   -0.2952    1.3057    0.2575    0.2013
   0    0.7932 -999.9900    1.4927    1.4927    1.4781   -0.1077    1.1159    0.1219    0.1250
   0    0.9733 -999.9900    1.7552    1.7552    1.1538   -0.3927    1.2911    0.2681    0.1645
   0    0.7774 -999.9900    1.4742    1.4742    1.5294   -0.2024    1.0857    0.1259    0.1010
    
2023050500
   0    1.1264 -999.9900    2.0880    2.0880    1.2306   -0.2093    1.4713    0.2744    0.1965
   0    0.8722 -999.9900    1.7402    1.7402    1.6471    0.0854    1.2015    0.1105    0.1452
   0    1.1638 -999.9900    2.1513    2.1513    1.2402   -0.2906    1.5210    0.2926    0.1813
   0    0.8913 -999.9900    1.7868    1.7868    1.6671   -0.0234    1.2316    0.1215    0.1296
    
2023050600
   0    1.2820 -999.9900    2.2880    2.2880    1.2993   -0.4916    1.6710    0.3454    0.1724
   0    0.9953 -999.9900    1.9167    1.9167    1.7851   -0.0938    1.3416    0.1728    0.1336
   0    1.3258 -999.9900    2.3837    2.3837    1.3217   -0.5962    1.7263    0.3402    0.1685
   0    1.0192 -999.9900    1.9635    1.9635    1.8295   -0.2359    1.3959    0.1798    0.1275
    
2023050700
   0    1.0048 -999.9900    1.8400    1.8400    1.2871    0.0300    1.3295    0.2201    0.1969
   0    0.8724 -999.9900    1.6830    1.6830    1.6706    0.1560    1.1829    0.1367    0.1324
   0    1.0644 -999.9900    1.9412    1.9412    1.2819   -0.1669    1.3997    0.2456    0.1820
   0    0.8703 -999.9900    1.6586    1.6586    1.7343    0.0123    1.1818    0.1409    0.1166
    
2023050800
   0    1.1256 -999.9900    2.1968    2.1968    1.3160    0.5561    1.4771    0.1529    0.2695
   0    0.9505 -999.9900    1.9398    1.9398    1.7274    0.4059    1.3001    0.1055    0.1628
   0    1.1631 -999.9900    2.2664    2.2664    1.3393    0.4483    1.5271    0.1726    0.2583
   0    0.9624 -999.9900    1.9672    1.9672    1.7596    0.3713    1.3255    0.1034    0.1562
    
2023050900
   0    1.0366 -999.9900    2.0217    2.0217    1.2780    0.8121    1.3558    0.1020    0.3095
   0    0.8714 -999.9900    1.7715    1.7715    1.5751    0.4992    1.1896    0.0753    0.1848
   0    1.0181 -999.9900    1.9540    1.9540    1.2801    0.5221    1.3438    0.1367    0.2760
   0    0.8515 -999.9900    1.7142    1.7142    1.6182    0.4173    1.1677    0.0790    0.1646
    
2023051000
   0    1.1554 -999.9900    2.2265    2.2265    1.2440    0.6429    1.4830    0.1349    0.3034
   0    0.9892 -999.9900    1.9853    1.9853    1.6167    0.4002    1.3365    0.1034    0.2069
   0    1.1290 -999.9900    2.1620    2.1620    1.2430    0.3666    1.4700    0.1612    0.2862
   0    0.9657 -999.9900    1.9238    1.9238    1.6485    0.2826    1.3084    0.1070    0.1946
    
2023051100
   0    1.0360 -999.9900    1.9308    1.9308    1.2429    0.3652    1.3462    0.1751    0.2684
   0    0.9049 -999.9900    1.7829    1.7829    1.6239    0.2765    1.2520    0.1046    0.1784
   0    1.0638 -999.9900    1.9955    1.9955    1.2437    0.1757    1.3946    0.2145    0.2366
   0    0.9215 -999.9900    1.8234    1.8234    1.6044    0.1826    1.2751    0.1235    0.1669
    
2023051200
   0    1.0247 -999.9900    1.8999    1.8999    1.1121    0.4172    1.3306    0.1687    0.3094
   0    0.8806 -999.9900    1.7447    1.7447    1.4955    0.3835    1.1990    0.0981    0.2054
   0    1.0928 -999.9900    2.0057    2.0057    1.1138    0.2819    1.4177    0.1947    0.2977
   0    0.8934 -999.9900    1.7513    1.7513    1.5178    0.2928    1.2267    0.1103    0.1958
    
2023051300
   0    0.9651 -999.9900    1.8663    1.8663    1.2359    0.5465    1.2605    0.1406    0.3017
   0    0.8645 -999.9900    1.7573    1.7573    1.5485    0.5366    1.1811    0.0764    0.1933
   0    1.0331 -999.9900    1.9595    1.9595    1.2174    0.4231    1.3389    0.1627    0.2896
   0    0.8771 -999.9900    1.7565    1.7565    1.5887    0.4641    1.1913    0.0841    0.1871
    
2023051400
   0    1.0263 -999.9900    1.8946    1.8946    1.2502    0.6919    1.3357    0.1186    0.3477
   0    0.8871 -999.9900    1.7355    1.7355    1.5620    0.6245    1.2075    0.0684    0.2137
   0    1.0226 -999.9900    1.9155    1.9155    1.2601    0.3767    1.3301    0.1482    0.2931
   0    0.8664 -999.9900    1.6903    1.6903    1.6237    0.4490    1.1761    0.0793    0.1912
    
2023051500
   0    1.0199 -999.9900    1.8825    1.8825    1.3975    0.2808    1.3715    0.1398    0.2666
   0    0.9023 -999.9900    1.7796    1.7796    1.6235    0.3075    1.2337    0.0853    0.1665
   0    1.1115 -999.9900    2.1007    2.1007    1.3817   -0.0404    1.4780    0.2073    0.2234
   0    0.9145 -999.9900    1.8030    1.8030    1.7439    0.1093    1.2577    0.1084    0.1404
    
2023051600
   0    0.9938 -999.9900    1.8210    1.8210    1.3058    0.2754    1.3278    0.1397    0.2829
   0    0.8983 -999.9900    1.7537    1.7537    1.5828    0.3479    1.2477    0.0821    0.1765
   0    1.0957 -999.9900    1.9990    1.9990    1.3026    0.1328    1.4471    0.1766    0.2711
   0    0.9172 -999.9900    1.7729    1.7729    1.6666    0.2482    1.2747    0.0931    0.1698
    
2023051700
   0    1.3078 -999.9900    2.4206    2.4206    1.2565    1.1036    1.6888    0.0871    0.4309
   0    1.1672 -999.9900    2.3017    2.3017    1.5356    1.0578    1.5764    0.0460    0.3035
   0    1.3973 -999.9900    2.5924    2.5924    1.2927    1.0210    1.7968    0.1126    0.4051
   0    1.1989 -999.9900    2.3718    2.3718    1.5954    1.0185    1.6208    0.0524    0.2967
    
2023051800
   0    1.2720 -999.9900    2.2484    2.2484    1.3576    1.0081    1.6651    0.1216    0.4101
   0    1.1477 -999.9900    2.2503    2.2503    1.6384    1.0250    1.5857    0.0775    0.2844
   0    1.2648 -999.9900    2.2557    2.2557    1.3568    0.7694    1.6550    0.1573    0.3670
   0    1.1049 -999.9900    2.1395    2.1395    1.7497    0.8826    1.5397    0.0891    0.2524
    
2023051900
   0    1.0471 -999.9900    1.9250    1.9250    1.2655    0.7767    1.3860    0.1045    0.3555
   0    0.9738 -999.9900    1.9307    1.9307    1.5939    0.7129    1.3239    0.0618    0.2170
   0    1.0633 -999.9900    1.9469    1.9469    1.2688    0.5584    1.4159    0.1317    0.3237
   0    0.9488 -999.9900    1.8444    1.8444    1.6662    0.5947    1.2985    0.0757    0.2049
    
2023052000
   0    0.8363 -999.9900    1.6043    1.6043    1.1778    0.4118    1.1181    0.1330    0.2660
   0    0.8157 -999.9900    1.6157    1.6157    1.5035    0.3274    1.1315    0.0919    0.1637
   0    0.9245 -999.9900    1.7523    1.7523    1.1728    0.2854    1.2255    0.1727    0.2636
   0    0.8129 -999.9900    1.5966    1.5966    1.5734    0.2686    1.1216    0.1020    0.1558
    
2023052100
   0    1.0348 -999.9900    1.9253    1.9253    1.2256    0.5152    1.3644    0.1672    0.3213
   0    0.9229 -999.9900    1.7805    1.7805    1.5176    0.4821    1.2527    0.1065    0.1963
   0    1.1343 -999.9900    2.1191    2.1191    1.2755    0.2526    1.4954    0.2171    0.2809
   0    0.9395 -999.9900    1.8189    1.8189    1.6444    0.3311    1.2749    0.1236    0.1750
    
2023052200
   0    1.0744 -999.9900    1.9860    1.9860    1.3783    0.2853    1.4514    0.2120    0.2475
   0    0.9434 -999.9900    1.8088    1.8088    1.5785    0.3139    1.3085    0.1090    0.1792
   0    1.1519 -999.9900    2.1560    2.1560    1.3580    0.2533    1.5344    0.2189    0.2533
   0    0.9781 -999.9900    1.8892    1.8892    1.6271    0.2890    1.3539    0.1201    0.1826
    
2023052300
   0    0.9863 -999.9900    1.8682    1.8682    1.3443   -0.0391    1.3043    0.2263    0.1729
   0    0.8114 -999.9900    1.5905    1.5905    1.6060    0.0472    1.1021    0.1181    0.1102
   0    1.0304 -999.9900    1.9530    1.9530    1.3320   -0.2041    1.3713    0.2564    0.1637
   0    0.8344 -999.9900    1.6337    1.6337    1.6427   -0.0676    1.1487    0.1339    0.1065
    
2023052400
   0    0.9257 -999.9900    1.7429    1.7429    1.4505    0.1757    1.2522    0.1895    0.1946
   0    0.8113 -999.9900    1.5895    1.5895    1.6862    0.3245    1.1217    0.0926    0.1262
   0    0.9589 -999.9900    1.8087    1.8087    1.3501    0.1376    1.2823    0.2028    0.2102
   0    0.8128 -999.9900    1.5901    1.5901    1.6725    0.2719    1.1228    0.0965    0.1327
    
2023052500
   0    1.0580 -999.9900    2.0306    2.0306    1.4331    0.3969    1.4136    0.1664    0.2565
   0    0.9156 -999.9900    1.8369    1.8369    1.6654    0.4244    1.2578    0.0807    0.1768
   1 -999.9900 -999.9900 -999.9900 -999.9900 -999.9900 -999.9900 -999.9900 -999.9900 -999.9900
   0    0.9338 -999.9900    1.8682    1.8682    1.7482    0.2705    1.2904    0.0966    0.1582
    
2023052600
   0    1.0888 -999.9900    2.0991    2.0991    1.5209    0.0788    1.4602    0.2192    0.1890
   0    0.9410 -999.9900    1.8863    1.8863    1.6443    0.1342    1.2911    0.1335    0.1342
   0    1.1002 -999.9900    2.0583    2.0583    1.4993   -0.0513    1.4732    0.2233    0.1899
   0    0.9275 -999.9900    1.8244    1.8244    1.7133    0.0449    1.2874    0.1308    0.1267
    
2023052700
   0    1.0968 -999.9900    2.1002    2.1002    1.3885   -0.1332    1.4641    0.2674    0.1693
   0    0.9430 -999.9900    1.8850    1.8850    1.6282   -0.0678    1.2969    0.1698    0.1046
   0    1.1499 -999.9900    2.2083    2.2083    1.4078   -0.2808    1.5316    0.2763    0.1612
   0    0.9488 -999.9900    1.8996    1.8996    1.7280   -0.1698    1.3091    0.1676    0.0949
    
2023052800
   0    1.0717 -999.9900    1.9511    1.9511    1.4600   -0.1578    1.4392    0.2751    0.1690
   0    0.8888 -999.9900    1.7104    1.7104    1.6742   -0.0979    1.2292    0.1480    0.0973
   0    1.1337 -999.9900    2.0866    2.0866    1.4342   -0.2480    1.5093    0.2869    0.1701
   0    0.9234 -999.9900    1.7889    1.7889    1.7040   -0.1642    1.2824    0.1630    0.0940
    
2023052900
   0    1.0377 -999.9900    1.9669    1.9669    1.3546    0.1652    1.3912    0.2051    0.2209
   0    0.8902 -999.9900    1.7631    1.7631    1.6053    0.1932    1.2316    0.0973    0.1415
   0    1.1341 -999.9900    2.1526    2.1526    1.3722    0.0748    1.5085    0.2118    0.2281
   0    0.9396 -999.9900    1.8631    1.8631    1.6594    0.1332    1.3018    0.1085    0.1479
    
2023053000
   0    0.9268 -999.9900    1.7511    1.7511    1.2175    0.0277    1.2291    0.2036    0.2035
   0    0.8366 -999.9900    1.6539    1.6539    1.5008    0.0770    1.1431    0.1079    0.1261
   0    0.9990 -999.9900    1.8992    1.8992    1.2242   -0.0333    1.3198    0.2023    0.2049
   0    0.8636 -999.9900    1.7028    1.7028    1.5423    0.0314    1.1844    0.1105    0.1302
    
2023053100
   0    1.0520 -999.9900    1.9948    1.9948    1.3059    0.1580    1.3812    0.2117    0.2422
   0    0.9023 -999.9900    1.8126    1.8126    1.6012    0.2308    1.2320    0.1022    0.1529
   0    1.1419 -999.9900    2.1875    2.1875    1.3139   -0.0150    1.4938    0.2323    0.2297
   0    0.9272 -999.9900    1.8751    1.8751    1.6886    0.1120    1.2733    0.1084    0.1467
    
2023060100
   0    1.0278 -999.9900    2.0264    2.0264    1.4524    0.3040    1.3597    0.1763    0.2073
   0    0.9527 -999.9900    1.9661    1.9661    1.7394    0.4470    1.2991    0.0919    0.1534
   0    1.1461 -999.9900    2.2252    2.2252    1.4868    0.0956    1.5095    0.2130    0.2111
   0    0.9732 -999.9900    1.9868    1.9868    1.8550    0.2938    1.3393    0.0986    0.1504
    
2023060200
   0    1.1272 -999.9900    2.1788    2.1788    1.4152    0.5903    1.4814    0.1386    0.2700
   0    1.0067 -999.9900    2.0492    2.0492    1.6554    0.6219    1.3751    0.0801    0.1927
   0    1.1304 -999.9900    2.1816    2.1816    1.4187    0.3437    1.5033    0.1751    0.2438
   0    0.9843 -999.9900    1.9876    1.9876    1.7385    0.4670    1.3573    0.0910    0.1772
    
2023060300
   0    1.1194 -999.9900    2.1843    2.1843    1.4130    0.6134    1.4521    0.1407    0.2641
   0    0.9970 -999.9900    2.0183    2.0183    1.6187    0.5163    1.3543    0.0840    0.1819
   0    1.0943 -999.9900    2.1210    2.1210    1.3977    0.3558    1.4467    0.1570    0.2459
   0    0.9642 -999.9900    1.9429    1.9429    1.6745    0.3832    1.3171    0.0867    0.1691
    
2023060400
   0    1.0313 -999.9900    2.0396    2.0396    1.4750    0.5386    1.3673    0.1103    0.2381
   0    0.9414 -999.9900    1.9139    1.9139    1.6391    0.3942    1.2916    0.0816    0.1675
   0    1.1499 -999.9900    2.2115    2.2115    1.3418    0.2965    1.5138    0.1719    0.2488
   0    0.9757 -999.9900    1.9696    1.9696    1.6555    0.2788    1.3439    0.1007    0.1647
    
2023060500
   0    1.0514 -999.9900    2.0082    2.0082    1.2655    0.6378    1.3770    0.1183    0.2988
   0    0.9684 -999.9900    1.9293    1.9293    1.5420    0.5014    1.3116    0.0715    0.1968
   0    1.1579 -999.9900    2.1719    2.1719    1.2693    0.3129    1.5071    0.1757    0.2643
   0    0.9964 -999.9900    1.9693    1.9693    1.6125    0.3340    1.3633    0.0963    0.1784
    
2023060600
   0    1.0531 -999.9900    1.9586    1.9586    1.3187    0.5720    1.3725    0.1360    0.3040
   0    0.9586 -999.9900    1.8569    1.8569    1.5832    0.5086    1.3060    0.0781    0.2080
   0    1.1870 -999.9900    2.2208    2.2208    1.3239    0.4061    1.5430    0.1560    0.3039
   0    1.0031 -999.9900    1.9562    1.9562    1.6683    0.4219    1.3795    0.0858    0.2085
    
2023060700
   0    1.0236 -999.9900    1.9459    1.9459    1.4232    0.5249    1.3691    0.1373    0.2879
   0    0.8996 -999.9900    1.7681    1.7681    1.6664    0.4187    1.2417    0.0963    0.1732
   0    1.1211 -999.9900    2.1463    2.1463    1.4065    0.3634    1.4874    0.1636    0.2770
   0    0.9279 -999.9900    1.8383    1.8383    1.7418    0.3431    1.2952    0.0971    0.1668
    
2023060800
   0    0.9830 -999.9900    1.8950    1.8950    1.4169    0.3135    1.2850    0.1549    0.2352
   0    0.9056 -999.9900    1.8103    1.8103    1.6202    0.2057    1.2279    0.1031    0.1480
   0    1.0567 -999.9900    2.0632    2.0632    1.4113    0.0333    1.3886    0.1945    0.2146
   0    0.9079 -999.9900    1.8151    1.8151    1.7333    0.0589    1.2306    0.1158    0.1325
    
2023060900
   0    0.9921 -999.9900    1.8656    1.8656    1.2734    0.3627    1.3027    0.1700    0.2603
   0    0.8811 -999.9900    1.7551    1.7551    1.5114    0.3242    1.2175    0.0980    0.1708
   0    1.0703 -999.9900    2.0428    2.0428    1.2875    0.1285    1.4077    0.2137    0.2367
   0    0.9005 -999.9900    1.7993    1.7993    1.6064    0.1913    1.2456    0.1153    0.1569
    
2023061000
   0    1.2019 -999.9900    2.3848    2.3848    1.3795    0.6765    1.5649    0.1330    0.3179
   0    1.0376 -999.9900    2.1419    2.1419    1.6517    0.5839    1.3929    0.0787    0.2058
   0    1.2326 -999.9900    2.3884    2.3884    1.3704    0.4593    1.6112    0.1775    0.2854
   0    1.0415 -999.9900    2.1233    2.1233    1.7081    0.4718    1.4110    0.0946    0.1922
    
2023061100
   0    1.1175 -999.9900    2.2581    2.2581    1.4070    0.7423    1.4681    0.1433    0.2912
   0    0.9580 -999.9900    1.9979    1.9979    1.6743    0.6101    1.3038    0.1006    0.1804
   0    1.1438 -999.9900    2.2433    2.2433    1.4054    0.5342    1.5018    0.1818    0.2577
   0    0.9623 -999.9900    1.9607    1.9607    1.7365    0.5116    1.3242    0.1110    0.1646
    
2023061200
   0    0.9709 -999.9900    1.8576    1.8576    1.3320    0.4377    1.2778    0.1536    0.2611
   0    0.8736 -999.9900    1.7377    1.7377    1.5497    0.3587    1.1843    0.1018    0.1590
   0    1.0156 -999.9900    1.9406    1.9406    1.3339    0.3106    1.3499    0.1826    0.2422
   0    0.8893 -999.9900    1.7664    1.7664    1.5808    0.2981    1.2134    0.1148    0.1537
    
2023061300
   0    1.0852 -999.9900    2.1410    2.1410    1.4995    0.6197    1.4556    0.1295    0.3022
   0    0.9675 -999.9900    1.9960    1.9960    1.6630    0.5567    1.3301    0.0923    0.2119
   0    1.1673 -999.9900    2.2582    2.2582    1.3798    0.6137    1.5275    0.1547    0.3301
   0    0.9975 -999.9900    2.0432    2.0432    1.6537    0.5659    1.3666    0.1000    0.2286
    
2023061400
   0    1.1505 -999.9900    2.3506    2.3506    1.3963    0.7016    1.5028    0.1470    0.2997
   0    1.0820 -999.9900    2.2909    2.2909    1.6550    0.7086    1.4519    0.0716    0.2371
   0    1.2543 -999.9900    2.5822    2.5822    1.4228    0.6870    1.6359    0.1488    0.3072
   0    1.1144 -999.9900    2.3830    2.3830    1.7102    0.7088    1.5075    0.0741    0.2351
    
2023061500
   0    1.0778 -999.9900    2.1355    2.1355    1.4263    0.6450    1.4278    0.1606    0.2793
   0    1.0283 -999.9900    2.1350    2.1350    1.6586    0.5912    1.3967    0.0914    0.2065
   0    1.1752 -999.9900    2.3285    2.3285    1.4482    0.5291    1.5459    0.1892    0.2722
   0    1.0460 -999.9900    2.1792    2.1792    1.7341    0.5464    1.4295    0.0983    0.1966
    
2023061600
   0    1.0128 -999.9900    2.0687    2.0687    1.4691    0.5850    1.3364    0.1193    0.2531
   0    1.0128 -999.9900    2.0687    2.0687    1.4691    0.5850    1.3364    0.1193    0.2531
   0    1.0179 -999.9900    2.0803    2.0803    1.4443    0.6121    1.3395    0.1171    0.2582
   0    0.9044 -999.9900    1.8822    1.8822    1.7329    0.5122    1.2107    0.0681    0.1813
    
2023061700
   0    0.9637 -999.9900    1.7737    1.7737    1.3978    0.4257    1.2748    0.1247    0.2940
   0    0.9127 -999.9900    1.7422    1.7422    1.5851    0.2531    1.2554    0.0931    0.2232
   0    1.0138 -999.9900    1.9237    1.9237    1.3849    0.3530    1.3428    0.1380    0.2897
   0    0.9013 -999.9900    1.7397    1.7397    1.6713    0.2442    1.2295    0.0838    0.2088
    
2023061800
   0    1.0400 -999.9900    2.0290    2.0290    1.4215    0.1373    1.3798    0.1796    0.2486
   0    0.8679 -999.9900    1.6744    1.6744    1.7036    0.0825    1.1825    0.0980    0.1736
   0    1.0350 -999.9900    2.0262    2.0262    1.4116    0.1632    1.3737    0.1754    0.2521
   0    0.8761 -999.9900    1.7110    1.7110    1.6886    0.1091    1.1955    0.0990    0.1781
    
2023061900
   0    0.9345 -999.9900    1.7317    1.7317    1.3182    0.0484    1.2592    0.2024    0.2017
   0    0.7952 -999.9900    1.5027    1.5027    1.5538    0.1148    1.0922    0.1149    0.1536
   0    0.9988 -999.9900    1.9170    1.9170    1.3116   -0.0634    1.3374    0.2285    0.2007
   0    0.8105 -999.9900    1.5706    1.5706    1.6310    0.0346    1.1209    0.1192    0.1391
    
2023062000
   0    0.9356 -999.9900    1.8060    1.8060    1.3360   -0.0394    1.2500    0.2202    0.1742
   0    0.7919 -999.9900    1.5773    1.5773    1.6257    0.0292    1.0893    0.1200    0.1168
   0    0.9522 -999.9900    1.8343    1.8343    1.3247   -0.1046    1.2732    0.2347    0.1655
   0    0.8060 -999.9900    1.6062    1.6062    1.6084   -0.0235    1.1089    0.1307    0.1156
    
2023062100
   0    0.8790 -999.9900    1.6776    1.6776    1.3879   -0.0570    1.1781    0.1972    0.1934
   0    0.8050 -999.9900    1.5675    1.5675    1.6241    0.0291    1.1055    0.1130    0.1383
   0    0.9478 -999.9900    1.8857    1.8857    1.3741   -0.1091    1.2788    0.2139    0.1856
   0    0.8194 -999.9900    1.6397    1.6397    1.6743   -0.0195    1.1338    0.1141    0.1267
    
2023062200
   0    1.0356 -999.9900    2.0882    2.0882    1.4459    0.1953    1.3840    0.1945    0.2525
   0    0.8777 -999.9900    1.7736    1.7736    1.8445    0.3065    1.2168    0.0939    0.1749
   0    1.0123 -999.9900    2.0433    2.0433    1.4671    0.1744    1.3611    0.1933    0.2390
   0    0.8726 -999.9900    1.7812    1.7812    1.8119    0.2520    1.2102    0.1029    0.1667
    
2023062300
   0    0.9924 -999.9900    1.9025    1.9025    1.3530    0.1443    1.3062    0.1948    0.2304
   0    0.8380 -999.9900    1.6420    1.6420    1.6847    0.2007    1.1275    0.1016    0.1553
   0    0.9909 -999.9900    1.8962    1.8962    1.3545    0.1438    1.3038    0.1931    0.2281
   0    0.8342 -999.9900    1.6420    1.6420    1.6515    0.1733    1.1279    0.1044    0.1549
    
2023062400
   0    0.9314 -999.9900    1.7830    1.7830    1.3049    0.2861    1.2218    0.1622    0.2514
   0    0.8536 -999.9900    1.7001    1.7001    1.5797    0.2143    1.1571    0.0966    0.1699
   0    1.0467 -999.9900    2.0296    2.0296    1.3037    0.2206    1.3774    0.1887    0.2491
   0    0.8827 -999.9900    1.7657    1.7657    1.6642    0.1891    1.2049    0.1015    0.1614
    
2023062500
   0    0.8140 -999.9900    1.5021    1.5021    1.2489    0.1128    1.0861    0.1941    0.2130
   0    0.7526 -999.9900    1.4401    1.4401    1.4795    0.0392    1.0215    0.1279    0.1440
   0    0.8993 -999.9900    1.6949    1.6949    1.2477    0.1464    1.1988    0.1881    0.2258
   0    0.7687 -999.9900    1.4805    1.4805    1.5487    0.0739    1.0535    0.1254    0.1372
    
2023062600
   0    1.0355 -999.9900    2.0148    2.0148    1.4432    0.3352    1.3671    0.1739    0.2472
   0    0.8815 -999.9900    1.7572    1.7572    1.7029    0.2957    1.2022    0.1156    0.1577
   0    1.0275 -999.9900    1.9993    1.9993    1.4714    0.2981    1.3522    0.1741    0.2370
   0    0.8888 -999.9900    1.7708    1.7708    1.7065    0.2815    1.2092    0.1202    0.1579
    
2023062700
   0    0.9063 -999.9900    1.7161    1.7161    1.3361    0.4510    1.1979    0.1566    0.2485
   0    0.8123 -999.9900    1.5805    1.5805    1.5163    0.2899    1.1189    0.1197    0.1529
   0    1.0246 -999.9900    1.9754    1.9754    1.3464    0.3939    1.3609    0.1839    0.2630
   0    0.8629 -999.9900    1.7091    1.7091    1.5856    0.2886    1.1917    0.1288    0.1590
    
2023062800
   0    0.9103 -999.9900    1.7322    1.7322    1.3367    0.4913    1.1998    0.1438    0.2689
   0    0.8209 -999.9900    1.6214    1.6214    1.5251    0.3982    1.1145    0.1013    0.1772
   0    1.0255 -999.9900    1.9595    1.9595    1.3458    0.3928    1.3563    0.1694    0.2809
   0    0.8571 -999.9900    1.6874    1.6874    1.6310    0.3586    1.1702    0.1091    0.1768
    
2023062900
   0    0.8742 -999.9900    1.6820    1.6820    1.3972    0.3742    1.1857    0.1340    0.2471
   0    0.7691 -999.9900    1.5277    1.5277    1.5723    0.2245    1.0576    0.0999    0.1393
   0    1.0050 -999.9900    1.9399    1.9399    1.3915    0.3129    1.3446    0.1501    0.2674
   0    0.8204 -999.9900    1.6334    1.6334    1.6574    0.2197    1.1446    0.1048    0.1500
    
2023063000
   0    0.9576 -999.9900    2.0543    2.0543    1.3681    0.4245    1.2615    0.1419    0.2530
   0    0.9000 -999.9900    1.9840    1.9840    1.5648    0.3527    1.2199    0.1023    0.1486
   0    1.0434 -999.9900    2.1419    2.1419    1.3457    0.3787    1.3752    0.1462    0.2655
   0    0.9161 -999.9900    1.9741    1.9741    1.6375    0.3401    1.2425    0.0954    0.1599
    
