v6.1 gefs
v6.1 naefs
v7.0 gefs
v7.0 naefs
    
2023040100
   0    1.4831 -999.9900    2.7151    2.7151    2.6384    0.0484    2.0851    0.1221    0.1038
   0    1.5236 -999.9900    2.8168    2.8168    2.5812   -0.4592    2.1273    0.1576    0.0739
   0    1.4918 -999.9900    2.7483    2.7483    2.6411    0.0464    2.1011    0.1247    0.0903
   0    1.5130 -999.9900    2.8058    2.8058    2.6059   -0.3588    2.1117    0.1477    0.0694
    
2023040200
   0    1.5771 -999.9900    2.8735    2.8735    2.5209   -0.3486    2.2251    0.1788    0.0984
   0    1.6944 -999.9900    3.0482    3.0482    2.4775   -0.6569    2.3709    0.2242    0.0830
   0    1.5776 -999.9900    2.8860    2.8860    2.5203   -0.3836    2.2217    0.1801    0.0927
   0    1.6656 -999.9900    3.0153    3.0153    2.4935   -0.6162    2.3363    0.2131    0.0810
    
2023040300
   0    1.4263 -999.9900    2.5476    2.5476    2.5167    0.1878    2.0202    0.1135    0.1392
   0    1.4463 -999.9900    2.6150    2.6150    2.5615   -0.0325    2.0527    0.1300    0.0989
   0    1.4121 -999.9900    2.5410    2.5410    2.4979    0.1220    2.0044    0.1086    0.1258
   0    1.4321 -999.9900    2.5953    2.5953    2.5441   -0.0279    2.0330    0.1230    0.0989
    
2023040400
   0    1.7364 -999.9900    3.1652    3.1652    2.6330   -0.2793    2.3921    0.1834    0.1029
   0    1.8302 -999.9900    3.3282    3.3282    2.6010   -0.3598    2.4948    0.1956    0.0895
   0    1.7200 -999.9900    3.1478    3.1478    2.5691   -0.3344    2.3628    0.1878    0.1024
   0    1.7984 -999.9900    3.2828    3.2828    2.5741   -0.3768    2.4569    0.1944    0.0906
    
2023040500
   0    1.6513 -999.9900    2.9566    2.9566    2.6282   -0.2421    2.3350    0.1795    0.1043
   0    1.6336 -999.9900    2.9476    2.9476    2.6235   -0.4183    2.3286    0.1851    0.0822
   0    1.6621 -999.9900    2.9846    2.9846    2.6370   -0.2430    2.3503    0.1822    0.0981
   0    1.6322 -999.9900    2.9496    2.9496    2.6487   -0.3836    2.3255    0.1803    0.0812
    
2023040600
   0    1.5690 -999.9900    2.8679    2.8679    2.4275   -0.3832    2.1809    0.1870    0.0875
   0    1.5599 -999.9900    2.8673    2.8673    2.4789   -0.5313    2.1640    0.2022    0.0597
   0    1.5754 -999.9900    2.8833    2.8833    2.5054   -0.3487    2.2068    0.1845    0.0785
   0    1.5553 -999.9900    2.8610    2.8610    2.5325   -0.4810    2.1660    0.1921    0.0574
    
2023040700
   0    1.4119 -999.9900    2.5532    2.5532    2.5362    0.0848    1.9486    0.1213    0.0991
   0    1.4076 -999.9900    2.5519    2.5519    2.5659   -0.0559    1.9467    0.1264    0.0747
   0    1.4328 -999.9900    2.5894    2.5894    2.5754    0.1843    1.9987    0.1141    0.1001
   0    1.4133 -999.9900    2.5610    2.5610    2.5961    0.0319    1.9673    0.1174    0.0785
    
2023040800
   0    1.3677 -999.9900    2.4462    2.4462    2.6085    0.3640    1.9229    0.0942    0.1067
   0    1.4083 -999.9900    2.5261    2.5261    2.6105    0.1650    1.9966    0.1117    0.0930
   0    1.3369 -999.9900    2.4002    2.4002    2.5368    0.3373    1.8892    0.0933    0.1059
   0    1.3737 -999.9900    2.4680    2.4680    2.5832    0.1888    1.9465    0.1050    0.0941
    
2023040900
   0    1.4325 -999.9900    2.5815    2.5815    2.6335    0.9426    2.0435    0.0624    0.1492
   0    1.3622 -999.9900    2.4675    2.4675    2.6438    0.6007    1.9403    0.0735    0.0970
   0    1.3534 -999.9900    2.4375    2.4375    2.5830    0.8269    1.9190    0.0613    0.1330
   0    1.3210 -999.9900    2.3913    2.3913    2.6221    0.5997    1.8770    0.0666    0.0955
    
2023041000
   0    1.5613 -999.9900    2.9069    2.9069    2.6280    0.4178    2.1584    0.1023    0.1215
   0    1.5235 -999.9900    2.8836    2.8836    2.5657    0.1215    2.0716    0.1149    0.0922
   0    1.5405 -999.9900    2.9092    2.9092    2.5973    0.3829    2.1402    0.1007    0.1199
   0    1.5154 -999.9900    2.8873    2.8873    2.5627    0.1598    2.0742    0.1119    0.0935
    
2023041100
   0    1.4267 -999.9900    2.5774    2.5774    2.4140    0.2998    1.9969    0.1187    0.1374
   0    1.4108 -999.9900    2.5530    2.5530    2.4441    0.1241    1.9807    0.1302    0.1053
   0    1.4049 -999.9900    2.5322    2.5322    2.4088    0.3154    1.9784    0.1147    0.1389
   0    1.3968 -999.9900    2.5234    2.5234    2.4426    0.1686    1.9669    0.1234    0.1098
    
2023041200
   0    1.4810 -999.9900    2.6851    2.6851    2.5459   -0.0366    2.0682    0.1316    0.1180
   0    1.4911 -999.9900    2.7248    2.7248    2.4726   -0.3970    2.0798    0.1635    0.0766
   0    1.4666 -999.9900    2.6723    2.6723    2.5278   -0.1288    2.0583    0.1307    0.1106
   0    1.4755 -999.9900    2.7025    2.7025    2.4845   -0.3802    2.0666    0.1536    0.0780
    
2023041300
   0    1.4220 -999.9900    2.5674    2.5674    2.4580   -0.0962    2.0080    0.1487    0.1006
   0    1.4587 -999.9900    2.6323    2.6323    2.4611   -0.3074    2.0473    0.1683    0.0808
   0    1.3774 -999.9900    2.5041    2.5041    2.4256   -0.0724    1.9459    0.1382    0.0983
   0    1.4124 -999.9900    2.5656    2.5656    2.4595   -0.2509    1.9910    0.1535    0.0819
    
2023041400
   0    1.2912 -999.9900    2.3412    2.3412    2.3426    0.1449    1.8324    0.1005    0.1206
   0    1.3356 -999.9900    2.4294    2.4294    2.4531    0.0007    1.9105    0.1138    0.0937
   0    1.2976 -999.9900    2.3517    2.3517    2.3708    0.1569    1.8422    0.0944    0.1148
   0    1.3304 -999.9900    2.4198    2.4198    2.4454    0.0368    1.9021    0.1091    0.0948
    
2023041500
   0    1.2311 -999.9900    2.2575    2.2575    2.4114    0.4212    1.7127    0.0646    0.1322
   0    1.2394 -999.9900    2.2907    2.2907    2.4427    0.3058    1.7372    0.0731    0.1010
   0    1.2201 -999.9900    2.2431    2.2431    2.3915    0.4546    1.7088    0.0602    0.1274
   0    1.2269 -999.9900    2.2680    2.2680    2.4319    0.3489    1.7259    0.0670    0.1035
    
2023041600
   0    1.3290 -999.9900    2.3726    2.3726    2.4645    0.8602    1.8782    0.0595    0.1543
   0    1.2634 -999.9900    2.2672    2.2672    2.4690    0.5712    1.7687    0.0693    0.1075
   0    1.3040 -999.9900    2.3572    2.3572    2.4250    0.7974    1.8452    0.0612    0.1442
   0    1.2557 -999.9900    2.2623    2.2623    2.4607    0.5914    1.7627    0.0666    0.1074
    
2023041700
   0    1.4473 -999.9900    2.5883    2.5883    2.3411   -0.3954    2.0249    0.1817    0.0854
   0    1.4072 -999.9900    2.5187    2.5187    2.3986   -0.5345    1.9574    0.1730    0.0624
   0    1.4359 -999.9900    2.5795    2.5795    2.3028   -0.3910    2.0136    0.1748    0.0820
   0    1.4011 -999.9900    2.5180    2.5180    2.3750   -0.5040    1.9555    0.1680    0.0642
    
2023041800
   0    1.2985 -999.9900    2.3612    2.3612    2.3817   -0.5887    1.8036    0.1489    0.0681
   0    1.3583 -999.9900    2.4727    2.4727    2.4355   -0.7560    1.8904    0.1590    0.0526
   0    1.2742 -999.9900    2.3190    2.3190    2.4159   -0.5561    1.7778    0.1352    0.0609
   0    1.3214 -999.9900    2.4070    2.4070    2.4642   -0.7031    1.8451    0.1437    0.0493
    
2023041900
   0    1.3094 -999.9900    2.4087    2.4087    2.3626   -0.1252    1.8213    0.1255    0.0971
   0    1.3936 -999.9900    2.5871    2.5871    2.4543   -0.3572    1.9568    0.1398    0.0785
   0    1.2927 -999.9900    2.3826    2.3826    2.3498   -0.1100    1.8066    0.1227    0.0993
   0    1.3599 -999.9900    2.5268    2.5268    2.4399   -0.3017    1.9157    0.1323    0.0830
    
2023042000
   1 -999.9900 -999.9900 -999.9900 -999.9900 -999.9900 -999.9900 -999.9900 -999.9900 -999.9900
   0    1.3728 -999.9900    2.5143    2.5143    2.4817   -0.3369    1.9597    0.1259    0.0858
   1 -999.9900 -999.9900 -999.9900 -999.9900 -999.9900 -999.9900 -999.9900 -999.9900 -999.9900
   0    1.6713 -999.9900    2.9100    2.9100    2.2205   -0.7031    2.2724    0.2768    0.0979
    
2023042100
   0    1.3589 -999.9900    2.5219    2.5219    2.5299    0.1621    1.8936    0.0853    0.1074
   0    1.4265 -999.9900    2.6429    2.6429    2.5814   -0.0997    2.0036    0.1153    0.0852
   0    1.3290 -999.9900    2.4720    2.4720    2.4790    0.0093    1.8592    0.0939    0.0969
   0    1.3916 -999.9900    2.5823    2.5823    2.5500   -0.1390    1.9546    0.1144    0.0808
    
2023042200
   0    1.3721 -999.9900    2.5015    2.5015    2.3807    0.6231    1.9601    0.0847    0.1552
   0    1.3615 -999.9900    2.4949    2.4949    2.4131    0.3011    1.9378    0.1068    0.1105
   0    1.3870 -999.9900    2.5401    2.5401    2.4528    0.6822    1.9856    0.0767    0.1510
   0    1.3625 -999.9900    2.5024    2.5024    2.4669    0.4010    1.9432    0.0928    0.1139
    
2023042300
   0    1.2539 -999.9900    2.2687    2.2687    2.4350    0.6612    1.7855    0.0592    0.1286
   0    1.1947 -999.9900    2.1461    2.1461    2.3959    0.3953    1.6896    0.0740    0.0969
   0    1.2057 -999.9900    2.1639    2.1639    2.4885    0.6334    1.7133    0.0519    0.1091
   0    1.1757 -999.9900    2.1052    2.1052    2.4368    0.4318    1.6618    0.0642    0.0907
    
2023042400
   0    1.3517 -999.9900    2.4383    2.4383    2.4376    0.8685    1.9429    0.0683    0.1572
   0    1.2819 -999.9900    2.3177    2.3177    2.4238    0.5537    1.8324    0.0784    0.1101
   0    1.3570 -999.9900    2.4375    2.4375    2.4824    0.9585    1.9570    0.0601    0.1499
   0    1.2887 -999.9900    2.3216    2.3216    2.4728    0.6706    1.8494    0.0675    0.1101
    
2023042500
   0    1.4116 -999.9900    2.5595    2.5595    2.4473    0.8293    2.0277    0.0672    0.1900
   0    1.3715 -999.9900    2.4880    2.4880    2.4663    0.5778    1.9709    0.0821    0.1373
   0    1.3956 -999.9900    2.5373    2.5373    2.4426    0.8400    2.0089    0.0622    0.1853
   0    1.3658 -999.9900    2.4797    2.4797    2.4691    0.6345    1.9640    0.0749    0.1445
    
2023042600
   0    1.2815 -999.9900    2.2807    2.2807    2.3747    0.8054    1.8316    0.0433    0.1783
   0    1.2650 -999.9900    2.2616    2.2616    2.4017    0.5649    1.8169    0.0570    0.1378
   0    1.2483 -999.9900    2.2108    2.2108    2.3720    0.7314    1.7790    0.0418    0.1701
   0    1.2410 -999.9900    2.2088    2.2088    2.4084    0.5686    1.7777    0.0478    0.1377
    
2023042700
   0    1.4704 -999.9900    2.6170    2.6170    2.4297    1.3451    2.1069    0.0562    0.2338
   0    1.3510 -999.9900    2.4150    2.4150    2.4337    0.9637    1.9237    0.0632    0.1671
   0    1.4277 -999.9900    2.5508    2.5508    2.4845    1.3470    2.0708    0.0478    0.2091
   0    1.3469 -999.9900    2.4115    2.4115    2.4685    1.0411    1.9290    0.0554    0.1663
    
2023042800
   0    1.3736 -999.9900    2.5025    2.5025    2.4994    0.9992    1.9453    0.0486    0.1760
   0    1.3437 -999.9900    2.4773    2.4773    2.4785    0.6706    1.8969    0.0649    0.1377
   0    1.3594 -999.9900    2.4771    2.4771    2.5184    0.9808    1.9273    0.0464    0.1667
   0    1.3361 -999.9900    2.4583    2.4583    2.5028    0.7253    1.8869    0.0578    0.1393
    
2023042900
   0    1.4462 -999.9900    2.5448    2.5448    2.4875    1.0763    2.0882    0.0515    0.2171
   0    1.3547 -999.9900    2.4358    2.4358    2.4507    0.7527    1.9596    0.0620    0.1599
   0    1.4623 -999.9900    2.5872    2.5872    2.5142    1.0933    2.1196    0.0496    0.2088
   0    1.3755 -999.9900    2.4695    2.4695    2.4896    0.8276    1.9928    0.0565    0.1626
    
2023043000
   0    1.4340 -999.9900    2.6347    2.6347    2.5246    0.2309    1.9945    0.1131    0.1065
   0    1.3389 -999.9900    2.4873    2.4873    2.4744   -0.0771    1.8380    0.1166    0.0656
   0    1.3897 -999.9900    2.5620    2.5620    2.4892    0.1693    1.9343    0.1073    0.0971
   0    1.3274 -999.9900    2.4677    2.4677    2.4680   -0.0525    1.8296    0.1126    0.0663
    
2023050100
   0    1.6081 -999.9900    2.9534    2.9534    2.3586   -0.7786    2.2262    0.2230    0.0710
   0    1.6472 -999.9900    3.0198    3.0198    2.3066   -1.1075    2.2791    0.2585    0.0514
   0    1.6216 -999.9900    3.0017    3.0017    2.3976   -0.8119    2.2599    0.2287    0.0698
   0    1.6424 -999.9900    3.0295    3.0295    2.3484   -1.0617    2.2791    0.2512    0.0535
    
2023050200
   0    1.6416 -999.9900    2.8789    2.8789    2.3474   -0.9607    2.2482    0.2523    0.0866
   0    1.6635 -999.9900    2.9210    2.9210    2.3812   -1.0580    2.2660    0.2619    0.0712
   0    1.6221 -999.9900    2.8539    2.8539    2.3448   -0.8536    2.2272    0.2383    0.0892
   0    1.6411 -999.9900    2.8889    2.8889    2.3838   -0.9743    2.2402    0.2495    0.0736
    
2023050300
   0    1.2764 -999.9900    2.3054    2.3054    2.2582    0.1522    1.7787    0.1163    0.1217
   0    1.2846 -999.9900    2.3262    2.3262    2.2831    0.0033    1.7895    0.1327    0.0953
   0    1.2664 -999.9900    2.2793    2.2793    2.3834    0.3385    1.7691    0.0930    0.1189
   0    1.2650 -999.9900    2.2878    2.2878    2.3709    0.1449    1.7679    0.1097    0.0954
    
2023050400
   0    1.3664 -999.9900    2.4923    2.4923    2.2081    0.4114    1.9248    0.1001    0.1600
   0    1.3310 -999.9900    2.4403    2.4403    2.3112    0.3108    1.8982    0.1010    0.1238
   0    1.3453 -999.9900    2.4594    2.4594    2.2860    0.5051    1.9088    0.0862    0.1542
   0    1.3154 -999.9900    2.4096    2.4096    2.3575    0.3872    1.8789    0.0884    0.1249
    
2023050500
   0    1.2297 -999.9900    2.2288    2.2288    2.2684    0.4238    1.7423    0.0746    0.1612
   1 -999.9900 -999.9900 -999.9900 -999.9900 -999.9900 -999.9900 -999.9900 -999.9900 -999.9900
   0    1.2722 -999.9900    2.2978    2.2978    2.3753    0.5852    1.8156    0.0588    0.1645
   1 -999.9900 -999.9900 -999.9900 -999.9900 -999.9900 -999.9900 -999.9900 -999.9900 -999.9900
    
2023050600
   0    1.2095 -999.9900    2.1615    2.1615    2.2584    0.1260    1.7065    0.1009    0.1214
   0    1.2194 -999.9900    2.1959    2.1959    2.3345    0.0642    1.7318    0.0943    0.1014
   0    1.2134 -999.9900    2.1762    2.1762    2.2882    0.1736    1.7190    0.0893    0.1206
   0    1.2135 -999.9900    2.1893    2.1893    2.3445    0.1051    1.7246    0.0861    0.1022
    
2023050700
   0    1.2057 -999.9900    2.2019    2.2019    2.2560    0.2138    1.6924    0.0839    0.1276
   0    1.2106 -999.9900    2.2082    2.2082    2.2650    0.0024    1.7134    0.1000    0.0984
   0    1.1895 -999.9900    2.1700    2.1700    2.3035    0.2435    1.6757    0.0754    0.1202
   0    1.1927 -999.9900    2.1776    2.1776    2.3014    0.0625    1.6928    0.0853    0.0987
    
2023050800
   0    1.1360 -999.9900    2.0518    2.0518    2.3107    0.3206    1.5802    0.0706    0.1134
   0    1.1176 -999.9900    2.0186    2.0186    2.3404    0.0846    1.5652    0.0794    0.0819
   0    1.1495 -999.9900    2.0914    2.0914    2.3264    0.2786    1.6122    0.0749    0.0997
   0    1.1210 -999.9900    2.0298    2.0298    2.3610    0.1066    1.5702    0.0762    0.0785
    
2023050900
   0    1.2132 -999.9900    2.1871    2.1871    2.2660    0.6619    1.7208    0.0575    0.1635
   0    1.2467 -999.9900    2.2791    2.2791    2.2916    0.5922    1.7681    0.0647    0.1521
   0    1.2371 -999.9900    2.2344    2.2344    2.3043    0.7487    1.7556    0.0499    0.1670
   0    1.2465 -999.9900    2.2746    2.2746    2.3230    0.6583    1.7690    0.0546    0.1544
    
2023051000
   0    1.2235 -999.9900    2.1820    2.1820    2.3425    0.9010    1.7414    0.0398    0.1690
   0    1.2172 -999.9900    2.1716    2.1716    2.3521    0.6743    1.7465    0.0500    0.1392
   0    1.2195 -999.9900    2.1758    2.1758    2.3367    0.9187    1.7444    0.0352    0.1665
   0    1.2096 -999.9900    2.1564    2.1564    2.3593    0.7303    1.7366    0.0429    0.1395
    
2023051100
   0    1.2068 -999.9900    2.1779    2.1779    2.2380    0.5395    1.7231    0.0661    0.1520
   0    1.2311 -999.9900    2.2562    2.2562    2.2859    0.4020    1.7528    0.0756    0.1254
   0    1.2047 -999.9900    2.1856    2.1856    2.2561    0.5626    1.7143    0.0596    0.1482
   0    1.2212 -999.9900    2.2377    2.2377    2.2942    0.4433    1.7362    0.0680    0.1250
    
2023051200
   1 -999.9900 -999.9900 -999.9900 -999.9900 -999.9900 -999.9900 -999.9900 -999.9900 -999.9900
   1 -999.9900 -999.9900 -999.9900 -999.9900 -999.9900 -999.9900 -999.9900 -999.9900 -999.9900
   1 -999.9900 -999.9900 -999.9900 -999.9900 -999.9900 -999.9900 -999.9900 -999.9900 -999.9900
   1 -999.9900 -999.9900 -999.9900 -999.9900 -999.9900 -999.9900 -999.9900 -999.9900 -999.9900
    
2023051300
   0    1.2541 -999.9900    2.2618    2.2618    2.2826    0.2344    1.7770    0.0838    0.1354
   0    1.1819 -999.9900    2.1413    2.1413    2.2569   -0.1090    1.6636    0.1015    0.0882
   0    1.2381 -999.9900    2.2333    2.2333    2.2424    0.1735    1.7579    0.0869    0.1297
   0    1.1809 -999.9900    2.1387    2.1387    2.2474   -0.0769    1.6632    0.0967    0.0922
    
2023051400
   0    1.2382 -999.9900    2.1810    2.1810    2.2900    0.2564    1.7089    0.0892    0.1427
   0    1.2225 -999.9900    2.1795    2.1795    2.2496    0.0125    1.6940    0.1144    0.1062
   0    1.2022 -999.9900    2.1221    2.1221    2.2867    0.2216    1.6624    0.0835    0.1310
   0    1.1958 -999.9900    2.1310    2.1310    2.2691    0.0404    1.6597    0.1016    0.1037
    
2023051500
   0    1.3283 -999.9900    2.3976    2.3976    2.2574    0.8070    1.8585    0.0591    0.2135
   0    1.3057 -999.9900    2.3590    2.3590    2.2595    0.4599    1.8297    0.0738    0.1769
   0    1.3103 -999.9900    2.3526    2.3526    2.2470    0.7453    1.8307    0.0607    0.2080
   0    1.2921 -999.9900    2.3279    2.3279    2.2650    0.4922    1.8070    0.0674    0.1781
    
2023051600
   0    1.2135 -999.9900    2.1498    2.1498    2.2605    0.9827    1.7121    0.0378    0.1870
   0    1.2023 -999.9900    2.1587    2.1587    2.2570    0.7832    1.6868    0.0505    0.1666
   0    1.1836 -999.9900    2.1040    2.1040    2.2648    0.9434    1.6711    0.0366    0.1727
   0    1.1782 -999.9900    2.1151    2.1151    2.2741    0.7996    1.6542    0.0438    0.1582
    
2023051700
   0    1.4606 -999.9900    2.6081    2.6081    2.2847    0.9766    2.0666    0.0753    0.2321
   0    1.3380 -999.9900    2.3993    2.3993    2.2809    0.5687    1.9121    0.0962    0.1641
   0    1.4412 -999.9900    2.5678    2.5678    2.2574    0.9284    2.0404    0.0774    0.2247
   0    1.3433 -999.9900    2.4058    2.4058    2.2773    0.6213    1.9169    0.0903    0.1711
    
2023051800
   0    1.2812 -999.9900    2.2950    2.2950    2.2359    0.6759    1.8048    0.0701    0.1851
   0    1.2715 -999.9900    2.3058    2.3058    2.2572    0.5036    1.7977    0.0790    0.1571
   0    1.2589 -999.9900    2.2642    2.2642    2.2956    0.6989    1.7781    0.0550    0.1778
   0    1.2532 -999.9900    2.2742    2.2742    2.2993    0.5518    1.7723    0.0651    0.1557
    
2023051900
   0    1.3180 -999.9900    2.3625    2.3625    2.3031    0.7313    1.8920    0.0734    0.1687
   0    1.2766 -999.9900    2.2865    2.2865    2.2971    0.5666    1.8298    0.0794    0.1457
   0    1.3033 -999.9900    2.3436    2.3436    2.2941    0.7033    1.8668    0.0727    0.1620
   0    1.2697 -999.9900    2.2804    2.2804    2.3030    0.5828    1.8202    0.0738    0.1448
    
2023052000
   0    1.2265 -999.9900    2.1815    2.1815    2.1330    0.5366    1.7366    0.0854    0.1672
   0    1.1763 -999.9900    2.1012    2.1012    2.2456    0.4608    1.6654    0.0713    0.1318
   0    1.2265 -999.9900    2.1898    2.1898    2.1543    0.5227    1.7431    0.0805    0.1592
   0    1.1784 -999.9900    2.1061    2.1061    2.2512    0.4676    1.6726    0.0679    0.1305
    
2023052100
   0    1.1803 -999.9900    2.0841    2.0841    2.1653    0.3797    1.6731    0.0782    0.1562
   0    1.1480 -999.9900    2.0160    2.0160    2.1851    0.2893    1.6125    0.0801    0.1376
   0    1.1917 -999.9900    2.1098    2.1098    2.1562    0.4658    1.6923    0.0685    0.1648
   0    1.1537 -999.9900    2.0326    2.0326    2.1881    0.3590    1.6271    0.0702    0.1439
    
2023052200
   0    1.2590 -999.9900    2.2339    2.2339    2.0752    0.5304    1.7690    0.0944    0.1875
   0    1.2550 -999.9900    2.2590    2.2590    2.1376    0.3583    1.7689    0.1066    0.1496
   0    1.2584 -999.9900    2.2455    2.2455    2.1375    0.5851    1.7842    0.0799    0.1802
   0    1.2494 -999.9900    2.2516    2.2516    2.1711    0.4255    1.7696    0.0928    0.1492
    
2023052300
   0    1.2198 -999.9900    2.2146    2.2146    2.2287    0.3635    1.7407    0.0809    0.1419
   0    1.2243 -999.9900    2.2275    2.2275    2.1924    0.0468    1.7508    0.1110    0.1089
   0    1.1925 -999.9900    2.1710    2.1710    2.1934    0.2908    1.7053    0.0821    0.1301
   0    1.2007 -999.9900    2.1873    2.1873    2.1908    0.0665    1.7184    0.1023    0.1063
    
2023052400
   0    1.2501 -999.9900    2.2938    2.2938    2.1431   -0.1215    1.7604    0.1342    0.1129
   0    1.2453 -999.9900    2.2817    2.2817    2.1986   -0.2836    1.7706    0.1432    0.0864
   0    1.2428 -999.9900    2.2810    2.2810    2.1429   -0.1307    1.7580    0.1316    0.1100
   0    1.2353 -999.9900    2.2667    2.2667    2.1975   -0.2567    1.7597    0.1357    0.0884
    
2023052500
   0    1.1997 -999.9900    2.1787    2.1787    2.0410    0.0715    1.6880    0.1275    0.1281
   0    1.1997 -999.9900    2.1797    2.1797    2.1342    0.0235    1.6924    0.1256    0.1037
   0    1.1886 -999.9900    2.1567    2.1567    2.0271    0.0839    1.6746    0.1176    0.1333
   0    1.1849 -999.9900    2.1522    2.1522    2.1223    0.0405    1.6715    0.1183    0.1063
    
2023052600
   0    1.2715 -999.9900    2.3474    2.3474    2.0575    0.1058    1.7723    0.1235    0.1479
   0    1.1962 -999.9900    2.2266    2.2266    2.1712   -0.0264    1.6857    0.1041    0.1016
   0    1.2424 -999.9900    2.3009    2.3009    2.1031    0.1241    1.7479    0.1109    0.1361
   0    1.1910 -999.9900    2.2158    2.2158    2.1812    0.0110    1.6842    0.0986    0.1035
    
2023052700
   0    1.4373 -999.9900    2.7109    2.7109    2.0808   -0.0009    1.9731    0.1474    0.1430
   0    1.3825 -999.9900    2.6065    2.6065    2.2103   -0.0154    1.9369    0.1387    0.1123
   0    1.3952 -999.9900    2.6498    2.6498    2.1096    0.0152    1.9349    0.1395    0.1329
   0    1.3651 -999.9900    2.5846    2.5846    2.2074   -0.0028    1.9144    0.1323    0.1099
    
2023052800
   0    1.1546 -999.9900    2.1216    2.1216    2.1228    0.0736    1.6050    0.1076    0.1154
   0    1.1698 -999.9900    2.1417    2.1417    2.2092   -0.0435    1.6307    0.1114    0.0908
   0    1.1564 -999.9900    2.1335    2.1335    2.0870    0.0403    1.6088    0.1123    0.1110
   0    1.1609 -999.9900    2.1341    2.1341    2.1821   -0.0401    1.6195    0.1087    0.0905
    
2023052900
   0    1.2544 -999.9900    2.2515    2.2515    2.1493    0.4317    1.7740    0.1024    0.1617
   0    1.2512 -999.9900    2.2416    2.2416    2.1780    0.3358    1.7775    0.1074    0.1382
   0    1.2162 -999.9900    2.1860    2.1860    2.1488    0.4018    1.7161    0.0989    0.1429
   0    1.2210 -999.9900    2.1923    2.1923    2.1843    0.3370    1.7303    0.0979    0.1308
    
2023053000
   0    1.2797 -999.9900    2.3146    2.3146    2.2385    0.8184    1.8466    0.0725    0.1652
   0    1.3299 -999.9900    2.3969    2.3969    2.2238    0.7771    1.9307    0.0887    0.1668
   0    1.2637 -999.9900    2.2856    2.2856    2.1846    0.7664    1.8266    0.0756    0.1636
   0    1.3038 -999.9900    2.3506    2.3506    2.2093    0.7542    1.8949    0.0841    0.1633
    
2023053100
   0    1.1609 -999.9900    2.0733    2.0733    2.1306    0.3623    1.6364    0.0918    0.1350
   0    1.1985 -999.9900    2.1375    2.1375    2.1380    0.2828    1.6931    0.1106    0.1198
   0    1.1253 -999.9900    2.0239    2.0239    2.0981    0.2876    1.5838    0.0919    0.1219
   0    1.1629 -999.9900    2.0841    2.0841    2.1293    0.2539    1.6402    0.1033    0.1135
    
2023060100
   0    1.1409 -999.9900    2.0977    2.0977    2.1200    0.0510    1.5937    0.0996    0.1086
   0    1.1645 -999.9900    2.1392    2.1392    2.1578   -0.0312    1.6289    0.1134    0.0884
   0    1.1171 -999.9900    2.0524    2.0524    2.1031    0.0449    1.5623    0.0959    0.1012
   0    1.1376 -999.9900    2.0908    2.0908    2.1537   -0.0184    1.5930    0.1034    0.0866
    
2023060200
   0    1.1243 -999.9900    2.0534    2.0534    1.9825    0.2096    1.5846    0.0926    0.1420
   0    1.1252 -999.9900    2.0508    2.0508    2.1326    0.1819    1.5838    0.0888    0.1104
   0    1.1218 -999.9900    2.0391    2.0391    2.0149    0.2894    1.5777    0.0832    0.1424
   0    1.1168 -999.9900    2.0300    2.0300    2.1333    0.2353    1.5689    0.0805    0.1144
    
2023060300
   0    1.2009 -999.9900    2.1980    2.1980    2.0504    0.2251    1.6843    0.1006    0.1442
   0    1.1933 -999.9900    2.1820    2.1820    2.1542    0.1618    1.6741    0.1054    0.1137
   0    1.2067 -999.9900    2.2104    2.2104    2.0620    0.2588    1.6971    0.0978    0.1400
   0    1.1940 -999.9900    2.1862    2.1862    2.1468    0.1947    1.6767    0.1008    0.1156
    
2023060400
   0    1.3197 -999.9900    2.4169    2.4169    2.1681    0.4897    1.8609    0.0950    0.1747
   0    1.2828 -999.9900    2.3472    2.3472    2.1862    0.4241    1.8187    0.0999    0.1456
   0    1.2928 -999.9900    2.3737    2.3737    2.1428    0.4722    1.8267    0.0953    0.1651
   0    1.2704 -999.9900    2.3294    2.3294    2.1737    0.4267    1.8021    0.0969    0.1430
    
2023060500
   0    1.3021 -999.9900    2.4589    2.4589    2.0981    0.0903    1.8233    0.1243    0.1466
   0    1.2875 -999.9900    2.4177    2.4177    2.1591    0.0298    1.8073    0.1219    0.1190
   0    1.2793 -999.9900    2.4126    2.4126    2.1011    0.1229    1.7908    0.1168    0.1449
   0    1.2739 -999.9900    2.3930    2.3930    2.1542    0.0614    1.7871    0.1162    0.1212
    
2023060600
   0    1.2453 -999.9900    2.2644    2.2644    2.1294    0.0862    1.7365    0.1234    0.1309
   0    1.2643 -999.9900    2.3017    2.3017    2.1539    0.0529    1.7546    0.1290    0.1200
   0    1.2460 -999.9900    2.2683    2.2683    2.0854    0.0846    1.7442    0.1260    0.1337
   0    1.2519 -999.9900    2.2833    2.2833    2.1379    0.0586    1.7457    0.1236    0.1222
    
2023060700
   0    1.2487 -999.9900    2.2542    2.2542    2.1053    0.2815    1.7607    0.1131    0.1507
   0    1.2870 -999.9900    2.3269    2.3269    2.1476    0.2202    1.8157    0.1221    0.1315
   0    1.2301 -999.9900    2.2243    2.2243    2.1401    0.2618    1.7352    0.1106    0.1356
   0    1.2598 -999.9900    2.2825    2.2825    2.1730    0.2207    1.7800    0.1139    0.1246
    
2023060800
   0    1.1844 -999.9900    2.1272    2.1272    2.1131    0.6229    1.6911    0.0718    0.1638
   0    1.2066 -999.9900    2.1988    2.1988    2.1641    0.5719    1.7246    0.0733    0.1532
   1 -999.9900 -999.9900 -999.9900 -999.9900 -999.9900 -999.9900 -999.9900 -999.9900 -999.9900
   0    1.1970 -999.9900    2.1761    2.1761    2.1961    0.6154    1.7158    0.0636    0.1516
    
2023060900
   0    1.3014 -999.9900    2.3522    2.3522    2.2765    1.0936    1.8542    0.0469    0.2134
   0    1.2949 -999.9900    2.3474    2.3474    2.1994    0.8981    1.8494    0.0640    0.1980
   0    1.2551 -999.9900    2.2770    2.2770    2.2051    0.9936    1.7937    0.0484    0.2004
   0    1.2669 -999.9900    2.3025    2.3025    2.1732    0.8772    1.8142    0.0598    0.1939
    
2023061000
   0    1.2134 -999.9900    2.1772    2.1772    2.0370    0.6555    1.7099    0.0806    0.1855
   0    1.2236 -999.9900    2.2034    2.2034    2.0550    0.5450    1.7318    0.0880    0.1658
   0    1.2270 -999.9900    2.2049    2.2049    2.0565    0.6880    1.7390    0.0770    0.1855
   0    1.2265 -999.9900    2.2104    2.2104    2.0675    0.5866    1.7397    0.0822    0.1696
    
2023061100
   0    1.1719 -999.9900    2.0966    2.0966    2.1211    0.4840    1.6582    0.0771    0.1697
   0    1.1968 -999.9900    2.1460    2.1460    2.1328    0.4306    1.7155    0.0850    0.1525
   0    1.1565 -999.9900    2.0787    2.0787    2.0988    0.5002    1.6401    0.0739    0.1637
   0    1.1754 -999.9900    2.1113    2.1113    2.1319    0.4510    1.6825    0.0778    0.1507
    
2023061200
   0    1.2000 -999.9900    2.1899    2.1899    2.2320    0.3675    1.6772    0.0807    0.1192
   0    1.2023 -999.9900    2.2025    2.2025    2.1971    0.1583    1.6754    0.1059    0.0963
   0    1.1716 -999.9900    2.1483    2.1483    2.2479    0.3350    1.6385    0.0786    0.1093
   0    1.1798 -999.9900    2.1680    2.1680    2.2211    0.1806    1.6481    0.0970    0.0942
    
2023061300
   0    1.1735 -999.9900    2.1079    2.1079    2.2649    0.7076    1.6709    0.0459    0.1547
   0    1.1652 -999.9900    2.0992    2.0992    2.2253    0.4915    1.6763    0.0670    0.1246
   0    1.1665 -999.9900    2.0891    2.0891    2.2658    0.6834    1.6661    0.0474    0.1493
   0    1.1581 -999.9900    2.0809    2.0809    2.2422    0.5202    1.6651    0.0613    0.1243
    
2023061400
   0    1.2548 -999.9900    2.2797    2.2797    2.1530    0.2583    1.7716    0.1058    0.1423
   0    1.2515 -999.9900    2.2655    2.2655    2.2665    0.1580    1.7620    0.1029    0.1141
   0    1.2323 -999.9900    2.2439    2.2439    2.2105    0.3165    1.7351    0.0921    0.1364
   0    1.2302 -999.9900    2.2293    2.2293    2.2942    0.2130    1.7296    0.0898    0.1133
    
2023061500
   0    1.2371 -999.9900    2.2453    2.2453    2.1195   -0.0952    1.7403    0.1304    0.1202
   0    1.2959 -999.9900    2.3284    2.3284    2.1406   -0.2854    1.8338    0.1574    0.1049
   0    1.2359 -999.9900    2.2524    2.2524    2.1801   -0.0877    1.7412    0.1243    0.1096
   0    1.2760 -999.9900    2.3070    2.3070    2.1821   -0.2428    1.8091    0.1431    0.1009
    
2023061600
   0    1.2250 -999.9900    2.2323    2.2323    2.1566    0.1089    1.7022    0.1102    0.1267
   0    1.2481 -999.9900    2.2903    2.2903    2.1566   -0.0835    1.7454    0.1296    0.1039
   0    1.2194 -999.9900    2.2391    2.2391    2.1302    0.0741    1.6901    0.1117    0.1248
   0    1.2313 -999.9900    2.2673    2.2673    2.1577   -0.0660    1.7162    0.1221    0.1060
    
2023061700
   0    1.2600 -999.9900    2.2566    2.2566    2.0308    0.2748    1.7642    0.1173    0.1571
   0    1.2629 -999.9900    2.2751    2.2751    2.1571    0.1607    1.7607    0.1150    0.1261
   0    1.2407 -999.9900    2.2307    2.2307    2.0781    0.3322    1.7466    0.1039    0.1560
   0    1.2463 -999.9900    2.2507    2.2507    2.1644    0.2179    1.7464    0.1054    0.1302
    
2023061800
   0    1.2771 -999.9900    2.2702    2.2702    2.1296    0.6617    1.8106    0.0812    0.1887
   0    1.2836 -999.9900    2.2829    2.2829    2.1317    0.3723    1.8223    0.1069    0.1533
   0    1.2438 -999.9900    2.2242    2.2242    2.1638    0.6338    1.7682    0.0745    0.1689
   0    1.2574 -999.9900    2.2441    2.2441    2.1610    0.4135    1.7877    0.0945    0.1471
    
2023061900
   0    1.3159 -999.9900    2.3423    2.3423    2.2108    0.5213    1.8471    0.0927    0.1828
   0    1.3696 -999.9900    2.4589    2.4589    2.2064    0.2963    1.9253    0.1244    0.1573
   0    1.2950 -999.9900    2.3247    2.3247    2.1955    0.4594    1.8266    0.0906    0.1712
   0    1.3386 -999.9900    2.4144    2.4144    2.2111    0.3042    1.8910    0.1124    0.1542
    
2023062000
   0    1.3507 -999.9900    2.4306    2.4306    2.1272    0.1306    1.8853    0.1318    0.1520
   0    1.4161 -999.9900    2.5557    2.5557    2.1902   -0.1691    1.9598    0.1618    0.1231
   0    1.3433 -999.9900    2.4257    2.4257    2.0850    0.0623    1.8763    0.1355    0.1524
   0    1.3915 -999.9900    2.5186    2.5186    2.1649   -0.1501    1.9344    0.1555    0.1261
    
2023062100
   0    1.1907 -999.9900    2.1677    2.1677    2.2075    0.3044    1.6661    0.0797    0.1232
   0    1.2023 -999.9900    2.1889    2.1889    2.2328    0.0543    1.6989    0.1038    0.0926
   0    1.1832 -999.9900    2.1546    2.1546    2.1843    0.2859    1.6644    0.0772    0.1234
   0    1.1890 -999.9900    2.1670    2.1670    2.2240    0.0932    1.6837    0.0937    0.0962
    
2023062200
   0    1.1458 -999.9900    2.0928    2.0928    2.2086    0.4077    1.6030    0.0756    0.1189
   0    1.1508 -999.9900    2.0890    2.0890    2.1850    0.0335    1.6129    0.1026    0.0873
   0    1.1507 -999.9900    2.0971    2.0971    2.2273    0.4043    1.6188    0.0728    0.1141
   0    1.1441 -999.9900    2.0766    2.0766    2.2161    0.1063    1.6061    0.0936    0.0890
    
2023062300
   0    1.2147 -999.9900    2.1868    2.1868    2.3275    0.7126    1.7363    0.0576    0.1492
   0    1.2209 -999.9900    2.1945    2.1945    2.2858    0.3658    1.7342    0.0946    0.1169
   0    1.1856 -999.9900    2.1248    2.1248    2.2992    0.6110    1.6910    0.0613    0.1392
   0    1.1978 -999.9900    2.1502    2.1502    2.2831    0.3743    1.7030    0.0876    0.1149
    
2023062400
   0    1.1528 -999.9900    2.0723    2.0723    2.0620    0.4478    1.6391    0.0850    0.1543
   0    1.2312 -999.9900    2.2364    2.2364    2.1006    0.2735    1.7463    0.1098    0.1353
   0    1.1682 -999.9900    2.0986    2.0986    2.1093    0.5385    1.6702    0.0773    0.1531
   0    1.2178 -999.9900    2.2067    2.2067    2.1340    0.3627    1.7366    0.0983    0.1376
    
2023062500
   0    1.1940 -999.9900    2.1480    2.1480    2.0884    0.3860    1.6636    0.1015    0.1424
   0    1.1990 -999.9900    2.1596    2.1596    2.0976    0.1292    1.6797    0.1222    0.1100
   0    1.1953 -999.9900    2.1586    2.1586    2.0942    0.3540    1.6688    0.0999    0.1354
   0    1.1926 -999.9900    2.1537    2.1537    2.1096    0.1614    1.6721    0.1151    0.1090
    
2023062600
   0    1.2765 -999.9900    2.2506    2.2506    2.2538    0.2351    1.7769    0.1292    0.1243
   0    1.2649 -999.9900    2.2512    2.2512    2.1859   -0.0292    1.7692    0.1446    0.1032
   0    1.2262 -999.9900    2.1730    2.1730    2.2051    0.2565    1.7194    0.1200    0.1260
   0    1.2292 -999.9900    2.1934    2.1934    2.1824    0.0365    1.7301    0.1329    0.1071
    
2023062700
   0    1.2331 -999.9900    2.1955    2.1955    2.1169   -0.1150    1.7290    0.1625    0.0957
   0    1.3030 -999.9900    2.3289    2.3289    2.1107   -0.3551    1.8237    0.1877    0.0793
   0    1.2122 -999.9900    2.1632    2.1632    2.0856   -0.1487    1.6964    0.1617    0.0906
   0    1.2702 -999.9900    2.2739    2.2739    2.1051   -0.3273    1.7772    0.1784    0.0778
    
2023062800
   0    1.1715 -999.9900    2.1156    2.1156    2.0478    0.1144    1.6443    0.1089    0.1363
   0    1.2351 -999.9900    2.2421    2.2421    2.0509   -0.0911    1.7457    0.1349    0.1178
   0    1.1697 -999.9900    2.1164    2.1164    2.0709    0.0893    1.6515    0.1091    0.1257
   0    1.2164 -999.9900    2.2102    2.2102    2.0723   -0.0650    1.7236    0.1285    0.1133
    
2023062900
   0    1.1402 -999.9900    2.0367    2.0367    2.1211    0.6803    1.6065    0.0656    0.1652
   0    1.1445 -999.9900    2.0555    2.0555    2.1014    0.4161    1.6163    0.0853    0.1366
   0    1.1300 -999.9900    2.0248    2.0248    2.1504    0.7150    1.5972    0.0548    0.1584
   0    1.1318 -999.9900    2.0353    2.0353    2.1322    0.4898    1.5996    0.0724    0.1349
    
2023063000
   0    1.1446 -999.9900    2.0365    2.0365    2.1432    0.8937    1.6310    0.0452    0.1857
   0    1.1446 -999.9900    2.0365    2.0365    2.1432    0.8937    1.6310    0.0452    0.1857
   0    1.1480 -999.9900    2.0384    2.0384    2.1817    0.9477    1.6427    0.0403    0.1714
   0    1.0986 -999.9900    1.9485    1.9485    2.1688    0.7095    1.5618    0.0516    0.1369
    
