v6.1 gefs
v6.1 naefs
v7.0 gefs
v7.0 naefs
    
2023040100
   0    0.8762 -999.9900    1.4608    1.4608    0.8396   -0.0419    1.0955    0.2702    0.2982
   0    0.8153 -999.9900    1.4887    1.4887    1.1526    0.0181    1.0954    0.1944    0.1930
   0    0.8796 -999.9900    1.4662    1.4662    0.8142   -0.0588    1.0996    0.2761    0.2963
   0    0.8035 -999.9900    1.4522    1.4522    1.1131   -0.0116    1.0727    0.1997    0.2006
    
2023040200
   0    0.9669 -999.9900    1.6007    1.6007    0.7781    0.2725    1.1870    0.2380    0.3567
   0    0.8288 -999.9900    1.4730    1.4730    1.0726    0.3346    1.0830    0.1512    0.2688
   0    0.9701 -999.9900    1.6062    1.6062    0.7711    0.2489    1.1898    0.2433    0.3507
   0    0.8334 -999.9900    1.4754    1.4754    1.0507    0.3020    1.0886    0.1585    0.2709
    
2023040300
   0    0.9533 -999.9900    1.6688    1.6688    0.8251    0.2639    1.1887    0.2147    0.3544
   0    0.8554 -999.9900    1.5879    1.5879    1.2217    0.3529    1.1286    0.1501    0.2659
   0    0.9410 -999.9900    1.6544    1.6544    0.8234    0.2461    1.1732    0.2148    0.3450
   0    0.8435 -999.9900    1.5669    1.5669    1.1919    0.3248    1.1130    0.1515    0.2630
    
2023040400
   1 -999.9900 -999.9900 -999.9900 -999.9900 -999.9900 -999.9900 -999.9900 -999.9900 -999.9900
   1 -999.9900 -999.9900 -999.9900 -999.9900 -999.9900 -999.9900 -999.9900 -999.9900 -999.9900
   1 -999.9900 -999.9900 -999.9900 -999.9900 -999.9900 -999.9900 -999.9900 -999.9900 -999.9900
   1 -999.9900 -999.9900 -999.9900 -999.9900 -999.9900 -999.9900 -999.9900 -999.9900 -999.9900
    
2023040500
   0    1.0604 -999.9900    2.0550    2.0550    0.8564    0.5808    1.3010    0.2327    0.3383
   0    1.0521 -999.9900    2.2706    2.2706    1.2427    0.6786    1.3825    0.1665    0.2437
   0    1.0625 -999.9900    2.0499    2.0499    0.8323    0.5863    1.2969    0.2323    0.3428
   0    1.0266 -999.9900    2.1992    2.1992    1.2124    0.6587    1.3415    0.1655    0.2472
    
2023040600
   0    0.9338 -999.9900    1.5798    1.5798    0.7261    0.0353    1.1348    0.3080    0.2978
   0    0.8277 -999.9900    1.5519    1.5519    1.1804    0.1718    1.1003    0.1949    0.1988
   0    0.9252 -999.9900    1.5706    1.5706    0.7561    0.0327    1.1255    0.3001    0.2910
   0    0.8056 -999.9900    1.5015    1.5015    1.1590    0.1217    1.0640    0.1932    0.1969
    
2023040700
   0    0.9527 -999.9900    1.5899    1.5899    0.7325   -0.1757    1.1701    0.3507    0.2666
   0    0.7904 -999.9900    1.4542    1.4542    1.1207   -0.1101    1.0629    0.2276    0.1707
   0    0.8892 -999.9900    1.4980    1.4980    0.7348   -0.1536    1.1039    0.3368    0.2569
   0    0.7469 -999.9900    1.3734    1.3734    1.0828   -0.0887    1.0081    0.2217    0.1640
    
2023040800
   0    1.0808 -999.9900    1.7843    1.7843    0.6494   -0.2190    1.2815    0.3283    0.3165
   0    0.8181 -999.9900    1.5026    1.5026    1.2375   -0.1100    1.0915    0.1963    0.1716
   0    1.0063 -999.9900    1.6568    1.6568    0.6619   -0.2021    1.2020    0.3208    0.3059
   0    0.7745 -999.9900    1.4123    1.4123    1.1969   -0.1123    1.0423    0.1961    0.1693
    
2023040900
   0    1.2216 -999.9900    2.0887    2.0887    0.6658   -0.5208    1.4290    0.3924    0.2580
   0    0.8786 -999.9900    1.6278    1.6278    1.4369   -0.3012    1.1802    0.2380    0.1342
   0    1.1051 -999.9900    1.8896    1.8896    0.7018   -0.4594    1.3203    0.3770    0.2437
   0    0.8232 -999.9900    1.5248    1.5248    1.3460   -0.3015    1.1202    0.2337    0.1303
    
2023041000
   0    1.1233 -999.9900    1.8602    1.8602    0.6901   -0.3198    1.3365    0.3577    0.2753
   0    0.8963 -999.9900    1.6425    1.6425    1.4600   -0.2447    1.2084    0.2250    0.1482
   0    1.0147 -999.9900    1.6918    1.6918    0.7231   -0.2975    1.2313    0.3384    0.2592
   0    0.8078 -999.9900    1.4705    1.4705    1.3334   -0.2520    1.0998    0.2136    0.1420
    
2023041100
   0    1.0378 -999.9900    1.8611    1.8611    0.6608   -0.0101    1.2552    0.3391    0.2656
   0    0.8459 -999.9900    1.5996    1.5996    1.4426   -0.0563    1.1318    0.1992    0.1469
   0    0.9502 -999.9900    1.7125    1.7125    0.6866   -0.0262    1.1690    0.3255    0.2436
   0    0.7621 -999.9900    1.4389    1.4389    1.3856   -0.0521    1.0183    0.1806    0.1363
    
2023041200
   0    0.9969 -999.9900    1.7937    1.7937    0.7658    0.1047    1.2365    0.2844    0.2860
   0    0.8309 -999.9900    1.5823    1.5823    1.3571    0.1784    1.1130    0.1662    0.1874
   0    1.0029 -999.9900    1.8062    1.8062    0.7561    0.0944    1.2465    0.2902    0.2859
   0    0.8269 -999.9900    1.5764    1.5764    1.3399    0.1629    1.1114    0.1667    0.1893
    
2023041300
   0    1.0280 -999.9900    1.8092    1.8092    0.7857    0.0543    1.2729    0.2954    0.2852
   0    0.9083 -999.9900    1.7298    1.7298    1.2779    0.1134    1.2202    0.2155    0.1877
   0    1.0221 -999.9900    1.7989    1.7989    0.7865    0.0499    1.2679    0.2910    0.2865
   0    0.8959 -999.9900    1.6971    1.6971    1.2508    0.0986    1.1992    0.2126    0.1913
    
2023041400
   0    0.9049 -999.9900    1.6279    1.6279    0.7722    0.2618    1.1276    0.2367    0.3136
   0    0.8974 -999.9900    1.7816    1.7816    1.3212    0.3501    1.2011    0.1554    0.2134
   0    0.8972 -999.9900    1.6175    1.6175    0.7793    0.2519    1.1222    0.2359    0.3116
   0    0.8587 -999.9900    1.6908    1.6908    1.2834    0.3210    1.1432    0.1550    0.2095
    
2023041500
   0    0.8828 -999.9900    1.5432    1.5432    0.7855    0.4065    1.0993    0.1925    0.3674
   0    0.8337 -999.9900    1.5939    1.5939    1.2959    0.4273    1.1365    0.1247    0.2307
   0    0.8882 -999.9900    1.5477    1.5477    0.7680    0.4424    1.1050    0.1900    0.3816
   0    0.8015 -999.9900    1.5165    1.5165    1.2400    0.4276    1.0869    0.1220    0.2373
    
2023041600
   0    0.9550 -999.9900    1.7229    1.7229    0.8431    0.3831    1.1755    0.1984    0.3391
   0    0.8468 -999.9900    1.6550    1.6550    1.2487    0.3486    1.1399    0.1302    0.2261
   0    0.9529 -999.9900    1.7202    1.7202    0.8289    0.4179    1.1780    0.1937    0.3480
   0    0.8309 -999.9900    1.6192    1.6192    1.2144    0.3597    1.1107    0.1290    0.2311
    
2023041700
   0    0.9106 -999.9900    1.6013    1.6013    0.8845    0.3339    1.1538    0.1846    0.3258
   0    0.8206 -999.9900    1.5166    1.5166    1.2079    0.2709    1.1139    0.1418    0.2288
   0    0.9060 -999.9900    1.5966    1.5966    0.8649    0.3416    1.1500    0.1881    0.3260
   0    0.8158 -999.9900    1.5069    1.5069    1.1818    0.2923    1.1035    0.1410    0.2356
    
2023041800
   0    0.8137 -999.9900    1.4673    1.4673    0.8969    0.3174    1.0496    0.1797    0.2839
   0    0.7593 -999.9900    1.4337    1.4337    1.2040    0.3277    1.0422    0.1255    0.2098
   0    0.8100 -999.9900    1.4644    1.4644    0.9145    0.3004    1.0496    0.1805    0.2789
   0    0.7559 -999.9900    1.4196    1.4196    1.1985    0.3276    1.0351    0.1270    0.2116
    
2023041900
   0    0.8429 -999.9900    1.5115    1.5115    0.8667    0.3757    1.0893    0.2089    0.3214
   1 -999.9900 -999.9900 -999.9900 -999.9900 -999.9900 -999.9900 -999.9900 -999.9900 -999.9900
   0    0.8337 -999.9900    1.4990    1.4990    0.8682    0.3339    1.0791    0.2153    0.3055
   1 -999.9900 -999.9900 -999.9900 -999.9900 -999.9900 -999.9900 -999.9900 -999.9900 -999.9900
    
2023042000
   0    0.8529 -999.9900    1.5319    1.5319    0.8146    0.2518    1.0892    0.2471    0.2845
   0    0.8311 -999.9900    1.5872    1.5872    1.1499    0.4098    1.1270    0.1620    0.2280
   0    0.8740 -999.9900    1.5653    1.5653    0.8152    0.3055    1.1150    0.2422    0.2964
   0    0.8266 -999.9900    1.5652    1.5652    1.1131    0.4041    1.1146    0.1624    0.2322
    
2023042100
   0    0.8258 -999.9900    1.4404    1.4404    0.8166    0.2642    1.0447    0.2084    0.3113
   0    0.8138 -999.9900    1.5101    1.5101    1.1670    0.4013    1.1001    0.1453    0.2482
   0    0.8194 -999.9900    1.4354    1.4354    0.8216    0.2796    1.0402    0.2035    0.3043
   0    0.7782 -999.9900    1.4347    1.4347    1.1466    0.3654    1.0457    0.1451    0.2341
    
2023042200
   0    0.8217 -999.9900    1.3875    1.3875    0.8414    0.2268    1.0451    0.2308    0.3122
   0    0.7747 -999.9900    1.4025    1.4025    1.1006    0.2587    1.0443    0.1652    0.2341
   0    0.8344 -999.9900    1.4117    1.4117    0.8498    0.2700    1.0633    0.2307    0.3200
   0    0.7657 -999.9900    1.3779    1.3779    1.1102    0.2718    1.0320    0.1644    0.2320
    
2023042300
   0    0.8382 -999.9900    1.4863    1.4863    0.9226    0.3079    1.0672    0.2005    0.2817
   0    0.7563 -999.9900    1.4060    1.4060    1.1471    0.3086    1.0248    0.1492    0.2086
   0    0.8516 -999.9900    1.5106    1.5106    0.9033    0.3691    1.0839    0.1955    0.2985
   0    0.7588 -999.9900    1.4108    1.4108    1.1354    0.3458    1.0267    0.1457    0.2157
    
2023042400
   0    0.8571 -999.9900    1.5595    1.5595    0.8750    0.2996    1.0906    0.2090    0.2889
   0    0.7131 -999.9900    1.3507    1.3507    1.1840    0.2333    0.9719    0.1302    0.1964
   0    0.8576 -999.9900    1.5608    1.5608    0.8723    0.3260    1.0894    0.2045    0.2941
   0    0.7161 -999.9900    1.3605    1.3605    1.1677    0.2626    0.9750    0.1309    0.2002
    
2023042500
   0    0.8678 -999.9900    1.5086    1.5086    0.9011    0.2293    1.1053    0.2145    0.3013
   0    0.6882 -999.9900    1.2615    1.2615    1.2727    0.2002    0.9371    0.1144    0.1838
   0    0.8586 -999.9900    1.4948    1.4948    0.9098    0.1955    1.0960    0.2176    0.2908
   0    0.6882 -999.9900    1.2585    1.2585    1.2676    0.1916    0.9371    0.1184    0.1825
    
2023042600
   1 -999.9900 -999.9900 -999.9900 -999.9900 -999.9900 -999.9900 -999.9900 -999.9900 -999.9900
   1 -999.9900 -999.9900 -999.9900 -999.9900 -999.9900 -999.9900 -999.9900 -999.9900 -999.9900
   1 -999.9900 -999.9900 -999.9900 -999.9900 -999.9900 -999.9900 -999.9900 -999.9900 -999.9900
   1 -999.9900 -999.9900 -999.9900 -999.9900 -999.9900 -999.9900 -999.9900 -999.9900 -999.9900
    
2023042700
   0    0.8697 -999.9900    1.4893    1.4893    0.7944    0.3267    1.0899    0.1877    0.3446
   0    0.7081 -999.9900    1.3034    1.3034    1.2436    0.3121    0.9698    0.0942    0.1934
   0    0.8682 -999.9900    1.4875    1.4875    0.8189    0.2931    1.0908    0.1868    0.3315
   0    0.7015 -999.9900    1.2861    1.2861    1.2307    0.2917    0.9609    0.0959    0.1910
    
2023042800
   0    0.8851 -999.9900    1.5162    1.5162    0.8163    0.1881    1.1159    0.2350    0.3103
   0    0.7452 -999.9900    1.3810    1.3810    1.2030    0.1982    1.0172    0.1290    0.1861
   0    0.8789 -999.9900    1.5075    1.5075    0.8130    0.1714    1.1059    0.2367    0.3012
   0    0.7386 -999.9900    1.3651    1.3651    1.1871    0.1935    1.0040    0.1319    0.1884
    
2023042900
   0    0.8520 -999.9900    1.4355    1.4355    0.8262    0.2102    1.0684    0.2104    0.3198
   0    0.7512 -999.9900    1.3535    1.3535    1.1927    0.2085    1.0241    0.1384    0.2164
   0    0.8560 -999.9900    1.4423    1.4423    0.8188    0.2366    1.0732    0.2054    0.3255
   0    0.7444 -999.9900    1.3349    1.3349    1.1830    0.2347    1.0151    0.1312    0.2208
    
2023043000
   0    0.8795 -999.9900    1.4610    1.4610    0.7795    0.2421    1.1019    0.2295    0.3266
   0    0.8227 -999.9900    1.4537    1.4537    1.1497    0.2633    1.1114    0.1646    0.2516
   0    0.8712 -999.9900    1.4550    1.4550    0.8260    0.1768    1.0881    0.2343    0.3024
   0    0.8011 -999.9900    1.4069    1.4069    1.1603    0.2226    1.0747    0.1657    0.2334
    
2023050100
   0    0.8138 -999.9900    1.4004    1.4004    0.9651    0.0294    1.0431    0.2402    0.2512
   0    0.7656 -999.9900    1.3986    1.3986    1.2601    0.2230    1.0367    0.1622    0.1926
   0    0.8046 -999.9900    1.3882    1.3882    0.9513    0.0396    1.0310    0.2357    0.2496
   0    0.7464 -999.9900    1.3491    1.3491    1.2517    0.2020    1.0044    0.1602    0.1890
    
2023050200
   0    0.7552 -999.9900    1.3596    1.3596    0.9222    0.1729    0.9798    0.1955    0.2405
   0    0.7046 -999.9900    1.3456    1.3456    1.2347    0.3178    0.9588    0.1093    0.1786
   0    0.7545 -999.9900    1.3575    1.3575    0.9269    0.1437    0.9819    0.1937    0.2383
   0    0.6931 -999.9900    1.3095    1.3095    1.2307    0.2880    0.9380    0.1106    0.1746
    
2023050300
   0    0.7801 -999.9900    1.3990    1.3990    0.8771   -0.0303    1.0239    0.2260    0.2405
   0    0.6732 -999.9900    1.2750    1.2750    1.2211    0.2046    0.9160    0.1086    0.1712
   0    0.7736 -999.9900    1.3886    1.3886    0.8656   -0.0391    1.0136    0.2307    0.2355
   0    0.6633 -999.9900    1.2474    1.2474    1.1950    0.1504    0.9010    0.1145    0.1664
    
2023050400
   0    0.8980 -999.9900    1.6202    1.6202    0.9506   -0.1475    1.1616    0.2570    0.2249
   0    0.7334 -999.9900    1.4157    1.4157    1.3091    0.2021    0.9888    0.1142    0.1699
   0    0.9016 -999.9900    1.6266    1.6266    0.9296   -0.1495    1.1649    0.2618    0.2243
   0    0.7323 -999.9900    1.4090    1.4090    1.2818    0.1225    0.9894    0.1215    0.1670
    
2023050500
   0    0.9002 -999.9900    1.6333    1.6333    0.9621    0.0379    1.1617    0.2517    0.2311
   0    0.7726 -999.9900    1.4652    1.4652    1.3584    0.2508    1.0420    0.1404    0.1626
   0    0.8913 -999.9900    1.6155    1.6155    0.9551    0.0266    1.1492    0.2522    0.2287
   0    0.7640 -999.9900    1.4446    1.4446    1.3409    0.2080    1.0334    0.1438    0.1588
    
2023050600
   0    0.8150 -999.9900    1.4927    1.4927    0.9426    0.3704    1.0602    0.1694    0.2747
   0    0.7977 -999.9900    1.5441    1.5441    1.3467    0.4215    1.0985    0.1259    0.1848
   0    0.8193 -999.9900    1.4957    1.4957    0.9419    0.3811    1.0636    0.1703    0.2767
   0    0.7757 -999.9900    1.4890    1.4890    1.3245    0.4117    1.0622    0.1252    0.1821
    
2023050700
   0    0.9791 -999.9900    1.7455    1.7455    0.9086    0.4609    1.2508    0.2021    0.3227
   0    0.8555 -999.9900    1.6240    1.6240    1.3047    0.4627    1.1434    0.1339    0.2077
   0    0.9701 -999.9900    1.7420    1.7420    0.9502    0.4475    1.2483    0.1963    0.3106
   0    0.8467 -999.9900    1.6041    1.6041    1.2930    0.4430    1.1333    0.1335    0.2058
    
2023050800
   0    0.9137 -999.9900    1.6009    1.6009    0.8544    0.6197    1.1700    0.1532    0.3989
   0    0.7622 -999.9900    1.4235    1.4235    1.2395    0.4609    1.0336    0.1150    0.2391
   0    0.8922 -999.9900    1.5850    1.5850    0.9026    0.5697    1.1526    0.1522    0.3680
   0    0.7518 -999.9900    1.4042    1.4042    1.2359    0.4537    1.0221    0.1160    0.2285
    
2023050900
   0    0.8740 -999.9900    1.5793    1.5793    0.9109    0.6001    1.1237    0.1514    0.3604
   0    0.7451 -999.9900    1.4043    1.4043    1.2571    0.4351    1.0184    0.1142    0.2270
   0    0.8615 -999.9900    1.5683    1.5683    0.9185    0.5942    1.1146    0.1479    0.3522
   0    0.7362 -999.9900    1.3884    1.3884    1.2381    0.4573    1.0054    0.1137    0.2272
    
2023051000
   0    0.9361 -999.9900    1.6224    1.6224    0.8733    0.4836    1.1877    0.1852    0.3683
   0    0.8110 -999.9900    1.4743    1.4743    1.2055    0.3468    1.0996    0.1453    0.2579
   0    0.9243 -999.9900    1.6096    1.6096    0.8704    0.4478    1.1750    0.1882    0.3580
   0    0.7968 -999.9900    1.4498    1.4498    1.1909    0.3434    1.0799    0.1446    0.2545
    
2023051100
   0    0.8494 -999.9900    1.5128    1.5128    0.8761    0.3404    1.0899    0.1866    0.3116
   0    0.7615 -999.9900    1.4222    1.4222    1.2475    0.2441    1.0404    0.1390    0.1915
   0    0.8482 -999.9900    1.5133    1.5133    0.8824    0.3356    1.0899    0.1876    0.3048
   0    0.7475 -999.9900    1.3930    1.3930    1.2385    0.2612    1.0200    0.1372    0.1882
    
2023051200
   0    0.8756 -999.9900    1.5545    1.5545    0.9393    0.3793    1.1272    0.1919    0.3196
   0    0.7508 -999.9900    1.4043    1.4043    1.2552    0.2753    1.0178    0.1403    0.1659
   0    0.8671 -999.9900    1.5469    1.5469    0.9405    0.3721    1.1192    0.1903    0.3098
   0    0.7460 -999.9900    1.3977    1.3977    1.2364    0.2949    1.0120    0.1383    0.1711
    
2023051300
   0    0.9037 -999.9900    1.7067    1.7067    1.0514    0.4333    1.1536    0.1689    0.2834
   0    0.7924 -999.9900    1.5381    1.5381    1.3255    0.4411    1.0723    0.1118    0.1940
   0    0.8857 -999.9900    1.6745    1.6745    1.0289    0.3844    1.1310    0.1736    0.2728
   0    0.7795 -999.9900    1.5189    1.5189    1.3088    0.4182    1.0493    0.1141    0.1873
    
2023051400
   0    0.8951 -999.9900    1.5461    1.5461    0.9485    0.3631    1.1489    0.1669    0.3399
   0    0.7852 -999.9900    1.4370    1.4370    1.2746    0.3653    1.0539    0.1161    0.2224
   0    0.8855 -999.9900    1.5357    1.5357    0.9630    0.3661    1.1382    0.1617    0.3337
   0    0.7816 -999.9900    1.4243    1.4243    1.2623    0.3664    1.0486    0.1145    0.2285
    
2023051500
   0    0.9589 -999.9900    1.6603    1.6603    0.8914    0.5396    1.2195    0.1622    0.3981
   0    0.8943 -999.9900    1.6717    1.6717    1.2128    0.5793    1.1974    0.1164    0.2887
   0    0.8966 -999.9900    1.5792    1.5792    0.8987    0.5024    1.1507    0.1513    0.3733
   0    0.8234 -999.9900    1.5509    1.5509    1.1559    0.5308    1.1065    0.1075    0.2684
    
2023051600
   0    1.0795 -999.9900    2.0002    2.0002    0.9844    0.7209    1.3720    0.1813    0.3888
   0    0.9528 -999.9900    1.8381    1.8381    1.2258    0.7671    1.2816    0.1132    0.2933
   0    0.9923 -999.9900    1.8511    1.8511    0.9802    0.6860    1.2751    0.1697    0.3652
   0    0.8863 -999.9900    1.7243    1.7243    1.1976    0.7296    1.1951    0.1053    0.2760
    
2023051700
   0    1.0358 -999.9900    1.7549    1.7549    0.8376    0.8868    1.3131    0.1425    0.4781
   0    0.8707 -999.9900    1.5724    1.5724    1.2082    0.7690    1.1860    0.1019    0.3173
   0    0.9972 -999.9900    1.7055    1.7055    0.8915    0.8191    1.2782    0.1392    0.4506
   0    0.8574 -999.9900    1.5498    1.5498    1.2028    0.7519    1.1716    0.1004    0.3134
    
2023051800
   0    0.8726 -999.9900    1.5261    1.5261    0.9157    0.5447    1.1278    0.1487    0.3602
   0    0.7968 -999.9900    1.4548    1.4548    1.3015    0.4308    1.0865    0.1052    0.2306
   0    0.8745 -999.9900    1.5302    1.5302    0.9420    0.5556    1.1347    0.1442    0.3574
   0    0.7912 -999.9900    1.4429    1.4429    1.2958    0.4694    1.0767    0.1015    0.2347
    
2023051900
   0    0.7994 -999.9900    1.4300    1.4300    0.8836    0.3469    1.0345    0.1811    0.3173
   0    0.6920 -999.9900    1.2778    1.2778    1.2033    0.2664    0.9354    0.1275    0.1761
   0    0.7924 -999.9900    1.4253    1.4253    0.8789    0.3010    1.0309    0.1899    0.3020
   0    0.6850 -999.9900    1.2704    1.2704    1.1916    0.2590    0.9255    0.1287    0.1743
    
2023052000
   0    1.0201 -999.9900    1.8371    1.8371    0.9599    0.5883    1.3017    0.1898    0.3585
   0    0.9247 -999.9900    1.7858    1.7858    1.2063    0.5997    1.2180    0.1369    0.2500
   0    1.0134 -999.9900    1.8305    1.8305    0.9782    0.6183    1.2938    0.1833    0.3581
   0    0.9172 -999.9900    1.7675    1.7675    1.2013    0.6113    1.2135    0.1327    0.2540
    
2023052100
   0    0.8761 -999.9900    1.5297    1.5297    0.9027    0.4776    1.1244    0.1894    0.3247
   0    0.8007 -999.9900    1.4689    1.4689    1.1807    0.4434    1.0686    0.1350    0.2152
   0    0.8747 -999.9900    1.5249    1.5249    0.9092    0.4516    1.1232    0.1944    0.3159
   0    0.7948 -999.9900    1.4511    1.4511    1.1723    0.4358    1.0610    0.1383    0.2138
    
2023052200
   0    0.8223 -999.9900    1.4109    1.4109    0.8427    0.2567    1.0478    0.2373    0.2894
   0    0.7540 -999.9900    1.3888    1.3888    1.1609    0.2352    1.0138    0.1538    0.1885
   0    0.8098 -999.9900    1.4000    1.4000    0.8824    0.2681    1.0354    0.2253    0.2835
   0    0.7410 -999.9900    1.3564    1.3564    1.1566    0.2460    0.9926    0.1526    0.1909
    
2023052300
   0    0.8240 -999.9900    1.5158    1.5158    0.9308    0.3407    1.0643    0.1920    0.2803
   0    0.7975 -999.9900    1.5572    1.5572    1.2384    0.3385    1.0805    0.1343    0.1866
   1 -999.9900 -999.9900 -999.9900 -999.9900 -999.9900 -999.9900 -999.9900 -999.9900 -999.9900
   0    0.7819 -999.9900    1.5138    1.5138    1.2078    0.3458    1.0542    0.1340    0.1904
    
2023052400
   0    0.9255 -999.9900    1.7012    1.7012    1.0071    0.6118    1.2013    0.1562    0.3428
   0    0.8051 -999.9900    1.5565    1.5565    1.3598    0.5684    1.0850    0.0829    0.2267
   0    0.9223 -999.9900    1.6979    1.6979    1.0297    0.6134    1.1985    0.1489    0.3379
   0    0.8005 -999.9900    1.5427    1.5427    1.3536    0.5794    1.0770    0.0803    0.2292
    
2023052500
   0    0.8553 -999.9900    1.5564    1.5564    1.0528    0.2797    1.1158    0.1758    0.2904
   0    0.7778 -999.9900    1.4472    1.4472    1.2537    0.2132    1.0644    0.1355    0.2003
   0    0.8408 -999.9900    1.5306    1.5306    1.0226    0.3188    1.0957    0.1690    0.2971
   0    0.7621 -999.9900    1.4210    1.4210    1.2357    0.2476    1.0409    0.1268    0.2055
    
2023052600
   0    0.8653 -999.9900    1.6093    1.6093    0.9317    0.1590    1.1167    0.2254    0.2490
   0    0.7664 -999.9900    1.4940    1.4940    1.1738    0.1193    1.0289    0.1597    0.1560
   0    0.8792 -999.9900    1.6288    1.6288    0.9503    0.1181    1.1384    0.2334    0.2451
   0    0.7705 -999.9900    1.4988    1.4988    1.1731    0.0980    1.0349    0.1612    0.1585
    
2023052700
   0    0.8783 -999.9900    1.5724    1.5724    0.9395    0.2712    1.1407    0.2040    0.3005
   0    0.7674 -999.9900    1.4370    1.4370    1.2121    0.1954    1.0489    0.1462    0.1792
   0    0.8751 -999.9900    1.5711    1.5711    0.9445    0.2761    1.1404    0.1982    0.2982
   0    0.7670 -999.9900    1.4372    1.4372    1.1954    0.2115    1.0465    0.1434    0.1870
    
2023052800
   0    0.9324 -999.9900    1.6991    1.6991    0.9840    0.3209    1.1940    0.1904    0.2770
   0    0.8407 -999.9900    1.6041    1.6041    1.1986    0.2931    1.1285    0.1419    0.2061
   0    0.9242 -999.9900    1.6875    1.6875    0.9696    0.3205    1.1856    0.1903    0.2789
   0    0.8344 -999.9900    1.5953    1.5953    1.1839    0.2964    1.1197    0.1411    0.2090
    
2023052900
   0    0.8082 -999.9900    1.4467    1.4467    0.9377    0.0026    1.0520    0.2216    0.2329
   0    0.7314 -999.9900    1.3535    1.3535    1.1125    0.0178    0.9906    0.1633    0.1576
   0    0.7956 -999.9900    1.4222    1.4222    0.9090    0.0415    1.0315    0.2193    0.2355
   0    0.7205 -999.9900    1.3323    1.3323    1.0898    0.0340    0.9737    0.1617    0.1601
    
2023053000
   0    0.7806 -999.9900    1.4223    1.4223    0.8338    0.2870    1.0022    0.1925    0.2879
   0    0.7206 -999.9900    1.3554    1.3554    1.0836    0.2090    0.9815    0.1503    0.1779
   0    0.7224 -999.9900    1.3327    1.3327    0.8623    0.2675    0.9375    0.1794    0.2668
   0    0.6661 -999.9900    1.2610    1.2610    1.0858    0.2126    0.9083    0.1351    0.1652
    
2023053100
   0    0.8728 -999.9900    1.6932    1.6932    0.8820    0.5316    1.1178    0.1685    0.3146
   0    0.7672 -999.9900    1.5289    1.5289    1.1788    0.4458    1.0377    0.1145    0.1936
   0    0.8599 -999.9900    1.6784    1.6784    0.8987    0.4982    1.1066    0.1675    0.2979
   0    0.7600 -999.9900    1.5268    1.5268    1.1721    0.4451    1.0259    0.1139    0.1902
    
2023060100
   0    0.9398 -999.9900    1.7645    1.7645    0.9898    0.5970    1.2140    0.1707    0.3178
   0    0.8302 -999.9900    1.6134    1.6134    1.2404    0.5332    1.1312    0.1132    0.2253
   0    0.9318 -999.9900    1.7553    1.7553    0.9814    0.5798    1.2061    0.1677    0.3128
   0    0.8270 -999.9900    1.6131    1.6131    1.2335    0.5394    1.1243    0.1123    0.2243
    
2023060200
   0    0.8680 -999.9900    1.5987    1.5987    0.9263    0.4847    1.1216    0.1568    0.3390
   0    0.7703 -999.9900    1.4796    1.4796    1.2336    0.3418    1.0533    0.1181    0.2087
   0    0.8507 -999.9900    1.5807    1.5807    0.9441    0.4334    1.1049    0.1597    0.3157
   0    0.7594 -999.9900    1.4660    1.4660    1.2187    0.3388    1.0366    0.1190    0.2037
    
2023060300
   0    0.7633 -999.9900    1.4012    1.4012    0.9597    0.2408    0.9980    0.1738    0.2569
   0    0.7070 -999.9900    1.3350    1.3350    1.1715    0.1334    0.9635    0.1418    0.1639
   0    0.7613 -999.9900    1.3965    1.3965    0.9770    0.1991    0.9971    0.1789    0.2472
   0    0.6975 -999.9900    1.3149    1.3149    1.1676    0.1208    0.9489    0.1431    0.1601
    
2023060400
   0    0.8496 -999.9900    1.5456    1.5456    0.8957    0.4014    1.0947    0.1783    0.3169
   0    0.7468 -999.9900    1.4197    1.4197    1.1932    0.2903    1.0161    0.1129    0.2057
   0    0.8458 -999.9900    1.5401    1.5401    0.9069    0.4115    1.0927    0.1730    0.3151
   0    0.7439 -999.9900    1.4130    1.4130    1.1823    0.3119    1.0089    0.1143    0.2074
    
2023060500
   0    0.9583 -999.9900    1.7179    1.7179    0.9666    0.5925    1.2356    0.1659    0.3548
   0    0.7809 -999.9900    1.4630    1.4630    1.2388    0.4298    1.0635    0.1156    0.2260
   0    0.9476 -999.9900    1.7074    1.7074    0.9678    0.5797    1.2241    0.1633    0.3433
   0    0.7905 -999.9900    1.4861    1.4861    1.2267    0.4554    1.0774    0.1174    0.2280
    
2023060600
   0    0.7913 -999.9900    1.4242    1.4242    0.9274    0.2356    1.0261    0.2260    0.2484
   0    0.6962 -999.9900    1.3138    1.3138    1.1753    0.1403    0.9585    0.1535    0.1565
   0    0.7943 -999.9900    1.4315    1.4315    0.9159    0.2728    1.0319    0.2189    0.2592
   0    0.6970 -999.9900    1.3122    1.3122    1.1613    0.1855    0.9544    0.1524    0.1656
    
2023060700
   0    0.8100 -999.9900    1.4911    1.4911    0.9222    0.2164    1.0472    0.2118    0.2736
   0    0.7173 -999.9900    1.3553    1.3553    1.1932    0.1924    0.9801    0.1472    0.1799
   0    0.8195 -999.9900    1.5085    1.5085    0.9171    0.2345    1.0583    0.2084    0.2793
   0    0.7154 -999.9900    1.3564    1.3564    1.1795    0.2029    0.9721    0.1440    0.1839
    
2023060800
   0    0.9070 -999.9900    1.5946    1.5946    0.9113    0.2960    1.1596    0.2170    0.3144
   0    0.7442 -999.9900    1.3865    1.3865    1.2089    0.3341    1.0140    0.1244    0.1972
   0    0.9047 -999.9900    1.5964    1.5964    0.9140    0.3140    1.1604    0.2118    0.3130
   0    0.7491 -999.9900    1.3951    1.3951    1.1892    0.3331    1.0186    0.1275    0.2047
    
2023060900
   0    0.8855 -999.9900    1.5938    1.5938    0.9166    0.5097    1.1369    0.1583    0.3521
   0    0.7682 -999.9900    1.4851    1.4851    1.1864    0.4002    1.0366    0.1142    0.1933
   0    0.8723 -999.9900    1.5801    1.5801    0.9395    0.4973    1.1235    0.1527    0.3338
   0    0.7610 -999.9900    1.4691    1.4691    1.1850    0.4125    1.0255    0.1116    0.1942
    
2023061000
   0    0.9320 -999.9900    1.7304    1.7304    1.0341    0.5735    1.1955    0.1661    0.3337
   0    0.8084 -999.9900    1.5574    1.5574    1.2457    0.4864    1.0909    0.1295    0.2025
   0    0.9337 -999.9900    1.7308    1.7308    1.0088    0.5684    1.1971    0.1689    0.3339
   0    0.8144 -999.9900    1.5701    1.5701    1.2314    0.5065    1.0968    0.1289    0.2114
    
2023061100
   0    0.9432 -999.9900    1.6766    1.6766    0.9256    0.5775    1.2054    0.1547    0.3806
   0    0.8068 -999.9900    1.5078    1.5078    1.1729    0.4640    1.0849    0.1185    0.2401
   0    0.9394 -999.9900    1.6729    1.6729    0.9184    0.5883    1.2003    0.1505    0.3847
   0    0.8126 -999.9900    1.5200    1.5200    1.1630    0.4966    1.0912    0.1146    0.2528
    
2023061200
   0    0.9793 -999.9900    1.8830    1.8830    0.9993    0.7057    1.2530    0.1362    0.3899
   0    0.8149 -999.9900    1.6304    1.6304    1.2371    0.5844    1.1100    0.0947    0.2589
   0    0.9075 -999.9900    1.7555    1.7555    0.9843    0.6715    1.1726    0.1271    0.3717
   0    0.7624 -999.9900    1.5414    1.5414    1.2161    0.5894    1.0369    0.0879    0.2393
    
2023061300
   0    1.0304 -999.9900    1.9312    1.9312    1.0143    0.7446    1.3149    0.1578    0.3910
   0    0.8910 -999.9900    1.7717    1.7717    1.2848    0.6377    1.1920    0.1118    0.2673
   0    0.9853 -999.9900    1.8664    1.8664    0.9972    0.7445    1.2640    0.1518    0.3794
   0    0.8408 -999.9900    1.6968    1.6968    1.2744    0.6485    1.1284    0.1044    0.2474
    
2023061400
   0    1.0176 -999.9900    1.8694    1.8694    1.1271    0.7702    1.3007    0.1504    0.3644
   0    1.0176 -999.9900    1.8694    1.8694    1.1271    0.7702    1.3007    0.1504    0.3644
   0    1.0403 -999.9900    1.9086    1.9086    1.1076    0.8491    1.3299    0.1464    0.3857
   0    0.8879 -999.9900    1.7102    1.7102    1.3628    0.7091    1.1848    0.1050    0.2720
    
2023061500
   0    0.9165 -999.9900    1.6723    1.6723    0.9984    0.7550    1.1831    0.1251    0.3977
   0    0.7520 -999.9900    1.4034    1.4034    1.3228    0.5354    1.0215    0.0808    0.2513
   0    0.9097 -999.9900    1.6664    1.6664    0.9840    0.7376    1.1739    0.1271    0.3938
   0    0.7547 -999.9900    1.4194    1.4194    1.3009    0.5698    1.0236    0.0812    0.2558
    
2023061600
   0    0.8593 -999.9900    1.5435    1.5435    1.0129    0.4283    1.1173    0.1830    0.3235
   0    0.7190 -999.9900    1.3191    1.3191    1.3119    0.2753    0.9849    0.1182    0.1967
   0    0.8674 -999.9900    1.5580    1.5580    0.9939    0.4742    1.1304    0.1777    0.3365
   0    0.7216 -999.9900    1.3277    1.3277    1.3012    0.3349    0.9871    0.1137    0.2077
    
2023061700
   0    0.8704 -999.9900    1.5387    1.5387    0.9533    0.3688    1.1230    0.1932    0.3177
   0    0.7597 -999.9900    1.3901    1.3901    1.2325    0.2783    1.0307    0.1414    0.2170
   0    0.8740 -999.9900    1.5425    1.5425    0.9389    0.4245    1.1274    0.1853    0.3298
   0    0.7609 -999.9900    1.3900    1.3900    1.2109    0.3238    1.0297    0.1387    0.2260
    
2023061800
   0    0.8815 -999.9900    1.5701    1.5701    0.9226    0.4304    1.1300    0.2012    0.3233
   0    0.7332 -999.9900    1.3395    1.3395    1.1899    0.3556    0.9947    0.1407    0.2089
   0    0.8700 -999.9900    1.5552    1.5552    0.9211    0.3860    1.1196    0.2085    0.3081
   0    0.7319 -999.9900    1.3413    1.3413    1.1827    0.3409    0.9928    0.1455    0.2047
    
2023061900
   0    0.7638 -999.9900    1.3799    1.3799    0.9430    0.3200    1.0046    0.1886    0.2644
   0    0.6577 -999.9900    1.2212    1.2212    1.2036    0.1772    0.8977    0.1393    0.1474
   0    0.7634 -999.9900    1.3807    1.3807    0.9380    0.3147    1.0066    0.1876    0.2613
   0    0.6541 -999.9900    1.2129    1.2129    1.1954    0.2012    0.8890    0.1376    0.1498
    
2023062000
   0    0.8404 -999.9900    1.5302    1.5302    0.9708    0.3621    1.0980    0.1794    0.2997
   0    0.7220 -999.9900    1.3520    1.3520    1.2890    0.1969    0.9889    0.1266    0.1815
   0    0.7655 -999.9900    1.4156    1.4156    0.9750    0.3022    1.0104    0.1711    0.2654
   0    0.6503 -999.9900    1.2295    1.2295    1.2763    0.1532    0.8908    0.1182    0.1412
    
2023062100
   0    0.8298 -999.9900    1.5260    1.5260    0.9517    0.5368    1.0806    0.1467    0.3414
   0    0.7039 -999.9900    1.3377    1.3377    1.2504    0.3467    0.9570    0.1020    0.1984
   0    0.7703 -999.9900    1.4353    1.4353    0.9581    0.4978    1.0138    0.1410    0.3111
   0    0.6478 -999.9900    1.2339    1.2339    1.2129    0.3173    0.8799    0.1047    0.1788
    
2023062200
   0    0.9331 -999.9900    1.7022    1.7022    0.9445    0.6231    1.1882    0.1589    0.3522
   0    0.7326 -999.9900    1.4091    1.4091    1.2560    0.3462    0.9989    0.1165    0.1965
   0    0.8721 -999.9900    1.6057    1.6057    0.9372    0.6001    1.1213    0.1513    0.3392
   0    0.6907 -999.9900    1.3376    1.3376    1.2256    0.3712    0.9416    0.1106    0.1879
    
2023062300
   0    0.8808 -999.9900    1.6292    1.6292    0.9469    0.6023    1.1231    0.1534    0.3192
   0    0.7047 -999.9900    1.3562    1.3562    1.2255    0.3018    0.9574    0.1203    0.1746
   0    0.8979 -999.9900    1.6564    1.6564    0.9393    0.6581    1.1492    0.1503    0.3347
   0    0.7236 -999.9900    1.3975    1.3975    1.2231    0.3971    0.9821    0.1169    0.1898
    
2023062400
   0    0.7961 -999.9900    1.4523    1.4523    0.9330    0.4021    1.0347    0.1820    0.2933
   0    0.6354 -999.9900    1.1841    1.1841    1.2229    0.1253    0.8592    0.1416    0.1419
   0    0.7876 -999.9900    1.4377    1.4377    0.9255    0.3596    1.0237    0.1849    0.2821
   0    0.6407 -999.9900    1.1992    1.1992    1.2089    0.1563    0.8691    0.1422    0.1447
    
2023062500
   0    0.8785 -999.9900    1.5853    1.5853    0.9924    0.4672    1.1315    0.1848    0.3209
   0    0.7448 -999.9900    1.3885    1.3885    1.2023    0.2638    1.0163    0.1525    0.1837
   0    0.8775 -999.9900    1.5858    1.5858    0.9907    0.5053    1.1317    0.1791    0.3215
   0    0.7431 -999.9900    1.3923    1.3923    1.2028    0.3253    1.0136    0.1459    0.1913
    
2023062600
   0    0.9810 -999.9900    1.7231    1.7231    0.9642    0.7539    1.2606    0.1641    0.3825
   0    0.7816 -999.9900    1.4190    1.4190    1.2394    0.4453    1.0674    0.1489    0.2186
   0    0.9743 -999.9900    1.7071    1.7071    0.9404    0.7459    1.2525    0.1633    0.3904
   0    0.7924 -999.9900    1.4448    1.4448    1.2166    0.5044    1.0846    0.1458    0.2326
    
2023062700
   0    0.9557 -999.9900    1.7346    1.7346    0.9860    0.7233    1.2382    0.1578    0.3913
   0    0.7759 -999.9900    1.4633    1.4633    1.2346    0.4998    1.0612    0.1317    0.2311
   0    0.9549 -999.9900    1.7391    1.7391    0.9766    0.7368    1.2397    0.1540    0.3907
   0    0.7901 -999.9900    1.4978    1.4978    1.2231    0.5544    1.0834    0.1292    0.2428
    
2023062800
   0    0.9004 -999.9900    1.6121    1.6121    0.9545    0.6459    1.1668    0.1578    0.3717
   0    0.7010 -999.9900    1.2882    1.2882    1.2303    0.3812    0.9543    0.1314    0.2042
   0    0.8777 -999.9900    1.5802    1.5802    0.9723    0.6135    1.1441    0.1582    0.3553
   0    0.7054 -999.9900    1.3032    1.3032    1.2259    0.4148    0.9642    0.1307    0.2047
    
2023062900
   0    0.9406 -999.9900    1.8206    1.8206    0.9781    0.6399    1.2109    0.1562    0.3312
   0    0.7321 -999.9900    1.4750    1.4750    1.2552    0.4046    0.9959    0.1263    0.1694
   0    0.9365 -999.9900    1.8169    1.8169    0.9813    0.6447    1.2064    0.1494    0.3300
   0    0.7425 -999.9900    1.5074    1.5074    1.2444    0.4491    1.0115    0.1215    0.1782
    
2023063000
   0    0.9219 -999.9900    1.6809    1.6809    1.0016    0.6864    1.2052    0.1498    0.3424
   0    0.7105 -999.9900    1.3480    1.3480    1.3181    0.3657    0.9775    0.1268    0.1523
   0    0.8917 -999.9900    1.6389    1.6389    1.0234    0.6493    1.1703    0.1508    0.3190
   0    0.7123 -999.9900    1.3574    1.3574    1.3084    0.4078    0.9813    0.1250    0.1562
    
