v6.1 gefs
v6.1 naefs
v7.0 gefs
v7.0 naefs
    
2023040100
   0   48.6766 -999.9900   85.8650   85.8650   79.1139    1.1094   69.7621    0.1831    0.1763
   0   49.8962 -999.9900   85.5767   85.5767   82.7732    5.7303   69.9203    0.1621    0.1808
   0   50.1683 -999.9900   89.5604   89.5604   79.6155   -6.2717   72.6395    0.1918    0.1966
   0   50.4810 -999.9900   88.4863   88.4863   82.6773    0.7166   71.8679    0.1722    0.2031
    
2023040200
   0   58.2087 -999.9900  101.0699  101.0699   84.3338   -8.6768   85.0991    0.1871    0.3063
   0   54.5979 -999.9900   96.7983   96.7983   81.2125   -8.4129   79.4065    0.1709    0.2762
   0   57.2637 -999.9900   98.6225   98.6225   86.7262   -8.7085   82.7082    0.1713    0.2891
   0   54.5806 -999.9900   96.7798   96.7798   83.2330   -8.5570   79.0940    0.1648    0.2730
    
2023040300
   0   62.3309 -999.9900  107.8406  107.8406   85.7574   -9.4533   94.7510    0.2990    0.2364
   0   60.8199 -999.9900  102.3268  102.3268   86.2105    2.0902   88.7117    0.2324    0.2465
   0   60.5941 -999.9900  104.7769  104.7769   85.4762   -1.6668   92.0804    0.2530    0.2516
   0   60.3699 -999.9900  102.5021  102.5021   85.5279    0.4595   89.3136    0.2290    0.2481
    
2023040400
   0   58.7072 -999.9900   90.8278   90.8278   80.8089   -1.6693   76.9586    0.2119    0.2340
   0   59.2625 -999.9900   94.0370   94.0370   84.4324    6.7312   79.9000    0.2082    0.2393
   0   59.4160 -999.9900   93.6594   93.6594   82.4855    2.5983   79.7573    0.2103    0.2481
   0   59.7017 -999.9900   95.0239   95.0239   84.6146    7.5900   80.7932    0.2084    0.2435
    
2023040500
   0   54.3647 -999.9900   91.5351   91.5351   82.8473   -1.7316   76.7704    0.2418    0.1786
   0   53.7889 -999.9900   90.3842   90.3842   80.4182   -7.0460   75.4720    0.2494    0.1778
   0   53.9271 -999.9900   93.4770   93.4770   82.1081   -2.7852   78.5129    0.2242    0.2082
   0   53.6422 -999.9900   90.9383   90.9383   80.4087   -7.1408   76.0275    0.2313    0.1931
    
2023040600
   0   50.8172 -999.9900   86.4400   86.4400   84.6757    3.0249   70.3865    0.1508    0.1889
   0   51.8236 -999.9900   88.2734   88.2734   83.9827   -1.4359   71.6245    0.1491    0.2184
   0   50.4763 -999.9900   85.7593   85.7593   83.3311    1.4859   69.2552    0.1382    0.2048
   0   51.3948 -999.9900   86.9429   86.9429   83.4122   -1.2065   70.0451    0.1381    0.2246
    
2023040700
   0   62.8553 -999.9900   97.1031   97.1031   87.4839    3.4974   82.1136    0.2693    0.2257
   0   58.4643 -999.9900   84.9722   84.9722   87.2437    5.5885   70.0001    0.1851    0.2069
   0   60.8049 -999.9900   91.3313   91.3313   86.6579    1.9224   76.2561    0.2345    0.2092
   0   58.0666 -999.9900   84.2438   84.2438   86.7556    4.2572   69.3009    0.1848    0.1928
    
2023040800
   0   60.9426 -999.9900   82.2854   82.2854   85.0061    5.8964   66.1516    0.2557    0.1309
   0   59.9046 -999.9900   78.6264   78.6264   84.0737    7.5692   62.2327    0.2009    0.1520
   0   61.3058 -999.9900   80.0070   80.0070   84.6443    6.3148   64.5524    0.2599    0.1319
   0   60.2707 -999.9900   77.5184   77.5184   84.2532    7.7256   61.5649    0.2145    0.1476
    
2023040900
   0   57.0252 -999.9900   88.6455   88.6455   86.4122   19.4091   71.8704    0.2711    0.1075
   0   54.9090 -999.9900   85.4720   85.4720   86.4536   19.3056   69.1711    0.1951    0.1114
   0   56.0635 -999.9900   84.8105   84.8105   85.3363   22.3478   67.1213    0.2671    0.0845
   0   54.6998 -999.9900   83.3238   83.3238   86.0231   21.5260   66.5938    0.2114    0.0985
    
2023041000
   0   49.9659 -999.9900   82.0850   82.0850   85.4156   11.3906   66.1828    0.1393    0.1613
   0   49.4622 -999.9900   82.1985   82.1985   85.4837   20.0394   65.1169    0.1109    0.1944
   0   51.8551 -999.9900   85.7523   85.7523   88.2682   15.2475   70.2785    0.1470    0.1673
   0   50.4921 -999.9900   84.0555   84.0555   87.2722   18.6800   67.4006    0.1201    0.1911
    
2023041100
   0   51.0562 -999.9900   90.3765   90.3765   84.4423    6.3181   75.0313    0.2058    0.1498
   0   49.2338 -999.9900   85.5901   85.5901   85.0044   12.4640   69.8690    0.1517    0.1636
   0   50.7525 -999.9900   90.0703   90.0703   88.2909   11.2107   74.3953    0.1898    0.1385
   0   49.5944 -999.9900   86.7822   86.7822   87.4857   13.6944   71.0265    0.1482    0.1564
    
2023041200
   0   55.1553 -999.9900   86.3196   86.3196   85.5153   17.8995   72.5407    0.2019    0.1565
   0   57.7075 -999.9900   93.1145   93.1145   85.0495   14.0711   80.6063    0.2197    0.2031
   0   55.6056 -999.9900   89.4624   89.4624   85.9194   19.9560   75.9775    0.2075    0.1549
   0   57.1546 -999.9900   92.8981   92.8981   85.4291   16.9837   80.2478    0.2179    0.1906
    
2023041300
   0   58.7619 -999.9900   82.3939   82.3939   81.1877   15.3914   69.0498    0.1869    0.1973
   0   59.4012 -999.9900   84.8916   84.8916   83.4515   19.7572   71.3535    0.2074    0.1710
   0   58.7767 -999.9900   82.2030   82.2030   80.4865   18.9033   68.8483    0.2056    0.1717
   0   59.3523 -999.9900   83.9050   83.9050   82.6577   20.6449   70.4021    0.2133    0.1632
    
2023041400
   0   64.7448 -999.9900   86.1592   86.1592   83.2724    8.9294   70.4233    0.2438    0.1833
   0   66.3154 -999.9900   87.9769   87.9769   87.0537   13.6556   72.5241    0.2564    0.1648
   0   63.6454 -999.9900   82.0021   82.0021   82.3764   10.8847   66.6625    0.2320    0.1564
   0   65.2538 -999.9900   84.1404   84.1404   85.6416   15.0527   68.9306    0.2507    0.1551
    
2023041500
   0   54.6695 -999.9900   79.4391   79.4391   82.3964    2.4376   62.0626    0.0894    0.2231
   0   54.4795 -999.9900   75.3830   75.3830   83.7638    1.9087   57.6827    0.0914    0.1981
   0   54.9284 -999.9900   77.9301   77.9301   82.5603   -1.8907   60.1210    0.0985    0.2278
   0   54.4599 -999.9900   74.4267   74.4267   83.4706   -0.4176   56.4061    0.0966    0.2007
    
2023041600
   0   60.5213 -999.9900   98.1906   98.1906   86.4407    2.1345   83.9249    0.2697    0.2610
   0   60.3235 -999.9900  100.6642  100.6642   87.4601   -2.8824   86.3616    0.2086    0.3114
   0   57.9316 -999.9900   95.8831   95.8831   87.2920   -2.1429   80.7796    0.2215    0.2479
   0   58.7997 -999.9900   98.7795   98.7795   87.8843   -3.3255   83.9523    0.1979    0.2945
    
2023041700
   0   60.0749 -999.9900   98.3013   98.3013   90.0565    9.1974   81.4765    0.1415    0.3127
   0   57.3339 -999.9900   92.5665   92.5665   89.7127    1.4076   75.2645    0.0815    0.3143
   0   60.4752 -999.9900  100.0232  100.0232   90.5129    5.3528   83.3320    0.1254    0.3355
   0   58.1866 -999.9900   94.3025   94.3025   90.3668    1.0401   77.3599    0.0810    0.3293
    
2023041800
   0   60.6314 -999.9900   97.2963   97.2963   89.8273   -2.2120   81.8923    0.1890    0.2841
   0   59.2133 -999.9900   91.4690   91.4690   87.9097   -6.3085   75.9434    0.1836    0.2682
   0   60.0329 -999.9900   96.4442   96.4442   88.6839    4.9543   80.9107    0.1752    0.2774
   0   59.1001 -999.9900   92.3228   92.3228   88.0861   -3.9973   76.7291    0.1714    0.2685
    
2023041900
   0   58.2531 -999.9900   98.7860   98.7860   89.3145   -6.7145   84.1629    0.1502    0.3044
   0   59.9212 -999.9900  102.5599  102.5599   90.2375   -5.5776   86.9485    0.1185    0.3968
   0   58.5036 -999.9900   99.1412   99.1412   89.3607  -13.4251   85.1376    0.1621    0.3068
   0   59.6581 -999.9900  101.5531  101.5531   90.8420  -10.3812   86.2952    0.1330    0.3771
    
2023042000
   1 -999.9900 -999.9900 -999.9900 -999.9900 -999.9900 -999.9900 -999.9900 -999.9900 -999.9900
   0   60.8617 -999.9900  107.9702  107.9702   88.1413  -12.7478   94.1128    0.1154    0.4497
   1 -999.9900 -999.9900 -999.9900 -999.9900 -999.9900 -999.9900 -999.9900 -999.9900 -999.9900
   0   67.2319 -999.9900  114.2201  114.2201   83.2867   -5.9734  100.2735    0.1017    0.4956
    
2023042100
   0   60.0609 -999.9900   96.1589   96.1589   85.5469  -11.7144   82.1165    0.1093    0.3753
   0   65.8115 -999.9900  108.4057  108.4057   85.7545  -19.9219   93.5275    0.1088    0.4342
   0   62.5625 -999.9900   99.6819   99.6819   83.7915  -10.6841   85.4482    0.1246    0.3710
   0   65.8670 -999.9900  108.4383  108.4383   85.2301  -25.1613   93.5681    0.1203    0.4236
    
2023042200
   0   59.3331 -999.9900   92.0100   92.0100   81.0118    1.8795   75.9121    0.1161    0.3174
   0   61.7362 -999.9900   95.7389   95.7389   82.5063   -0.4985   79.8159    0.1079    0.3803
   0   60.5711 -999.9900   96.0295   96.0295   83.6475    5.3412   79.5792    0.1113    0.3439
   0   62.2242 -999.9900   98.2579   98.2579   83.6780    2.7188   81.8604    0.1093    0.3743
    
2023042300
   0   60.2238 -999.9900   92.3725   92.3725   85.7225   -8.9398   75.0922    0.1518    0.2933
   0   62.2206 -999.9900   96.5973   96.5973   85.9598    4.8451   80.4611    0.1455    0.3263
   0   61.4655 -999.9900   93.2061   93.2061   84.9731   -0.5456   75.5973    0.1376    0.3206
   0   62.1769 -999.9900   94.0109   94.0109   85.3842    6.9993   77.4576    0.1400    0.3254
    
2023042400
   0   58.3512 -999.9900   92.3624   92.3624   87.1423   -4.0385   76.4533    0.1412    0.2508
   0   58.9133 -999.9900   91.5958   91.5958   87.0989   14.8659   75.3504    0.0970    0.2888
   0   56.3206 -999.9900   81.6290   81.6290   87.5648    0.6783   65.7059    0.1145    0.2233
   0   57.3378 -999.9900   86.6663   86.6663   87.4211   11.8469   69.6652    0.0845    0.2735
    
2023042500
   0   50.6355 -999.9900   82.3211   82.3211   87.7077   13.0795   68.4784    0.1141    0.2091
   0   48.3803 -999.9900   77.9743   77.9743   83.4483   10.7357   62.4034    0.0952    0.1792
   0   50.0074 -999.9900   81.7112   81.7112   86.4315   11.8163   67.6392    0.1119    0.1858
   0   48.4076 -999.9900   78.1739   78.1739   84.0087   10.8270   63.0310    0.0983    0.1719
    
2023042600
   0   55.8251 -999.9900   90.7054   90.7054   87.3892    3.2619   75.7475    0.1944    0.2009
   0   54.4776 -999.9900   82.6682   82.6682   84.9735    8.8674   67.3713    0.1423    0.2100
   0   56.4527 -999.9900   90.7060   90.7060   86.2978    8.3070   76.0252    0.1873    0.2245
   0   55.1681 -999.9900   83.8305   83.8305   85.5033    9.5918   68.7677    0.1345    0.2302
    
2023042700
   0   58.0504 -999.9900   77.0145   77.0145   79.4037    9.3157   62.0404    0.2028    0.1379
   0   57.8865 -999.9900   75.3251   75.3251   82.8854   13.2023   59.8087    0.1578    0.1461
   0   56.3361 -999.9900   73.6174   73.6174   79.2876    8.6601   58.7653    0.1613    0.1383
   0   56.8462 -999.9900   73.0729   73.0729   81.9230   11.9547   57.7339    0.1486    0.1426
    
2023042800
   0   54.0659 -999.9900   81.9454   81.9454   81.6150   13.1131   67.7898    0.1160    0.2288
   0   54.9055 -999.9900   87.8720   87.8720   83.3158   12.6235   72.7979    0.1415    0.2290
   0   52.7838 -999.9900   79.4536   79.4536   80.5290   12.9870   64.6388    0.1105    0.2192
   0   53.9803 -999.9900   84.8285   84.8285   82.7435   13.0266   69.4476    0.1326    0.2236
    
2023042900
   0   62.0803 -999.9900  100.1837  100.1837   86.7158   12.6919   85.2457    0.2122    0.2609
   0   62.1125 -999.9900   96.9016   96.9016   86.2173   12.7154   81.5253    0.1645    0.3014
   0   61.3289 -999.9900   96.3806   96.3806   85.0729    9.7053   80.0079    0.2073    0.2601
   0   61.7955 -999.9900   96.4761   96.4761   85.0057   10.5704   80.4864    0.1641    0.3130
    
2023043000
   0   57.5047 -999.9900   84.4510   84.4510   75.4268    9.6017   68.4514    0.1698    0.2169
   0   56.3453 -999.9900   83.6825   83.6825   77.3581   12.4659   67.2643    0.1343    0.2252
   0   55.8367 -999.9900   81.6584   81.6584   76.8291   12.6368   65.1619    0.1584    0.1903
   0   55.6416 -999.9900   82.2305   82.2305   77.7930   14.0996   65.7207    0.1335    0.2065
    
2023050100
   0   49.5521 -999.9900   70.5226   70.5226   76.8724    1.4843   55.3023    0.1974    0.0918
   0   47.0249 -999.9900   64.1343   64.1343   77.8993    6.2469   48.2073    0.1234    0.0865
   0   47.3510 -999.9900   66.4360   66.4360   74.5779    1.6795   50.4165    0.1784    0.0850
   0   46.0631 -999.9900   62.6034   62.6034   76.2317    4.8169   46.2285    0.1254    0.0844
    
2023050200
   0   53.5719 -999.9900   82.3370   82.3370   76.6031   -0.3031   67.0880    0.2234    0.1625
   0   50.4266 -999.9900   80.1318   80.1318   75.9121    4.7745   63.7024    0.1975    0.1497
   0   53.0905 -999.9900   82.2734   82.2734   77.6502    2.2060   66.8949    0.2117    0.1597
   0   50.8792 -999.9900   80.3440   80.3440   76.8353    5.0832   64.1402    0.1949    0.1501
    
2023050300
   0   50.4604 -999.9900   77.6426   77.6426   82.7144   14.8639   62.2100    0.1625    0.1053
   0   49.8355 -999.9900   75.5233   75.5233   80.5559   15.9469   59.8424    0.1552    0.1185
   0   49.0595 -999.9900   76.3167   76.3167   80.6805   12.5147   60.4355    0.1547    0.1162
   0   48.9540 -999.9900   74.6508   74.6508   79.6576   14.3798   58.3709    0.1485    0.1186
    
2023050400
   0   54.1184 -999.9900   84.3031   84.3031   77.2384    2.1308   67.6914    0.2797    0.0939
   0   55.9998 -999.9900   86.6597   86.6597   81.5675    4.1968   69.4841    0.2763    0.1136
   0   54.0376 -999.9900   83.0497   83.0497   78.5537    1.8001   66.3699    0.2746    0.0935
   0   55.6245 -999.9900   85.3010   85.3010   81.5799    3.6326   68.0762    0.2703    0.1138
    
2023050500
   0   56.6477 -999.9900   98.2317   98.2317   85.2044    3.6505   81.5592    0.1877    0.2600
   0   57.1482 -999.9900   99.9619   99.9619   84.1996    2.1213   83.7231    0.2392    0.2370
   0   56.3972 -999.9900   98.5029   98.5029   84.6223   -1.1561   81.7406    0.2035    0.2407
   0   56.9643 -999.9900   99.7876   99.7876   83.3250   -0.3802   83.1415    0.2389    0.2377
    
2023050600
   0   53.8470 -999.9900   98.5375   98.5375   84.6948   -1.8593   81.9515    0.1955    0.2655
   0   53.5561 -999.9900   94.0914   94.0914   79.7776   -7.5876   78.0934    0.1955    0.2135
   0   53.0993 -999.9900   97.4256   97.4256   86.3193   -4.6837   81.4902    0.1605    0.2650
   0   53.0460 -999.9900   93.9593   93.9593   81.8115   -7.6048   78.4113    0.1772    0.2138
    
2023050700
   0   57.1001 -999.9900  105.9013  105.9013   77.4650  -12.9410   93.2884    0.2461    0.2978
   0   53.1853 -999.9900   99.9784   99.9784   80.3630  -11.4740   86.8657    0.2173    0.2349
   0   55.3400 -999.9900  105.5410  105.5410   81.4359  -10.2159   92.5769    0.2294    0.2767
   0   53.0360 -999.9900  100.1144  100.1144   81.8623   -9.9931   87.0196    0.2145    0.2333
    
2023050800
   0   52.1305 -999.9900   91.3221   91.3221   86.2980   -0.2786   74.9404    0.2008    0.1802
   0   52.5993 -999.9900   88.3427   88.3427   86.3714    2.7397   72.4469    0.2009    0.1570
   0   52.8026 -999.9900   91.0332   91.0332   87.1100    0.0318   75.0566    0.2046    0.1835
   0   52.8790 -999.9900   88.4334   88.4334   86.4371    1.3494   72.5335    0.2059    0.1637
    
2023050900
   0   64.0526 -999.9900   96.4236   96.4236   84.7666    4.5453   80.6089    0.2368    0.2222
   0   63.1636 -999.9900   93.9274   93.9274   85.7771    7.7344   77.8036    0.2751    0.1729
   0   61.3342 -999.9900   86.4690   86.4690   84.1406    0.9038   70.6767    0.2216    0.1803
   0   61.4665 -999.9900   87.3733   87.3733   85.2045    6.1427   71.5261    0.2618    0.1467
    
2023051000
   0   58.8025 -999.9900   93.1459   93.1459   81.6097    6.2475   77.0968    0.2368    0.1983
   0   60.5554 -999.9900   95.7227   95.7227   84.1635   12.7900   81.7973    0.2797    0.1799
   0   59.9245 -999.9900   93.4488   93.4488   84.3933    5.3268   77.5723    0.2346    0.2132
   0   61.0063 -999.9900   96.4639   96.4639   84.8413   11.9737   82.1702    0.2713    0.1985
    
2023051100
   0   64.0713 -999.9900   97.9256   97.9256   86.4563    8.9713   81.0000    0.3132    0.1773
   0   64.9635 -999.9900  101.4973  101.4973   87.7371    6.8569   84.9218    0.3018    0.1985
   0   63.7763 -999.9900   96.8936   96.8936   87.8867    9.9347   80.1446    0.3128    0.1590
   0   64.6977 -999.9900  100.9864  100.9864   88.4529    7.6978   84.3309    0.3045    0.1918
    
2023051200
   1 -999.9900 -999.9900 -999.9900 -999.9900 -999.9900 -999.9900 -999.9900 -999.9900 -999.9900
   1 -999.9900 -999.9900 -999.9900 -999.9900 -999.9900 -999.9900 -999.9900 -999.9900 -999.9900
   1 -999.9900 -999.9900 -999.9900 -999.9900 -999.9900 -999.9900 -999.9900 -999.9900 -999.9900
   1 -999.9900 -999.9900 -999.9900 -999.9900 -999.9900 -999.9900 -999.9900 -999.9900 -999.9900
    
2023051300
   0   58.7172 -999.9900  104.8143  104.8143   80.8832   19.4623   90.4946    0.2870    0.2497
   0   57.1832 -999.9900  102.3285  102.3285   85.5963   13.7301   87.3879    0.2815    0.1936
   0   59.3158 -999.9900  107.2980  107.2980   81.4966   16.4684   93.9064    0.2917    0.2534
   0   58.0512 -999.9900  104.6707  104.6707   84.8947   13.7330   90.7488    0.2831    0.2090
    
2023051400
   0   57.2558 -999.9900  105.1579  105.1579   86.8889   16.0254   91.6616    0.1944    0.2868
   0   56.9110 -999.9900  100.7094  100.7094   87.1452   12.9996   87.6320    0.2066    0.2479
   0   56.1229 -999.9900  104.9217  104.9217   87.0327   12.6437   91.6453    0.1945    0.2819
   0   56.1434 -999.9900  101.9756  101.9756   87.5702   12.6698   88.9250    0.1998    0.2480
    
2023051500
   0   68.9473 -999.9900  107.4003  107.4003   85.2171    6.5412   94.0147    0.3119    0.2591
   0   65.4763 -999.9900  104.4119  104.4119   87.5558    0.4537   89.3588    0.2948    0.2298
   0   67.8111 -999.9900  104.0436  104.0436   84.2493    5.9538   90.3251    0.2701    0.2629
   0   65.2074 -999.9900  102.9368  102.9368   86.8316    1.4773   87.9525    0.2712    0.2483
    
2023051600
   0   66.2064 -999.9900   99.9708   99.9708   87.0507  -10.4066   85.5040    0.1623    0.3350
   0   63.3901 -999.9900   93.8492   93.8492   88.8716   -2.7957   78.5798    0.2143    0.2428
   0   66.2795 -999.9900  100.4771  100.4771   85.9486   -6.6423   85.7217    0.1703    0.3294
   0   63.8448 -999.9900   96.0311   96.0311   87.9521   -1.7614   80.5541    0.2110    0.2514
    
2023051700
   0   71.5123 -999.9900   97.4265   97.4265   80.6593    9.5118   82.8070    0.2666    0.2614
   0   70.3408 -999.9900   96.7425   96.7425   83.9539    2.0564   81.9665    0.2471    0.2477
   0   70.0691 -999.9900   95.0349   95.0349   83.0955    7.0724   80.6141    0.2546    0.2432
   0   69.5156 -999.9900   95.1387   95.1387   84.7387    0.2214   80.4049    0.2406    0.2427
    
2023051800
   0   69.8269 -999.9900   91.6551   91.6551   84.3137    3.7097   76.5940    0.2450    0.2665
   0   71.4888 -999.9900   96.8844   96.8844   85.6621    4.3227   81.6652    0.2690    0.2675
   0   70.4883 -999.9900   93.8052   93.8052   84.9158   -3.7068   78.4886    0.2557    0.2613
   0   71.5340 -999.9900   96.9982   96.9982   85.9594   -0.9025   81.6886    0.2748    0.2651
    
2023051900
   0   67.9966 -999.9900  101.3133  101.3133   88.8473    5.0027   85.9954    0.2016    0.3654
   0   69.0117 -999.9900  105.1222  105.1222   85.1700   13.0524   91.4661    0.2627    0.3188
   0   68.3418 -999.9900  105.3096  105.3096   89.5565    4.8242   90.0950    0.2308    0.3595
   0   68.9031 -999.9900  106.7445  106.7445   86.2952   10.5299   92.8094    0.2671    0.3250
    
2023052000
   0   57.0012 -999.9900   86.4768   86.4768   83.3781   -0.8930   69.8399    0.2057    0.1704
   0   59.1096 -999.9900   88.5553   88.5553   85.0140    3.8814   73.3452    0.2171    0.1817
   0   56.7091 -999.9900   82.6509   82.6509   85.9782    1.1972   65.9473    0.1623    0.1848
   0   58.2932 -999.9900   85.9649   85.9649   87.1963    5.2959   70.1083    0.1905    0.1786
    
2023052100
   0   52.5510 -999.9900   91.5277   91.5277   86.8408    3.6362   76.5633    0.1669    0.2366
   0   52.6029 -999.9900   93.0458   93.0458   86.8751   12.4098   78.2399    0.1769    0.2273
   0   50.8491 -999.9900   89.5494   89.5494   87.0069   10.0375   73.8331    0.1442    0.2224
   0   51.5735 -999.9900   91.3995   91.3995   87.5405   13.3349   76.2169    0.1598    0.2168
    
2023052200
   0   54.3140 -999.9900   83.0562   83.0562   85.3199    7.8872   67.5728    0.1274    0.1883
   0   54.8757 -999.9900   84.8442   84.8442   84.5176   14.7809   69.0768    0.1482    0.1699
   0   55.1740 -999.9900   82.1501   82.1501   84.9205    5.0009   66.5196    0.1124    0.2258
   0   55.1267 -999.9900   82.9639   82.9639   85.1326   11.9672   66.9983    0.1332    0.1835
    
2023052300
   0   60.9086 -999.9900   95.8359   95.8359   83.6817    6.6944   80.3647    0.1897    0.2778
   0   60.5440 -999.9900   94.3126   94.3126   83.7430   11.4972   78.9352    0.1914    0.2779
   0   60.4533 -999.9900   96.6214   96.6214   86.5244    7.4265   80.6237    0.1680    0.2734
   0   60.3107 -999.9900   94.3511   94.3511   85.3618   11.7920   78.7212    0.1731    0.2650
    
2023052400
   0   57.2088 -999.9900   98.5118   98.5118   82.0380   15.5921   85.0398    0.2365    0.2280
   0   56.4987 -999.9900   98.1097   98.1097   81.9962   20.2987   83.5151    0.2137    0.2446
   0   56.1564 -999.9900   95.4672   95.4672   83.7103   11.5456   81.2577    0.2173    0.2137
   0   55.7781 -999.9900   97.0634   97.0634   83.0516   17.3027   81.9636    0.2092    0.2357
    
2023052500
   0   55.5645 -999.9900   87.2927   87.2927   84.5259   21.7179   72.5615    0.1698    0.2152
   0   57.3296 -999.9900   88.7204   88.7204   84.8484   17.0566   73.3629    0.1931    0.2170
   0   53.8421 -999.9900   82.1974   82.1974   83.2216   22.0171   67.4821    0.1114    0.2223
   0   55.7432 -999.9900   84.1511   84.1511   84.3958   19.4021   69.1845    0.1455    0.2250
    
2023052600
   0   55.7265 -999.9900   92.3069   92.3069   84.3114   15.6121   77.5510    0.1099    0.3117
   0   55.6740 -999.9900   94.0879   94.0879   83.6595   16.5819   78.9625    0.1362    0.2961
   0   53.2956 -999.9900   88.2444   88.2444   81.8959   11.7080   71.8980    0.1072    0.2944
   0   54.1688 -999.9900   91.0743   91.0743   82.5126   13.7076   74.7524    0.1270    0.2851
    
2023052700
   0   53.5736 -999.9900   88.8653   88.8653   83.7710    8.8400   73.0035    0.1897    0.1981
   0   56.0770 -999.9900   94.4429   94.4429   85.1520   13.5576   79.0640    0.2141    0.2177
   0   52.9286 -999.9900   86.5074   86.5074   85.0847   10.7536   71.8508    0.1779    0.1796
   0   54.9924 -999.9900   91.6201   91.6201   85.6101   12.3659   76.7834    0.1995    0.2052
    
2023052800
   0   54.0941 -999.9900   91.8518   91.8518   84.4919    6.1915   75.8297    0.2730    0.1435
   0   54.6304 -999.9900   94.2721   94.2721   86.6708    4.4511   79.1109    0.2644    0.1578
   0   51.7948 -999.9900   88.5739   88.5739   85.1021    9.5305   72.7176    0.2308    0.1201
   0   53.0932 -999.9900   91.3567   91.3567   86.5635    6.3656   75.8518    0.2342    0.1395
    
2023052900
   0   55.0528 -999.9900   97.9552   97.9552   88.0365   11.4735   84.6586    0.3432    0.0980
   0   52.1156 -999.9900   91.4578   91.4578   86.3341    9.4736   77.5931    0.2898    0.0949
   0   51.1483 -999.9900   88.8958   88.8958   86.8176   15.8117   75.0818    0.2603    0.0947
   0   50.4047 -999.9900   88.5928   88.5928   86.1382   11.3030   74.4722    0.2555    0.0937
    
2023053000
   0   47.1817 -999.9900   82.0653   82.0653   82.1809    3.0455   67.9445    0.1471    0.1374
   0   49.4744 -999.9900   83.5425   83.5425   88.0226   10.7713   69.8038    0.1601    0.1156
   0   47.7918 -999.9900   82.4665   82.4665   83.7263    6.7552   68.7328    0.1556    0.1159
   0   49.3530 -999.9900   84.2764   84.2764   87.6126   11.2578   70.5139    0.1660    0.1151
    
2023053100
   0   52.4978 -999.9900   91.8430   91.8430   87.6525   12.4772   77.2641    0.2351    0.1683
   0   50.6437 -999.9900   87.6134   87.6134   87.3307   13.2563   73.0699    0.1781    0.1680
   0   52.0785 -999.9900   90.2780   90.2780   86.1312   11.0956   75.0706    0.2165    0.1658
   0   50.7117 -999.9900   87.1395   87.1395   86.9949   13.8229   72.3900    0.1911    0.1606
    
2023060100
   0   55.0458 -999.9900   98.5439   98.5439   87.7885    3.0490   84.5628    0.2471    0.2049
   0   55.8761 -999.9900  104.5395  104.5395   86.8874  -10.1827   90.6533    0.2667    0.2407
   0   55.3200 -999.9900  101.2405  101.2405   86.4754   -4.6638   86.5741    0.2491    0.2171
   0   56.1309 -999.9900  106.1537  106.1537   85.8059  -13.0031   91.9507    0.2718    0.2500
    
2023060200
   0   55.9214 -999.9900  101.8754  101.8754   86.9111    8.0690   89.6621    0.2672    0.2118
   0   57.0611 -999.9900  106.3626  106.3626   85.1500   -2.2122   93.7876    0.2801    0.2219
   0   55.5862 -999.9900  102.0039  102.0039   87.0586    5.3516   89.2533    0.2641    0.2158
   0   56.7092 -999.9900  106.6886  106.6886   85.5242   -3.5215   93.6114    0.2858    0.2221
    
2023060300
   0   50.0627 -999.9900   89.4313   89.4313   84.8371    8.3098   74.5920    0.2195    0.1283
   0   49.6743 -999.9900   93.9562   93.9562   87.0415    8.3345   79.2370    0.1988    0.1645
   0   48.7542 -999.9900   87.6111   87.6111   82.9518    6.1857   72.3408    0.2064    0.1292
   0   48.6038 -999.9900   89.8587   89.8587   86.0853    7.9472   75.0443    0.1922    0.1359
    
2023060400
   0   47.2143 -999.9900   97.1782   97.1782   86.9800    1.9849   81.6877    0.1954    0.1948
   0   47.7962 -999.9900   96.0627   96.0627   87.1120    5.2320   80.5850    0.1650    0.1953
   0   46.1025 -999.9900   91.8266   91.8266   85.6194    1.1650   76.3296    0.1760    0.1591
   0   46.7840 -999.9900   92.6295   92.6295   86.3096    1.9831   76.9643    0.1676    0.1565
    
2023060500
   0   47.9829 -999.9900   94.7123   94.7123   86.0481    4.4169   80.0502    0.1905    0.1845
   0   48.6361 -999.9900   94.3821   94.3821   84.9428   13.0449   79.9902    0.1580    0.2147
   0   46.2188 -999.9900   89.1309   89.1309   85.0106    8.0719   73.2887    0.1780    0.1520
   0   47.3578 -999.9900   91.1688   91.1688   84.6512   12.8050   75.8959    0.1663    0.1843
    
2023060600
   0   50.1905 -999.9900   88.1665   88.1665   88.4494    8.4769   72.3050    0.1582    0.1606
   0   51.3101 -999.9900   89.1418   89.1418   86.5016   13.5291   73.5928    0.1202    0.2139
   0   48.8811 -999.9900   83.8750   83.8750   83.8454    5.7016   67.6097    0.1564    0.1446
   0   49.9793 -999.9900   86.0735   86.0735   84.8963   12.2894   70.3541    0.1365    0.1745
    
2023060700
   0   50.8176 -999.9900   83.0325   83.0325   88.9628   12.9545   68.8562    0.1420    0.1191
   0   54.0733 -999.9900   91.3046   91.3046   89.3501   12.8026   76.9050    0.1505    0.1649
   0   50.2521 -999.9900   82.4150   82.4150   87.4002   10.2284   67.0854    0.1436    0.1155
   0   52.9765 -999.9900   89.1945   89.1945   88.1270   11.8994   74.2547    0.1507    0.1463
    
2023060800
   0   55.0258 -999.9900   85.1169   85.1169   82.6000   14.2181   68.8892    0.1431    0.1914
   0   56.3032 -999.9900   83.5922   83.5922   85.0495   19.1355   67.9405    0.1436    0.1673
   1 -999.9900 -999.9900 -999.9900 -999.9900 -999.9900 -999.9900 -999.9900 -999.9900 -999.9900
   0   55.8370 -999.9900   83.9691   83.9691   84.2329   19.9387   68.3922    0.1425    0.1643
    
2023060900
   0   50.8301 -999.9900   76.1137   76.1137   81.6966   14.8715   60.3655    0.1568    0.1279
   0   51.8370 -999.9900   77.3698   77.3698   80.2124   15.5828   61.0306    0.1625    0.1452
   0   50.1025 -999.9900   76.0499   76.0499   81.0517   12.9271   59.4735    0.1588    0.1239
   0   51.0521 -999.9900   77.1213   77.1213   80.3398   15.0480   60.4976    0.1624    0.1390
    
2023061000
   0   49.0517 -999.9900   79.8982   79.8982   78.4046   13.4959   62.9432    0.1706    0.1287
   0   50.9466 -999.9900   79.1743   79.1743   82.1440   13.3536   62.5539    0.1537    0.1361
   0   51.1375 -999.9900   79.3916   79.3916   78.6336   11.7705   62.6208    0.1905    0.1124
   0   51.7161 -999.9900   79.0369   79.0369   81.9070   12.1991   62.4630    0.1740    0.1198
    
2023061100
   0   50.4182 -999.9900   75.9630   75.9630   81.4561   23.0270   59.4968    0.1788    0.0755
   0   51.1030 -999.9900   78.0759   78.0759   82.4783   24.2582   62.3407    0.1746    0.0913
   0   51.6438 -999.9900   78.5970   78.5970   80.5828   22.0989   62.7820    0.1875    0.0909
   0   51.7307 -999.9900   80.0452   80.0452   82.1596   23.9645   64.3388    0.1876    0.0990
    
2023061200
   0   55.9285 -999.9900   90.7478   90.7478   79.2906    2.5170   77.9879    0.3078    0.0832
   0   54.9673 -999.9900   89.9263   89.9263   80.6889    7.3018   76.2419    0.2743    0.0983
   0   55.5344 -999.9900   89.8370   89.8370   79.8266    2.9038   76.9254    0.2739    0.1148
   0   54.8275 -999.9900   89.2350   89.2350   80.8227    6.5254   75.7599    0.2637    0.1107
    
2023061300
   0   51.7670 -999.9900   97.0447   97.0447   75.1232  -20.8690   81.4430    0.2509    0.2004
   0   47.2658 -999.9900   90.6441   90.6441   79.9664  -16.8485   75.4540    0.2193    0.1513
   0   52.6394 -999.9900   96.6728   96.6728   75.5592  -24.0615   81.1816    0.2776    0.1712
   0   48.7146 -999.9900   92.5782   92.5782   79.4515  -18.0616   77.4261    0.2447    0.1498
    
2023061400
   0   68.4897 -999.9900  109.8220  109.8220   78.3061   -3.1330   96.5939    0.3735    0.2305
   0   64.3498 -999.9900  106.3616  106.3616   82.4042   -9.6051   92.2142    0.3012    0.2406
   0   66.8025 -999.9900  106.9177  106.9177   77.7578   -4.0599   93.0447    0.3526    0.2177
   0   64.3693 -999.9900  105.3872  105.3872   81.7465  -10.9361   91.0574    0.2983    0.2271
    
2023061500
   0   61.1869 -999.9900   98.5197   98.5197   80.4739    1.1673   83.8883    0.2856    0.1791
   0   59.3437 -999.9900   98.6395   98.6395   83.5933    8.2133   82.8928    0.2692    0.1691
   0   59.2674 -999.9900   97.8319   97.8319   81.8049    5.0241   81.6648    0.2564    0.1817
   0   58.5839 -999.9900   97.9714   97.9714   84.0644    8.7425   81.6864    0.2586    0.1723
    
2023061600
   0   55.9466 -999.9900   89.2596   89.2596   82.6330   12.2341   73.1177    0.1724    0.2107
   0   57.3024 -999.9900   91.9295   91.9295   82.2693   15.2802   75.4924    0.1896    0.2179
   0   57.0641 -999.9900   92.5495   92.5495   81.5674   12.6499   76.1096    0.1925    0.2131
   0   57.6918 -999.9900   93.4786   93.4786   82.2257   16.0592   76.8333    0.1974    0.2181
    
2023061700
   0   58.1611 -999.9900   98.2690   98.2690   84.2976    6.5663   80.5095    0.2186    0.2241
   0   57.8190 -999.9900   95.6247   95.6247   81.4596    7.6444   77.2710    0.1939    0.2403
   0   57.3006 -999.9900   96.0377   96.0377   81.6238   10.4005   76.6356    0.2038    0.2175
   0   57.2604 -999.9900   95.0434   95.0434   80.2980   10.0304   75.7185    0.1965    0.2317
    
2023061800
   0   62.1755 -999.9900   92.2501   92.2501   83.2870    2.9524   75.5568    0.1961    0.2626
   0   62.3796 -999.9900   97.4435   97.4435   82.0989   -3.7177   80.1381    0.2177    0.2673
   0   63.2819 -999.9900   95.0251   95.0251   85.0543    0.6058   77.8968    0.2049    0.2554
   0   62.9929 -999.9900   97.4508   97.4508   83.3813   -4.8612   79.9668    0.2189    0.2564
    
2023061900
   0   64.3677 -999.9900   91.7103   91.7103   81.5144    5.0540   77.9642    0.2127    0.2196
   0   66.4045 -999.9900   91.5483   91.5483   82.4667   -0.9336   77.5614    0.1900    0.2834
   0   63.4712 -999.9900   92.0003   92.0003   82.4740    8.4855   78.2304    0.1982    0.2359
   0   65.4852 -999.9900   92.0804   92.0804   82.8746    2.2607   78.1933    0.1857    0.2887
    
2023062000
   0   62.4299 -999.9900   92.0370   92.0370   82.6800    0.7375   77.0619    0.1991    0.2222
   0   61.5750 -999.9900   86.9582   86.9582   82.8092    4.3301   72.0506    0.1627    0.2067
   0   61.6593 -999.9900   91.1316   91.1316   82.5535   -0.4877   76.5353    0.1868    0.2210
   0   61.4123 -999.9900   87.7505   87.7505   82.2851    2.3330   73.1311    0.1597    0.2106
    
2023062100
   0   55.6047 -999.9900   92.3606   92.3606   82.1359   10.8361   79.8472    0.1549    0.2604
   0   56.3042 -999.9900   90.7573   90.7573   80.3119   12.9908   77.5161    0.1282    0.2634
   0   55.7184 -999.9900   90.6008   90.6008   81.3459    9.8889   77.1607    0.1402    0.2454
   0   56.3446 -999.9900   90.5501   90.5501   80.3138   12.0209   76.8850    0.1318    0.2537
    
2023062200
   0   51.2001 -999.9900   94.6393   94.6393   83.8476   12.9310   79.8972    0.1862    0.2001
   0   50.6188 -999.9900   94.7159   94.7159   81.0230   16.9942   78.8915    0.1664    0.2215
   0   49.6052 -999.9900   92.4432   92.4432   84.2683   13.9655   76.7649    0.1658    0.1965
   0   49.7956 -999.9900   94.3159   94.3159   82.0100   17.2437   78.1758    0.1602    0.2205
    
2023062300
   0   51.7966 -999.9900   88.7182   88.7182   78.2327   15.4219   71.9241    0.1595    0.2497
   0   52.4348 -999.9900   88.4553   88.4553   80.3358   12.4186   71.6715    0.1658    0.2447
   0   51.5534 -999.9900   87.3941   87.3941   79.3490   15.9091   70.9104    0.1421    0.2505
   0   52.1460 -999.9900   87.1887   87.1887   80.3168   14.0265   70.4936    0.1535    0.2469
    
2023062400
   0   53.2932 -999.9900   89.4500   89.4500   82.5423   17.4331   73.8704    0.1576    0.2372
   0   53.9050 -999.9900   91.3830   91.3830   81.0894   14.8538   75.5594    0.1667    0.2275
   0   53.3611 -999.9900   89.7740   89.7740   81.5538   17.4180   74.1049    0.1589    0.2368
   0   53.9968 -999.9900   91.5293   91.5293   80.9921   15.3979   75.8887    0.1656    0.2326
    
2023062500
   0   53.9974 -999.9900   84.6636   84.6636   80.0707   10.5302   69.6348    0.1388    0.2318
   0   54.3325 -999.9900   83.4662   83.4662   78.9762   16.6627   68.8708    0.1585    0.1936
   0   53.7228 -999.9900   85.6916   85.6916   81.0722   12.0331   69.7642    0.1315    0.2269
   0   53.9098 -999.9900   84.1695   84.1695   79.4901   16.1292   68.5760    0.1553    0.1917
    
2023062600
   0   55.4911 -999.9900  100.7391  100.7391   83.1543   11.5725   84.9859    0.2281    0.2200
   0   52.4884 -999.9900   87.3460   87.3460   80.1155    8.3686   71.5372    0.2094    0.1340
   0   54.0662 -999.9900   96.3490   96.3490   81.4731   10.1963   79.9680    0.2183    0.1979
   0   52.0456 -999.9900   87.2185   87.2185   79.8026    6.7575   71.0300    0.2083    0.1340
    
2023062700
   0   49.6362 -999.9900   85.5282   85.5282   83.9990   16.0926   68.4694    0.1833    0.1435
   0   48.6347 -999.9900   83.0001   83.0001   81.6984   10.4242   66.3080    0.1658    0.1460
   0   49.2985 -999.9900   84.3161   84.3161   83.0123   14.9879   67.4280    0.1739    0.1439
   0   48.5180 -999.9900   82.6153   82.6153   81.6154   10.3034   65.8002    0.1627    0.1458
    
2023062800
   0   55.8868 -999.9900   89.2161   89.2161   81.2585   12.1717   73.6862    0.2183    0.1633
   0   55.8353 -999.9900   87.6440   87.6440   82.6201   17.2168   69.8958    0.1651    0.2032
   0   55.6024 -999.9900   87.5252   87.5252   83.1501   15.1648   71.4889    0.1884    0.1711
   0   55.5376 -999.9900   86.7290   86.7290   83.6248   15.7501   69.0751    0.1478    0.2055
    
2023062900
   0   50.5532 -999.9900   83.1288   83.1288   80.4895    5.0926   66.8343    0.1461    0.1769
   0   49.8448 -999.9900   81.1969   81.1969   78.7172    6.4682   64.1992    0.1466    0.1669
   0   51.0845 -999.9900   85.3008   85.3008   80.9998    8.1551   69.1128    0.1639    0.1720
   0   50.0094 -999.9900   82.1901   82.1901   79.6267    6.7369   65.2543    0.1544    0.1625
    
2023063000
   0   49.5931 -999.9900   85.4050   85.4050   81.0045   10.0090   70.2960    0.1590    0.1736
   0   49.5931 -999.9900   85.4050   85.4050   81.0045   10.0090   70.2960    0.1590    0.1736
   0   47.8914 -999.9900   82.8919   82.8919   80.4504   11.0443   67.7202    0.1236    0.1955
   0   47.2623 -999.9900   78.8438   78.8438   80.5165    8.6989   64.1226    0.1212    0.1673
    
