v6.1 gefs
v6.1 naefs
v7.0 gefs
v7.0 naefs
    
2023040100
   0    1.2525 -999.9900    2.0898    2.0898    0.6502   -0.2431    1.4707    0.3462    0.3532
   0    0.9330 -999.9900    1.7376    1.7376    1.4946   -0.2559    1.2563    0.1833    0.1920
   0    1.2531 -999.9900    2.0877    2.0877    0.6405   -0.2320    1.4701    0.3468    0.3532
   0    0.9362 -999.9900    1.7431    1.7431    1.4511   -0.2358    1.2527    0.1923    0.1979
    
2023040200
   0    1.2387 -999.9900    1.9929    1.9929    0.6099   -0.5038    1.4603    0.4075    0.3037
   0    0.8886 -999.9900    1.6416    1.6416    1.5367   -0.5355    1.2214    0.2168    0.1340
   0    1.2402 -999.9900    2.0073    2.0073    0.6369   -0.5296    1.4683    0.4057    0.2932
   0    0.9022 -999.9900    1.6563    1.6563    1.4918   -0.5429    1.2310    0.2309    0.1357
    
2023040300
   0    1.1908 -999.9900    1.9754    1.9754    0.5922   -0.2339    1.3967    0.3531    0.3291
   0    0.8489 -999.9900    1.5844    1.5844    1.5189   -0.1285    1.1577    0.1543    0.1836
   0    1.1894 -999.9900    1.9754    1.9754    0.6060   -0.2169    1.3992    0.3489    0.3303
   0    0.8568 -999.9900    1.5996    1.5996    1.4581   -0.1441    1.1661    0.1664    0.1898
    
2023040400
   1 -999.9900 -999.9900 -999.9900 -999.9900 -999.9900 -999.9900 -999.9900 -999.9900 -999.9900
   0    0.7814 -999.9900    1.4817    1.4817    1.5208   -0.0982    1.0640    0.1372    0.1501
   1 -999.9900 -999.9900 -999.9900 -999.9900 -999.9900 -999.9900 -999.9900 -999.9900 -999.9900
   0    0.7955 -999.9900    1.5162    1.5162    1.4461   -0.1897    1.0845    0.1572    0.1509
    
2023040500
   1 -999.9900 -999.9900 -999.9900 -999.9900 -999.9900 -999.9900 -999.9900 -999.9900 -999.9900
   1 -999.9900 -999.9900 -999.9900 -999.9900 -999.9900 -999.9900 -999.9900 -999.9900 -999.9900
   1 -999.9900 -999.9900 -999.9900 -999.9900 -999.9900 -999.9900 -999.9900 -999.9900 -999.9900
   1 -999.9900 -999.9900 -999.9900 -999.9900 -999.9900 -999.9900 -999.9900 -999.9900 -999.9900
    
2023040600
   0    1.0958 -999.9900    1.7814    1.7814    0.4965    0.0900    1.2702    0.3103    0.4075
   0    0.8931 -999.9900    1.6617    1.6617    1.4062   -0.1495    1.2015    0.1816    0.2155
   0    1.0910 -999.9900    1.7731    1.7731    0.4957    0.0908    1.2658    0.3096    0.4083
   0    0.8764 -999.9900    1.6111    1.6111    1.3572   -0.1086    1.1664    0.1873    0.2229
    
2023040700
   0    1.1306 -999.9900    1.8660    1.8660    0.5126   -0.4107    1.3109    0.4102    0.2905
   0    0.8645 -999.9900    1.6597    1.6597    1.4311   -0.5409    1.1558    0.2300    0.1195
   0    0.9404 -999.9900    1.6052    1.6052    0.5246   -0.3651    1.1164    0.3780    0.2704
   0    0.7170 -999.9900    1.3887    1.3887    1.3461   -0.4548    0.9588    0.2025    0.1013
    
2023040800
   0    0.9821 -999.9900    1.6504    1.6504    0.5589    0.1396    1.1660    0.2768    0.3770
   0    0.7485 -999.9900    1.4253    1.4253    1.3698   -0.0383    1.0234    0.1269    0.1600
   0    0.8144 -999.9900    1.3863    1.3863    0.5642    0.1145    0.9868    0.2413    0.3615
   0    0.6072 -999.9900    1.1501    1.1501    1.2531   -0.0113    0.8271    0.0999    0.1378
    
2023040900
   0    1.1553 -999.9900    1.8258    1.8258    0.5577    0.2974    1.3438    0.2656    0.4395
   0    0.8563 -999.9900    1.5771    1.5771    1.4872   -0.1764    1.1558    0.1525    0.1613
   0    0.9565 -999.9900    1.5394    1.5394    0.5722    0.2372    1.1365    0.2361    0.4150
   0    0.7005 -999.9900    1.2787    1.2787    1.3952   -0.1421    0.9415    0.1272    0.1363
    
2023041000
   0    1.1135 -999.9900    1.7344    1.7344    0.5084    0.2609    1.2834    0.2753    0.4116
   0    0.8161 -999.9900    1.5001    1.5001    1.5105   -0.2799    1.1072    0.1637    0.1310
   0    0.9129 -999.9900    1.4645    1.4645    0.5169    0.2241    1.0762    0.2430    0.3913
   0    0.6713 -999.9900    1.2316    1.2316    1.4063   -0.1616    0.9023    0.1291    0.1224
    
2023041100
   0    1.1268 -999.9900    1.7433    1.7433    0.5076    0.0875    1.3109    0.3269    0.3879
   0    0.8791 -999.9900    1.6123    1.6123    1.3501   -0.3449    1.1870    0.2085    0.1437
   0    0.8995 -999.9900    1.4321    1.4321    0.5242    0.0958    1.0768    0.2812    0.3682
   0    0.7157 -999.9900    1.3148    1.3148    1.2583   -0.2125    0.9739    0.1615    0.1366
    
2023041200
   0    1.1568 -999.9900    1.8840    1.8840    0.5612   -0.0096    1.3610    0.3225    0.3626
   0    0.8362 -999.9900    1.5585    1.5585    1.4288   -0.2635    1.1348    0.1827    0.1261
   0    1.1571 -999.9900    1.8870    1.8870    0.5570   -0.0032    1.3614    0.3212    0.3615
   0    0.8414 -999.9900    1.5688    1.5688    1.3753   -0.2047    1.1342    0.1850    0.1389
    
2023041300
   0    1.1468 -999.9900    1.8768    1.8768    0.5554    0.0320    1.3420    0.3233    0.3629
   0    0.8907 -999.9900    1.6645    1.6645    1.4010   -0.0815    1.1986    0.1826    0.1667
   0    1.1445 -999.9900    1.8750    1.8750    0.5525    0.0110    1.3426    0.3245    0.3587
   0    0.8866 -999.9900    1.6491    1.6491    1.3537   -0.0639    1.1853    0.1873    0.1742
    
2023041400
   0    1.1399 -999.9900    1.8417    1.8417    0.4809    0.0042    1.3097    0.3528    0.3411
   0    0.8722 -999.9900    1.6180    1.6180    1.3453   -0.0491    1.1641    0.1703    0.1767
   0    1.1390 -999.9900    1.8459    1.8459    0.4816    0.0080    1.3115    0.3504    0.3413
   0    0.8613 -999.9900    1.5949    1.5949    1.2885   -0.0321    1.1434    0.1758    0.1830
    
2023041500
   0    1.2078 -999.9900    1.8714    1.8714    0.4629    0.2466    1.3746    0.3115    0.4573
   0    0.8524 -999.9900    1.5487    1.5487    1.4476   -0.0224    1.1416    0.1356    0.2153
   0    1.2062 -999.9900    1.8695    1.8695    0.4626    0.2368    1.3745    0.3136    0.4581
   0    0.8496 -999.9900    1.5363    1.5363    1.3888    0.0268    1.1303    0.1429    0.2248
    
2023041600
   0    1.1957 -999.9900    1.9397    1.9397    0.5650    0.1047    1.3962    0.3124    0.4082
   0    0.8637 -999.9900    1.5969    1.5969    1.5702   -0.2756    1.1631    0.1715    0.1604
   0    1.2014 -999.9900    1.9491    1.9491    0.5646    0.1060    1.4038    0.3088    0.4097
   0    0.8593 -999.9900    1.5822    1.5822    1.5270   -0.2052    1.1491    0.1765    0.1689
    
2023041700
   0    1.1055 -999.9900    1.7547    1.7547    0.5441    0.1086    1.3003    0.2870    0.3828
   0    0.7945 -999.9900    1.4694    1.4694    1.4014   -0.1370    1.0750    0.1414    0.1639
   0    1.1080 -999.9900    1.7600    1.7600    0.5424    0.1006    1.3041    0.2913    0.3787
   0    0.7961 -999.9900    1.4610    1.4610    1.3594   -0.0937    1.0758    0.1497    0.1722
    
2023041800
   0    0.9979 -999.9900    1.6311    1.6311    0.5119   -0.1701    1.1812    0.3556    0.2973
   0    0.7733 -999.9900    1.4251    1.4251    1.2456   -0.1720    1.0483    0.1749    0.1602
   0    0.9921 -999.9900    1.6281    1.6281    0.5172   -0.1598    1.1770    0.3522    0.2962
   0    0.7651 -999.9900    1.4093    1.4093    1.1949   -0.1598    1.0307    0.1820    0.1655
    
2023041900
   0    0.9780 -999.9900    1.5795    1.5795    0.4952   -0.3894    1.1618    0.4272    0.2540
   1 -999.9900 -999.9900 -999.9900 -999.9900 -999.9900 -999.9900 -999.9900 -999.9900 -999.9900
   0    0.9746 -999.9900    1.5741    1.5741    0.4953   -0.3855    1.1594    0.4251    0.2534
   1 -999.9900 -999.9900 -999.9900 -999.9900 -999.9900 -999.9900 -999.9900 -999.9900 -999.9900
    
2023042000
   0    1.0565 -999.9900    1.7430    1.7430    0.5442   -0.3947    1.2504    0.4218    0.2832
   0    0.7374 -999.9900    1.3794    1.3794    1.2862   -0.2654    0.9990    0.1887    0.1368
   0    1.0575 -999.9900    1.7441    1.7441    0.5292   -0.3902    1.2499    0.4207    0.2844
   0    0.7487 -999.9900    1.4032    1.4032    1.2369   -0.2835    1.0093    0.2061    0.1424
    
2023042100
   0    0.9725 -999.9900    1.5980    1.5980    0.5113   -0.1441    1.1479    0.3550    0.3370
   0    0.7329 -999.9900    1.3620    1.3620    1.2664   -0.2090    1.0014    0.1598    0.1738
   0    0.9641 -999.9900    1.5888    1.5888    0.5098   -0.1242    1.1420    0.3483    0.3366
   0    0.7311 -999.9900    1.3521    1.3521    1.2183   -0.1964    0.9905    0.1718    0.1776
    
2023042200
   0    0.9956 -999.9900    1.5887    1.5887    0.4738    0.0326    1.1660    0.3065    0.3909
   0    0.7583 -999.9900    1.3606    1.3606    1.2104   -0.1177    1.0208    0.1538    0.2145
   0    0.9901 -999.9900    1.5823    1.5823    0.4800    0.0443    1.1621    0.3013    0.3927
   0    0.7555 -999.9900    1.3486    1.3486    1.1683   -0.0947    1.0108    0.1634    0.2191
    
2023042300
   0    0.9988 -999.9900    1.6110    1.6110    0.5026    0.0585    1.1712    0.2944    0.3797
   0    0.7618 -999.9900    1.3766    1.3766    1.3268   -0.2593    1.0159    0.1793    0.1700
   0    0.9974 -999.9900    1.6077    1.6077    0.4902    0.0696    1.1686    0.2938    0.3802
   0    0.7499 -999.9900    1.3504    1.3504    1.2867   -0.1896    0.9914    0.1821    0.1723
    
2023042400
   0    1.0742 -999.9900    1.8173    1.8173    0.5208   -0.1537    1.2612    0.3300    0.3305
   0    0.7544 -999.9900    1.4364    1.4364    1.4316   -0.3499    1.0254    0.1590    0.1322
   0    1.0756 -999.9900    1.8172    1.8172    0.5143   -0.1382    1.2612    0.3277    0.3348
   0    0.7521 -999.9900    1.4348    1.4348    1.3856   -0.2968    1.0161    0.1656    0.1405
    
2023042500
   0    1.0288 -999.9900    1.7952    1.7952    0.4959   -0.0094    1.2069    0.3291    0.3347
   0    0.7309 -999.9900    1.3983    1.3983    1.2856   -0.2239    0.9938    0.1707    0.1370
   0    1.0245 -999.9900    1.7950    1.7950    0.5047   -0.0058    1.2064    0.3276    0.3315
   0    0.7399 -999.9900    1.4340    1.4340    1.2366   -0.1837    1.0015    0.1800    0.1440
    
2023042600
   1 -999.9900 -999.9900 -999.9900 -999.9900 -999.9900 -999.9900 -999.9900 -999.9900 -999.9900
   1 -999.9900 -999.9900 -999.9900 -999.9900 -999.9900 -999.9900 -999.9900 -999.9900 -999.9900
   1 -999.9900 -999.9900 -999.9900 -999.9900 -999.9900 -999.9900 -999.9900 -999.9900 -999.9900
   1 -999.9900 -999.9900 -999.9900 -999.9900 -999.9900 -999.9900 -999.9900 -999.9900 -999.9900
    
2023042700
   1 -999.9900 -999.9900 -999.9900 -999.9900 -999.9900 -999.9900 -999.9900 -999.9900 -999.9900
   1 -999.9900 -999.9900 -999.9900 -999.9900 -999.9900 -999.9900 -999.9900 -999.9900 -999.9900
   1 -999.9900 -999.9900 -999.9900 -999.9900 -999.9900 -999.9900 -999.9900 -999.9900 -999.9900
   1 -999.9900 -999.9900 -999.9900 -999.9900 -999.9900 -999.9900 -999.9900 -999.9900 -999.9900
    
2023042800
   0    1.1505 -999.9900    1.8352    1.8352    0.4886    0.1996    1.3268    0.2832    0.4424
   0    0.8233 -999.9900    1.5373    1.5373    1.3816   -0.2236    1.0964    0.1622    0.1693
   0    1.1512 -999.9900    1.8379    1.8379    0.4866    0.1961    1.3281    0.2834    0.4416
   0    0.8283 -999.9900    1.5389    1.5389    1.3192   -0.1248    1.0982    0.1655    0.1880
    
2023042900
   0    1.1530 -999.9900    1.7884    1.7884    0.4864    0.3861    1.3292    0.2691    0.4597
   0    0.8732 -999.9900    1.6051    1.6051    1.3727   -0.1228    1.1727    0.1768    0.1773
   0    1.1508 -999.9900    1.7872    1.7872    0.4861    0.3871    1.3288    0.2686    0.4595
   0    0.8660 -999.9900    1.5757    1.5757    1.3130   -0.0071    1.1576    0.1732    0.1970
    
2023043000
   0    1.0528 -999.9900    1.6718    1.6718    0.4534    0.3306    1.2232    0.2961    0.4259
   0    0.7531 -999.9900    1.3952    1.3952    1.3972   -0.0936    1.0145    0.1623    0.1819
   0    1.0487 -999.9900    1.6698    1.6698    0.4581    0.3401    1.2211    0.2927    0.4243
   0    0.7460 -999.9900    1.3676    1.3676    1.3465    0.0099    1.0034    0.1626    0.1948
    
2023050100
   0    0.9119 -999.9900    1.4530    1.4530    0.4927   -0.0756    1.0888    0.3820    0.3100
   0    0.6878 -999.9900    1.2820    1.2820    1.2809   -0.1908    0.9295    0.1850    0.1336
   0    0.9111 -999.9900    1.4514    1.4514    0.4852   -0.0840    1.0889    0.3833    0.3090
   0    0.6766 -999.9900    1.2450    1.2450    1.2337   -0.1603    0.9146    0.1881    0.1379
    
2023050200
   0    0.8532 -999.9900    1.4272    1.4272    0.5203   -0.1746    1.0345    0.3737    0.2660
   0    0.6691 -999.9900    1.2845    1.2845    1.2146   -0.0396    0.9109    0.1339    0.1335
   0    0.8464 -999.9900    1.4198    1.4198    0.5149   -0.1803    1.0285    0.3719    0.2625
   0    0.6565 -999.9900    1.2545    1.2545    1.1634   -0.0652    0.8914    0.1416    0.1338
    
2023050300
   0    0.9487 -999.9900    1.5829    1.5829    0.5188    0.1433    1.1321    0.3278    0.3274
   0    0.7048 -999.9900    1.3399    1.3399    1.2234    0.0551    0.9625    0.1359    0.1530
   0    0.9497 -999.9900    1.5847    1.5847    0.5147    0.1464    1.1334    0.3286    0.3292
   0    0.7069 -999.9900    1.3417    1.3417    1.1681    0.0632    0.9633    0.1472    0.1609
    
2023050400
   0    0.8583 -999.9900    1.4283    1.4283    0.5589    0.1092    1.0507    0.3033    0.3341
   0    0.6532 -999.9900    1.2161    1.2161    1.1479   -0.0031    0.8927    0.1396    0.1619
   0    0.8616 -999.9900    1.4318    1.4318    0.5528    0.1147    1.0538    0.3013    0.3352
   0    0.6534 -999.9900    1.2146    1.2146    1.0954    0.0170    0.8942    0.1492    0.1696
    
2023050500
   0    0.8914 -999.9900    1.4926    1.4926    0.5432    0.1159    1.0792    0.2941    0.3480
   0    0.7042 -999.9900    1.3113    1.3113    1.1951    0.0738    0.9537    0.1355    0.1887
   0    0.8924 -999.9900    1.4964    1.4964    0.5400    0.1133    1.0807    0.2921    0.3477
   0    0.6998 -999.9900    1.2991    1.2991    1.1563    0.0848    0.9442    0.1408    0.1954
    
2023050600
   0    1.0155 -999.9900    1.6605    1.6605    0.5293    0.0905    1.2079    0.3315    0.3513
   0    0.7423 -999.9900    1.3800    1.3800    1.3128    0.1474    1.0010    0.1157    0.1956
   0    1.0086 -999.9900    1.6535    1.6535    0.5359    0.0812    1.2028    0.3317    0.3495
   0    0.7423 -999.9900    1.3749    1.3749    1.2612    0.1344    0.9950    0.1257    0.2021
    
2023050700
   0    0.8932 -999.9900    1.4822    1.4822    0.5472   -0.0321    1.0812    0.3068    0.3335
   0    0.7194 -999.9900    1.3390    1.3390    1.2564    0.0288    0.9825    0.1207    0.1814
   0    0.8827 -999.9900    1.4733    1.4733    0.5695   -0.0073    1.0753    0.2949    0.3319
   0    0.7053 -999.9900    1.3036    1.3036    1.2091    0.0327    0.9570    0.1251    0.1860
    
2023050800
   0    0.9341 -999.9900    1.5832    1.5832    0.5221    0.1515    1.1138    0.3048    0.3397
   0    0.7242 -999.9900    1.3820    1.3820    1.2565    0.0813    0.9730    0.1205    0.1831
   0    0.9249 -999.9900    1.5768    1.5768    0.5384    0.1569    1.1080    0.2963    0.3379
   0    0.7144 -999.9900    1.3591    1.3591    1.2125    0.0980    0.9548    0.1230    0.1863
    
2023050900
   0    1.0024 -999.9900    1.6270    1.6270    0.5243    0.3073    1.1882    0.2693    0.4200
   0    0.7901 -999.9900    1.4473    1.4473    1.2848    0.0639    1.0687    0.1385    0.2179
   0    0.9970 -999.9900    1.6214    1.6214    0.5247    0.2980    1.1846    0.2704    0.4158
   0    0.7776 -999.9900    1.4169    1.4169    1.2372    0.1039    1.0431    0.1425    0.2239
    
2023051000
   0    0.9951 -999.9900    1.6025    1.6025    0.4849    0.3663    1.1662    0.2671    0.4379
   0    0.7480 -999.9900    1.3647    1.3647    1.2389    0.1211    0.9982    0.1201    0.2172
   0    0.9934 -999.9900    1.6011    1.6011    0.4803    0.3527    1.1652    0.2713    0.4323
   0    0.7456 -999.9900    1.3583    1.3583    1.1845    0.1606    0.9905    0.1290    0.2247
    
2023051100
   0    0.9641 -999.9900    1.5525    1.5525    0.4630    0.3766    1.1297    0.2409    0.4448
   0    0.6890 -999.9900    1.2568    1.2568    1.2020    0.1174    0.9264    0.1129    0.2111
   0    0.9627 -999.9900    1.5532    1.5532    0.4655    0.3745    1.1307    0.2387    0.4417
   0    0.6935 -999.9900    1.2629    1.2629    1.1520    0.1707    0.9280    0.1182    0.2272
    
2023051200
   0    1.0109 -999.9900    1.6186    1.6186    0.5199    0.0999    1.1954    0.3123    0.3917
   0    0.7446 -999.9900    1.3624    1.3624    1.2338   -0.0989    1.0000    0.1559    0.1773
   0    1.0071 -999.9900    1.6129    1.6129    0.5172    0.0980    1.1918    0.3129    0.3908
   0    0.7461 -999.9900    1.3561    1.3561    1.1914   -0.0549    0.9953    0.1600    0.1901
    
2023051300
   0    0.9563 -999.9900    1.5312    1.5312    0.5499   -0.2648    1.1460    0.3921    0.2946
   0    0.7549 -999.9900    1.3929    1.3929    1.2516   -0.1265    1.0102    0.1531    0.1598
   0    0.9535 -999.9900    1.5285    1.5285    0.5470   -0.2584    1.1430    0.3904    0.2903
   0    0.7426 -999.9900    1.3586    1.3586    1.2171   -0.1445    0.9908    0.1599    0.1605
    
2023051400
   0    0.9110 -999.9900    1.4862    1.4862    0.5297   -0.2058    1.0942    0.3653    0.3113
   0    0.7298 -999.9900    1.3790    1.3790    1.2516   -0.0448    0.9865    0.1469    0.1629
   0    0.9141 -999.9900    1.4887    1.4887    0.5210   -0.2159    1.0966    0.3684    0.3097
   0    0.7169 -999.9900    1.3397    1.3397    1.2070   -0.0818    0.9644    0.1557    0.1631
    
2023051500
   0    0.9128 -999.9900    1.5452    1.5452    0.6296    0.0065    1.1104    0.2965    0.3308
   0    0.7544 -999.9900    1.4144    1.4144    1.2476    0.0208    1.0128    0.1412    0.1735
   0    0.7484 -999.9900    1.3103    1.3103    0.6439    0.0088    0.9375    0.2594    0.3089
   0    0.6014 -999.9900    1.1291    1.1291    1.1736   -0.0091    0.8108    0.1105    0.1444
    
2023051600
   0    0.8877 -999.9900    1.5062    1.5062    0.5858   -0.1021    1.0776    0.3330    0.3203
   0    0.6708 -999.9900    1.2525    1.2525    1.2886   -0.1402    0.9068    0.1442    0.1311
   0    0.7303 -999.9900    1.2834    1.2834    0.5846   -0.0906    0.9105    0.2971    0.2989
   0    0.5671 -999.9900    1.0596    1.0596    1.1942   -0.1036    0.7627    0.1161    0.1183
    
2023051700
   0    0.9895 -999.9900    1.5765    1.5765    0.5479   -0.0049    1.1732    0.3436    0.3507
   0    0.7035 -999.9900    1.2598    1.2598    1.2480   -0.0199    0.9389    0.1515    0.1638
   0    0.9888 -999.9900    1.5759    1.5759    0.5412   -0.0005    1.1726    0.3427    0.3516
   0    0.7080 -999.9900    1.2668    1.2668    1.2094   -0.0077    0.9430    0.1612    0.1702
    
2023051800
   0    0.8301 -999.9900    1.3483    1.3483    0.4773    0.1058    0.9959    0.2863    0.3588
   0    0.6534 -999.9900    1.1993    1.1993    1.0988    0.0382    0.8809    0.1168    0.1652
   0    0.8308 -999.9900    1.3498    1.3498    0.4709    0.1069    0.9952    0.2870    0.3593
   0    0.6479 -999.9900    1.1816    1.1816    1.0530    0.0524    0.8670    0.1252    0.1741
    
2023051900
   0    0.8711 -999.9900    1.4307    1.4307    0.5689   -0.0592    1.0602    0.3293    0.3444
   0    0.6485 -999.9900    1.1854    1.1854    1.1468   -0.0435    0.8737    0.1386    0.1638
   0    0.8694 -999.9900    1.4281    1.4281    0.5677   -0.0561    1.0595    0.3277    0.3427
   0    0.6488 -999.9900    1.1849    1.1849    1.1079   -0.0464    0.8726    0.1494    0.1690
    
2023052000
   0    0.8431 -999.9900    1.4206    1.4206    0.6423   -0.0478    1.0431    0.3071    0.3070
   0    0.6438 -999.9900    1.1941    1.1941    1.1866   -0.0357    0.8804    0.1206    0.1594
   0    0.8394 -999.9900    1.4151    1.4151    0.6417   -0.0442    1.0402    0.3056    0.3069
   0    0.6407 -999.9900    1.1830    1.1830    1.1529   -0.0374    0.8745    0.1305    0.1630
    
2023052100
   0    0.9122 -999.9900    1.5596    1.5596    0.5720    0.0279    1.1008    0.3123    0.3328
   0    0.6608 -999.9900    1.2726    1.2726    1.1564   -0.0610    0.8879    0.1467    0.1432
   0    0.9163 -999.9900    1.5685    1.5685    0.5857    0.0244    1.1096    0.3108    0.3278
   0    0.6694 -999.9900    1.2874    1.2874    1.1289   -0.0495    0.8964    0.1567    0.1495
    
2023052200
   0    0.9521 -999.9900    1.5564    1.5564    0.5441    0.2544    1.1432    0.2856    0.3726
   0    0.6983 -999.9900    1.2798    1.2798    1.2228    0.0738    0.9340    0.1318    0.1662
   0    0.9485 -999.9900    1.5514    1.5514    0.5419    0.2431    1.1401    0.2869    0.3714
   0    0.7009 -999.9900    1.2802    1.2802    1.1753    0.1028    0.9362    0.1407    0.1740
    
2023052300
   0    0.9515 -999.9900    1.5827    1.5827    0.5628   -0.0593    1.1437    0.3357    0.3234
   0    0.6877 -999.9900    1.2671    1.2671    1.2675   -0.0343    0.9234    0.1294    0.1524
   1 -999.9900 -999.9900 -999.9900 -999.9900 -999.9900 -999.9900 -999.9900 -999.9900 -999.9900
   0    0.6871 -999.9900    1.2677    1.2677    1.2200   -0.0402    0.9201    0.1397    0.1565
    
2023052400
   0    0.8834 -999.9900    1.4917    1.4917    0.5820   -0.2884    1.0843    0.3774    0.2750
   0    0.6616 -999.9900    1.2406    1.2406    1.2311   -0.1251    0.9097    0.1348    0.1429
   0    0.8786 -999.9900    1.4813    1.4813    0.5769   -0.2786    1.0793    0.3749    0.2755
   0    0.6588 -999.9900    1.2281    1.2281    1.1886   -0.1507    0.8992    0.1495    0.1475
    
2023052500
   0    0.8892 -999.9900    1.4357    1.4357    0.5450   -0.1837    1.0768    0.3634    0.2961
   0    0.6637 -999.9900    1.2015    1.2015    1.2715   -0.0020    0.8914    0.1169    0.1457
   0    0.8821 -999.9900    1.4284    1.4284    0.5444   -0.1800    1.0714    0.3592    0.2931
   0    0.6538 -999.9900    1.1762    1.1762    1.2309   -0.0359    0.8747    0.1271    0.1482
    
2023052600
   0    0.8445 -999.9900    1.3845    1.3845    0.5711   -0.0584    1.0341    0.3308    0.2970
   0    0.6517 -999.9900    1.1868    1.1868    1.2055    0.0157    0.8842    0.1237    0.1473
   0    0.8354 -999.9900    1.3796    1.3796    0.5855   -0.0285    1.0269    0.3196    0.2948
   0    0.6474 -999.9900    1.1762    1.1762    1.1600    0.0122    0.8740    0.1330    0.1516
    
2023052700
   0    0.7760 -999.9900    1.3274    1.3274    0.6510    0.1146    0.9695    0.2323    0.3206
   0    0.6472 -999.9900    1.2016    1.2016    1.2048    0.2138    0.8893    0.0817    0.1788
   0    0.7768 -999.9900    1.3285    1.3285    0.6399    0.1111    0.9712    0.2339    0.3210
   0    0.6347 -999.9900    1.1717    1.1717    1.1634    0.1913    0.8622    0.0869    0.1842
    
2023052800
   0    0.8643 -999.9900    1.4562    1.4562    0.6207    0.0074    1.0671    0.2928    0.3236
   0    0.6877 -999.9900    1.2846    1.2846    1.1879    0.0894    0.9320    0.1065    0.1818
   0    0.8592 -999.9900    1.4464    1.4464    0.6143   -0.0092    1.0624    0.2945    0.3200
   0    0.6819 -999.9900    1.2644    1.2644    1.1477    0.0642    0.9179    0.1158    0.1851
    
2023052900
   0    0.8532 -999.9900    1.4077    1.4077    0.5644   -0.0137    1.0422    0.3266    0.3015
   0    0.6733 -999.9900    1.2464    1.2464    1.2554    0.0668    0.9190    0.1213    0.1514
   0    0.8528 -999.9900    1.4068    1.4068    0.5593   -0.0286    1.0414    0.3286    0.2977
   0    0.6604 -999.9900    1.2089    1.2089    1.2195    0.0406    0.8944    0.1300    0.1515
    
2023053000
   0    0.8904 -999.9900    1.4623    1.4623    0.5631    0.1568    1.0809    0.2960    0.3620
   0    0.7733 -999.9900    1.4226    1.4226    1.3156    0.1302    1.0418    0.1304    0.1855
   0    0.7345 -999.9900    1.2394    1.2394    0.5664    0.1185    0.9184    0.2669    0.3349
   0    0.6419 -999.9900    1.1734    1.1734    1.2649    0.0751    0.8630    0.1088    0.1545
    
2023053100
   0    0.7830 -999.9900    1.3055    1.3055    0.5866   -0.0590    0.9720    0.3198    0.2828
   0    0.6590 -999.9900    1.2141    1.2141    1.2310   -0.0280    0.9079    0.1246    0.1326
   0    0.7815 -999.9900    1.3042    1.3042    0.5835   -0.0499    0.9709    0.3178    0.2858
   0    0.6400 -999.9900    1.1703    1.1703    1.1870   -0.0291    0.8754    0.1307    0.1364
    
2023060100
   0    0.8064 -999.9900    1.3354    1.3354    0.5994   -0.3211    1.0023    0.3879    0.2362
   0    0.6521 -999.9900    1.1954    1.1954    1.1578   -0.1569    0.8940    0.1517    0.1334
   0    0.8067 -999.9900    1.3393    1.3393    0.6005   -0.3325    1.0053    0.3874    0.2338
   0    0.6441 -999.9900    1.1728    1.1728    1.1212   -0.1960    0.8791    0.1651    0.1331
    
2023060200
   0    0.8501 -999.9900    1.4058    1.4058    0.5757   -0.3031    1.0496    0.3964    0.2600
   0    0.6484 -999.9900    1.1911    1.1911    1.1446   -0.1038    0.8866    0.1388    0.1535
   0    0.8492 -999.9900    1.4048    1.4048    0.5748   -0.3059    1.0487    0.3984    0.2563
   0    0.6455 -999.9900    1.1839    1.1839    1.1080   -0.1525    0.8805    0.1546    0.1508
    
2023060300
   0    0.8593 -999.9900    1.4080    1.4080    0.5777   -0.1215    1.0499    0.3288    0.3036
   0    0.6763 -999.9900    1.2408    1.2408    1.2646   -0.0329    0.9194    0.1202    0.1624
   0    0.8598 -999.9900    1.4108    1.4108    0.5800   -0.1146    1.0520    0.3269    0.3055
   0    0.6634 -999.9900    1.2058    1.2058    1.2250   -0.0589    0.8943    0.1290    0.1647
    
2023060400
   0    0.9042 -999.9900    1.4994    1.4994    0.6214   -0.0118    1.1072    0.2974    0.3257
   0    0.7086 -999.9900    1.3049    1.3049    1.2729    0.0115    0.9609    0.1154    0.1713
   0    0.9048 -999.9900    1.5016    1.5016    0.6219   -0.0138    1.1075    0.2957    0.3250
   0    0.6984 -999.9900    1.2791    1.2791    1.2354   -0.0030    0.9426    0.1236    0.1721
    
2023060500
   0    0.8258 -999.9900    1.4017    1.4017    0.6331   -0.2136    1.0271    0.3278    0.2767
   0    0.6665 -999.9900    1.2278    1.2278    1.1938   -0.1642    0.9185    0.1348    0.1425
   0    0.8247 -999.9900    1.4021    1.4021    0.6295   -0.2160    1.0273    0.3269    0.2741
   0    0.6523 -999.9900    1.1988    1.1988    1.1642   -0.1779    0.8943    0.1397    0.1406
    
2023060600
   0    0.8748 -999.9900    1.4642    1.4642    0.5950   -0.1891    1.0747    0.3554    0.2918
   0    0.6954 -999.9900    1.2927    1.2927    1.1357   -0.1035    0.9509    0.1511    0.1584
   0    0.8747 -999.9900    1.4644    1.4644    0.5932   -0.1908    1.0756    0.3542    0.2932
   0    0.6912 -999.9900    1.2832    1.2832    1.1010   -0.1174    0.9450    0.1601    0.1635
    
2023060700
   0    0.8436 -999.9900    1.4258    1.4258    0.6192   -0.2331    1.0466    0.3742    0.2761
   0    0.6663 -999.9900    1.2501    1.2501    1.1836   -0.1950    0.9174    0.1525    0.1208
   0    0.8434 -999.9900    1.4262    1.4262    0.6173   -0.2353    1.0468    0.3758    0.2746
   0    0.6608 -999.9900    1.2357    1.2357    1.1449   -0.2088    0.9050    0.1651    0.1234
    
2023060800
   0    0.8287 -999.9900    1.3661    1.3661    0.5637   -0.0515    1.0160    0.3361    0.3037
   0    0.6713 -999.9900    1.2577    1.2577    1.2080   -0.1205    0.9163    0.1413    0.1297
   0    0.8267 -999.9900    1.3648    1.3648    0.5674   -0.0496    1.0156    0.3336    0.3024
   0    0.6577 -999.9900    1.2163    1.2163    1.1667   -0.1035    0.8915    0.1484    0.1339
    
2023060900
   0    0.8417 -999.9900    1.3720    1.3720    0.5164    0.0558    1.0198    0.3031    0.3445
   0    0.6466 -999.9900    1.1886    1.1886    1.2199   -0.0738    0.8809    0.1242    0.1435
   0    0.8382 -999.9900    1.3714    1.3714    0.5170    0.0631    1.0186    0.2983    0.3416
   0    0.6378 -999.9900    1.1598    1.1598    1.1772   -0.0436    0.8597    0.1301    0.1507
    
2023061000
   0    0.8237 -999.9900    1.3548    1.3548    0.5220    0.0267    0.9997    0.3053    0.3371
   0    0.6609 -999.9900    1.2252    1.2252    1.1818   -0.0704    0.9012    0.1352    0.1606
   0    0.8211 -999.9900    1.3523    1.3523    0.5210    0.0319    0.9971    0.3034    0.3367
   0    0.6500 -999.9900    1.1920    1.1920    1.1439   -0.0495    0.8804    0.1389    0.1653
    
2023061100
   0    0.8391 -999.9900    1.3790    1.3790    0.5480    0.0106    1.0187    0.3172    0.3376
   0    0.6704 -999.9900    1.2285    1.2285    1.1538   -0.0133    0.9114    0.1341    0.1806
   0    0.8335 -999.9900    1.3708    1.3708    0.5407   -0.0091    1.0144    0.3206    0.3349
   0    0.6579 -999.9900    1.1939    1.1939    1.1181   -0.0179    0.8854    0.1416    0.1858
    
2023061200
   0    0.9350 -999.9900    1.5491    1.5491    0.6159   -0.0747    1.1324    0.3130    0.3499
   0    0.7118 -999.9900    1.3173    1.3173    1.1564   -0.1493    0.9720    0.1529    0.1715
   0    0.7573 -999.9900    1.2984    1.2984    0.6242   -0.0676    0.9476    0.2803    0.3208
   0    0.5931 -999.9900    1.1054    1.1054    1.1155   -0.1184    0.8116    0.1234    0.1465
    
2023061300
   0    0.8490 -999.9900    1.4106    1.4106    0.5874    0.0837    1.0389    0.2843    0.3563
   0    0.6538 -999.9900    1.2008    1.2008    1.2454   -0.0407    0.8869    0.1191    0.1680
   0    0.7035 -999.9900    1.1987    1.1987    0.5838    0.0391    0.8863    0.2626    0.3265
   0    0.5519 -999.9900    1.0120    1.0120    1.1594   -0.0483    0.7468    0.1078    0.1455
    
2023061400
   0    0.8233 -999.9900    1.4052    1.4052    0.5673   -0.1711    1.0101    0.3429    0.3038
   0    0.8233 -999.9900    1.4052    1.4052    0.5673   -0.1711    1.0101    0.3429    0.3038
   0    0.8446 -999.9900    1.4321    1.4321    0.5702   -0.1214    1.0342    0.3292    0.3209
   0    0.6528 -999.9900    1.2038    1.2038    1.2216   -0.0941    0.8944    0.1454    0.1675
    
2023061500
   0    0.7967 -999.9900    1.3333    1.3333    0.5450   -0.2460    0.9794    0.3580    0.2854
   0    0.6518 -999.9900    1.2119    1.2119    1.1703   -0.1637    0.8870    0.1321    0.1610
   0    0.7918 -999.9900    1.3285    1.3285    0.5506   -0.2450    0.9766    0.3543    0.2804
   0    0.6361 -999.9900    1.1744    1.1744    1.1380   -0.1719    0.8598    0.1400    0.1564
    
2023061600
   0    0.8362 -999.9900    1.3686    1.3686    0.5277   -0.1465    1.0170    0.3564    0.3246
   0    0.6723 -999.9900    1.2263    1.2263    1.1597   -0.1182    0.9157    0.1511    0.1885
   0    0.8350 -999.9900    1.3688    1.3688    0.5255   -0.1550    1.0172    0.3566    0.3227
   0    0.6607 -999.9900    1.1926    1.1926    1.1231   -0.1287    0.8930    0.1593    0.1917
    
2023061700
   0    0.8098 -999.9900    1.3125    1.3125    0.5383    0.0699    0.9878    0.2992    0.3449
   0    0.6321 -999.9900    1.1614    1.1614    1.1659   -0.0230    0.8587    0.1085    0.1924
   0    0.8095 -999.9900    1.3119    1.3119    0.5322    0.0603    0.9871    0.3007    0.3426
   0    0.6269 -999.9900    1.1330    1.1330    1.1233   -0.0192    0.8470    0.1211    0.1955
    
2023061800
   0    0.8729 -999.9900    1.4405    1.4405    0.5699    0.1242    1.0614    0.2612    0.3821
   0    0.7075 -999.9900    1.2853    1.2853    1.1610    0.0137    0.9612    0.1263    0.2305
   0    0.8780 -999.9900    1.4501    1.4501    0.5759    0.1382    1.0685    0.2578    0.3814
   0    0.7032 -999.9900    1.2690    1.2690    1.1294    0.0376    0.9480    0.1322    0.2334
    
2023061900
   0    0.7675 -999.9900    1.2889    1.2889    0.5336   -0.1320    0.9477    0.3231    0.3139
   0    0.6137 -999.9900    1.1344    1.1344    1.1155   -0.0904    0.8347    0.1419    0.1810
   0    0.7738 -999.9900    1.2992    1.2992    0.5337   -0.1431    0.9562    0.3245    0.3121
   0    0.6139 -999.9900    1.1288    1.1288    1.0711   -0.1032    0.8318    0.1534    0.1853
    
2023062000
   0    0.8612 -999.9900    1.4262    1.4262    0.6176   -0.2051    1.0658    0.3544    0.2856
   0    0.6785 -999.9900    1.2472    1.2472    1.1729   -0.0893    0.9259    0.1472    0.1764
   0    0.7109 -999.9900    1.2000    1.2000    0.6076   -0.1564    0.9036    0.3201    0.2727
   0    0.5712 -999.9900    1.0451    1.0451    1.1142   -0.1007    0.7783    0.1236    0.1527
    
2023062100
   0    0.8467 -999.9900    1.4306    1.4306    0.6197   -0.1624    1.0462    0.3371    0.2984
   0    0.6915 -999.9900    1.2822    1.2822    1.2847   -0.0928    0.9488    0.1370    0.1739
   0    0.7064 -999.9900    1.2344    1.2344    0.6287   -0.1122    0.8968    0.2885    0.2870
   0    0.5967 -999.9900    1.1021    1.1021    1.2272   -0.0903    0.8171    0.1158    0.1561
    
2023062200
   0    0.8747 -999.9900    1.4334    1.4334    0.5845   -0.1152    1.0688    0.3538    0.3018
   0    0.7200 -999.9900    1.3263    1.3263    1.3114   -0.0072    0.9819    0.1241    0.1731
   0    0.7362 -999.9900    1.2452    1.2452    0.6005   -0.0977    0.9253    0.3176    0.2846
   0    0.6054 -999.9900    1.1120    1.1120    1.2385   -0.0392    0.8207    0.1080    0.1482
    
2023062300
   0    0.8120 -999.9900    1.3628    1.3628    0.5897   -0.1228    1.0045    0.3404    0.2950
   0    0.7263 -999.9900    1.3474    1.3474    1.1761   -0.0795    0.9969    0.1512    0.1824
   0    0.8100 -999.9900    1.3614    1.3614    0.5891   -0.1240    1.0025    0.3399    0.2931
   0    0.7056 -999.9900    1.2966    1.2966    1.1347   -0.0985    0.9594    0.1609    0.1817
    
2023062400
   0    0.8565 -999.9900    1.4248    1.4248    0.6014    0.0800    1.0491    0.2918    0.3473
   0    0.7225 -999.9900    1.3301    1.3301    1.1968    0.0200    0.9895    0.1451    0.2021
   0    0.8577 -999.9900    1.4294    1.4294    0.6051    0.0837    1.0540    0.2912    0.3465
   0    0.7120 -999.9900    1.2985    1.2985    1.1602    0.0294    0.9681    0.1530    0.2065
    
2023062500
   0    0.8409 -999.9900    1.4360    1.4360    0.5969   -0.2078    1.0341    0.3336    0.2960
   0    0.6815 -999.9900    1.2825    1.2825    1.2752   -0.3177    0.9313    0.1733    0.1304
   0    0.8417 -999.9900    1.4354    1.4354    0.5928   -0.2179    1.0355    0.3378    0.2951
   0    0.6711 -999.9900    1.2503    1.2503    1.2337   -0.2953    0.9080    0.1798    0.1367
    
2023062600
   0    0.8176 -999.9900    1.3812    1.3812    0.6190   -0.0680    1.0099    0.3188    0.3152
   0    0.6590 -999.9900    1.2329    1.2329    1.2422   -0.0615    0.9020    0.1293    0.1588
   0    0.8180 -999.9900    1.3835    1.3835    0.6180   -0.0779    1.0107    0.3215    0.3110
   0    0.6480 -999.9900    1.2030    1.2030    1.2033   -0.0680    0.8811    0.1382    0.1609
    
2023062700
   0    0.8431 -999.9900    1.4195    1.4195    0.6190   -0.3172    1.0408    0.3920    0.2595
   0    0.6517 -999.9900    1.2162    1.2162    1.1759   -0.2291    0.9009    0.1588    0.1391
   0    0.8362 -999.9900    1.4099    1.4099    0.6210   -0.3101    1.0357    0.3862    0.2597
   0    0.6469 -999.9900    1.2032    1.2032    1.1316   -0.2478    0.8911    0.1709    0.1414
    
2023062800
   0    0.7787 -999.9900    1.3249    1.3249    0.6436   -0.0643    0.9738    0.3142    0.2989
   0    0.6008 -999.9900    1.1213    1.1213    1.1355   -0.0483    0.8216    0.1181    0.1501
   0    0.7740 -999.9900    1.3192    1.3192    0.6437   -0.0627    0.9689    0.3120    0.2976
   0    0.5965 -999.9900    1.1086    1.1086    1.1019   -0.0456    0.8143    0.1257    0.1576
    
2023062900
   0    0.7339 -999.9900    1.2515    1.2515    0.6146   -0.1347    0.9215    0.3284    0.2720
   0    0.5650 -999.9900    1.0611    1.0611    1.0994   -0.1379    0.7734    0.1350    0.1251
   0    0.7273 -999.9900    1.2436    1.2436    0.6183   -0.1154    0.9151    0.3198    0.2738
   0    0.5622 -999.9900    1.0504    1.0504    1.0657   -0.1318    0.7684    0.1448    0.1307
    
2023063000
   0    0.7774 -999.9900    1.3213    1.3213    0.6293   -0.1361    0.9745    0.3348    0.2846
   0    0.5862 -999.9900    1.1007    1.1007    1.1451   -0.1516    0.7993    0.1434    0.1203
   0    0.7702 -999.9900    1.3133    1.3133    0.6325   -0.1263    0.9676    0.3281    0.2846
   0    0.5851 -999.9900    1.0921    1.0921    1.1140   -0.1435    0.7975    0.1510    0.1270
    
