v6.1 gefs
v6.1 naefs
v7.0 gefs
v7.0 naefs
    
2023040100
   0    2.5058 -999.9900    4.7850    4.7850    4.5554    1.0257    3.6100    0.0405    0.1538
   0    2.5029 -999.9900    4.7796    4.7796    4.5554    1.0193    3.6037    0.0405    0.1537
   0    2.5404 -999.9900    4.8517    4.8517    4.6785    1.0006    3.6680    0.0365    0.1497
   0    2.5390 -999.9900    4.8489    4.8489    4.6785    0.9968    3.6645    0.0365    0.1497
    
2023040200
   0    2.9340 -999.9900    5.4254    5.4254    4.7688    1.4372    4.2556    0.0547    0.1881
   0    2.9340 -999.9900    5.4254    5.4254    4.7688    1.4371    4.2556    0.0547    0.1881
   0    2.9178 -999.9900    5.3262    5.3262    4.7463    1.2479    4.2619    0.0746    0.1761
   0    2.9178 -999.9900    5.3262    5.3262    4.7463    1.2479    4.2619    0.0746    0.1761
    
2023040300
   0    2.7357 -999.9900    5.0634    5.0634    4.8599    1.7117    3.8895    0.0521    0.1641
   0    2.7357 -999.9900    5.0634    5.0634    4.8599    1.7117    3.8895    0.0521    0.1641
   0    2.8643 -999.9900    5.2672    5.2672    4.8473    2.0718    4.0667    0.0513    0.1774
   0    2.8643 -999.9900    5.2672    5.2672    4.8473    2.0718    4.0667    0.0513    0.1774
    
2023040400
   0    3.0633 -999.9900    5.4916    5.4916    4.8127    0.5394    4.3606    0.0859    0.2181
   0    3.0633 -999.9900    5.4916    5.4916    4.8127    0.5393    4.3606    0.0859    0.2181
   0    3.0763 -999.9900    5.4857    5.4857    4.7335    0.7114    4.3719    0.0848    0.2226
   0    3.0763 -999.9900    5.4857    5.4857    4.7335    0.7114    4.3719    0.0848    0.2226
    
2023040500
   0    3.8728 -999.9900    6.6216    6.6216    4.8163    0.5987    5.4591    0.1814    0.2732
   0    3.8727 -999.9900    6.6215    6.6215    4.8163    0.5986    5.4590    0.1814    0.2732
   0    4.0102 -999.9900    6.7916    6.7916    4.7592    0.7231    5.6376    0.1936    0.2789
   0    4.0097 -999.9900    6.7907    6.7907    4.7592    0.7226    5.6371    0.1936    0.2789
    
2023040600
   0    3.8506 -999.9900    6.6987    6.6987    4.6748    1.2174    5.4201    0.1471    0.2843
   0    3.8505 -999.9900    6.6986    6.6986    4.6748    1.2173    5.4201    0.1471    0.2843
   0    3.8721 -999.9900    6.7270    6.7270    4.6596    1.5464    5.4575    0.1413    0.2920
   0    3.8721 -999.9900    6.7270    6.7270    4.6596    1.5464    5.4575    0.1413    0.2920
    
2023040700
   0    3.1124 -999.9900    5.6129    5.6129    4.4758    0.4634    4.4582    0.1406    0.1751
   0    3.1096 -999.9900    5.6094    5.6094    4.4758    0.4548    4.4530    0.1405    0.1746
   0    3.1753 -999.9900    5.7034    5.7034    4.4774    0.1129    4.5445    0.1520    0.1676
   0    3.1750 -999.9900    5.7031    5.7031    4.4774    0.1120    4.5440    0.1520    0.1676
    
2023040800
   0    2.6055 -999.9900    4.8227    4.8227    4.5390    1.1556    3.7528    0.0720    0.1568
   0    2.6054 -999.9900    4.8226    4.8226    4.5390    1.1555    3.7528    0.0720    0.1568
   0    2.8037 -999.9900    5.1490    5.1490    4.4827    1.1133    4.0213    0.0919    0.1812
   0    2.8037 -999.9900    5.1490    5.1490    4.4827    1.1132    4.0212    0.0919    0.1812
    
2023040900
   0    2.6786 -999.9900    4.9169    4.9169    4.9817    0.4038    3.8498    0.0701    0.1409
   0    2.6786 -999.9900    4.9169    4.9169    4.9817    0.4038    3.8498    0.0701    0.1409
   0    2.6570 -999.9900    4.9308    4.9308    4.8376    0.7461    3.8134    0.0613    0.1506
   0    2.6570 -999.9900    4.9307    4.9307    4.8376    0.7461    3.8133    0.0613    0.1506
    
2023041000
   0    2.9245 -999.9900    5.2731    5.2731    5.0656   -1.1144    4.1913    0.1925    0.0890
   0    2.9263 -999.9900    5.2757    5.2757    5.0656   -1.1172    4.1940    0.1931    0.0890
   0    2.7643 -999.9900    5.0052    5.0052    4.9265   -1.1125    3.9717    0.1919    0.0697
   0    2.7646 -999.9900    5.0057    5.0057    4.9265   -1.1131    3.9720    0.1919    0.0697
    
2023041100
   0    2.5999 -999.9900    4.7266    4.7266    4.4851   -1.1241    3.7819    0.1628    0.0821
   0    2.6128 -999.9900    4.7464    4.7464    4.4851   -1.1424    3.7999    0.1687    0.0821
   0    2.5473 -999.9900    4.6697    4.6697    4.5071   -1.1543    3.7064    0.1656    0.0620
   0    2.5553 -999.9900    4.6823    4.6823    4.5071   -1.1656    3.7176    0.1694    0.0620
    
2023041200
   0    2.5229 -999.9900    4.4924    4.4924    4.7646   -1.5079    3.5495    0.1753    0.0370
   0    2.5325 -999.9900    4.5094    4.5094    4.7646   -1.5212    3.5626    0.1796    0.0370
   0    2.3754 -999.9900    4.2142    4.2142    4.6992   -1.2842    3.3577    0.1465    0.0400
   0    2.3861 -999.9900    4.2332    4.2332    4.6992   -1.2998    3.3729    0.1517    0.0399
    
2023041300
   0    2.4208 -999.9900    4.3787    4.3787    4.3635   -1.2355    3.3527    0.1662    0.0791
   0    2.4208 -999.9900    4.3787    4.3787    4.3635   -1.2355    3.3527    0.1662    0.0791
   0    2.3862 -999.9900    4.3122    4.3122    4.2850   -1.0462    3.3131    0.1540    0.0837
   0    2.3862 -999.9900    4.3122    4.3122    4.2850   -1.0462    3.3131    0.1540    0.0837
    
2023041400
   0    2.2954 -999.9900    4.1178    4.1178    4.7752   -0.8921    3.2133    0.0766    0.1046
   0    2.2954 -999.9900    4.1179    4.1179    4.7752   -0.8923    3.2133    0.0766    0.1046
   0    2.2408 -999.9900    4.0245    4.0245    4.6483   -0.7712    3.1284    0.0769    0.0916
   0    2.2408 -999.9900    4.0245    4.0245    4.6483   -0.7712    3.1284    0.0769    0.0916
    
2023041500
   0    2.1999 -999.9900    4.0604    4.0604    4.3603   -0.7372    3.0846    0.0957    0.1098
   0    2.2000 -999.9900    4.0606    4.0606    4.3603   -0.7379    3.0851    0.0957    0.1098
   0    2.2061 -999.9900    4.0446    4.0446    4.3415   -0.8142    3.0845    0.1010    0.1045
   0    2.2061 -999.9900    4.0446    4.0446    4.3415   -0.8143    3.0846    0.1010    0.1045
    
2023041600
   0    2.3358 -999.9900    4.2251    4.2251    4.4662   -0.5648    3.3353    0.1357    0.0845
   0    2.3359 -999.9900    4.2257    4.2257    4.4662   -0.5747    3.3336    0.1360    0.0845
   0    2.4323 -999.9900    4.4068    4.4068    4.3146   -0.6829    3.4894    0.1553    0.0910
   0    2.4321 -999.9900    4.4067    4.4067    4.3146   -0.6852    3.4884    0.1553    0.0910
    
2023041700
   0    3.0423 -999.9900    5.4423    5.4423    4.1748   -0.2121    4.2737    0.1822    0.1757
   0    3.0423 -999.9900    5.4423    5.4423    4.1748   -0.2121    4.2737    0.1822    0.1757
   0    2.9742 -999.9900    5.3761    5.3761    4.3261   -0.1690    4.1892    0.1479    0.1682
   0    2.9742 -999.9900    5.3761    5.3761    4.3261   -0.1690    4.1892    0.1479    0.1682
    
2023041800
   0    3.4355 -999.9900    5.9989    5.9989    4.2288    1.5448    4.7118    0.1397    0.2461
   0    3.4353 -999.9900    5.9987    5.9987    4.2288    1.5444    4.7115    0.1397    0.2461
   0    3.1402 -999.9900    5.6078    5.6078    4.4989    1.3573    4.3887    0.1070    0.2084
   0    3.1405 -999.9900    5.6081    5.6081    4.4989    1.3567    4.3891    0.1070    0.2084
    
2023041900
   0    2.9522 -999.9900    5.3163    5.3163    4.5894    1.8726    4.1235    0.0664    0.2314
   0    2.9521 -999.9900    5.3162    5.3162    4.5894    1.8724    4.1234    0.0664    0.2314
   0    2.9784 -999.9900    5.3281    5.3281    4.5421    1.9450    4.1636    0.0719    0.2374
   0    2.9784 -999.9900    5.3280    5.3280    4.5421    1.9450    4.1636    0.0719    0.2374
    
2023042000
   1 -999.9900 -999.9900 -999.9900 -999.9900 -999.9900 -999.9900 -999.9900 -999.9900 -999.9900
   0    2.3558 -999.9900    4.3172    4.3172    4.3322    1.6580    3.3409    0.0581    0.1579
   1 -999.9900 -999.9900 -999.9900 -999.9900 -999.9900 -999.9900 -999.9900 -999.9900 -999.9900
   1 -999.9900 -999.9900 -999.9900 -999.9900 -999.9900 -999.9900 -999.9900 -999.9900 -999.9900
    
2023042100
   0    2.2469 -999.9900    4.1505    4.1505    4.4494    2.0207    3.2506    0.0340    0.1498
   0    2.2468 -999.9900    4.1504    4.1504    4.4494    2.0205    3.2504    0.0340    0.1499
   0    2.2567 -999.9900    4.2082    4.2082    4.4010    2.1368    3.2709    0.0284    0.1574
   0    2.2568 -999.9900    4.2082    4.2082    4.4010    2.1369    3.2710    0.0284    0.1574
    
2023042200
   0    2.5049 -999.9900    4.7475    4.7475    4.4957    1.4067    3.4759    0.0443    0.1677
   0    2.5049 -999.9900    4.7475    4.7475    4.4957    1.4067    3.4760    0.0443    0.1677
   0    2.4887 -999.9900    4.6826    4.6826    4.4683    1.3780    3.4434    0.0447    0.1736
   0    2.4888 -999.9900    4.6826    4.6826    4.4683    1.3780    3.4434    0.0447    0.1736
    
2023042300
   0    2.8452 -999.9900    5.1885    5.1885    4.2507    0.9641    3.9292    0.0964    0.1750
   0    2.8453 -999.9900    5.1885    5.1885    4.2507    0.9640    3.9292    0.0964    0.1750
   0    2.7815 -999.9900    5.0716    5.0716    4.3833    0.7400    3.9101    0.0962    0.1703
   0    2.7816 -999.9900    5.0717    5.0717    4.3833    0.7400    3.9101    0.0962    0.1703
    
2023042400
   0    3.0504 -999.9900    5.5580    5.5580    4.5504    0.7718    4.2871    0.1321    0.1730
   0    3.0506 -999.9900    5.5585    5.5585    4.5504    0.7709    4.2877    0.1321    0.1729
   0    3.1638 -999.9900    5.6911    5.6911    4.4759    0.6849    4.3918    0.1360    0.1773
   0    3.1639 -999.9900    5.6911    5.6911    4.4759    0.6848    4.3918    0.1360    0.1773
    
2023042500
   0    2.4366 -999.9900    4.4525    4.4525    4.1332    0.7736    3.3842    0.0722    0.1607
   0    2.4370 -999.9900    4.4530    4.4530    4.1332    0.7720    3.3854    0.0723    0.1607
   0    2.5066 -999.9900    4.6632    4.6632    4.2356    0.7391    3.4820    0.0793    0.1566
   0    2.5067 -999.9900    4.6633    4.6633    4.2356    0.7389    3.4822    0.0793    0.1566
    
2023042600
   0    2.4553 -999.9900    4.6144    4.6144    4.5650    0.2716    3.4611    0.0841    0.1184
   0    2.4565 -999.9900    4.6157    4.6157    4.5650    0.2687    3.4635    0.0842    0.1183
   0    2.4383 -999.9900    4.5791    4.5791    4.4274    0.2109    3.4519    0.0876    0.1150
   0    2.4385 -999.9900    4.5793    4.5793    4.4274    0.2105    3.4523    0.0876    0.1149
    
2023042700
   0    2.0678 -999.9900    3.7836    3.7836    4.4541   -0.7369    2.9171    0.0867    0.0451
   0    2.0683 -999.9900    3.7849    3.7849    4.4541   -0.7398    2.9181    0.0868    0.0450
   0    2.1271 -999.9900    3.9103    3.9103    4.5227   -0.8239    3.0022    0.0939    0.0394
   0    2.1260 -999.9900    3.9090    3.9090    4.5227   -0.8190    3.0009    0.0935    0.0395
    
2023042800
   0    2.0025 -999.9900    3.6240    3.6240    4.1434   -1.0311    2.7739    0.1301    0.0556
   0    2.0016 -999.9900    3.6231    3.6231    4.1434   -1.0327    2.7726    0.1301    0.0553
   0    2.0237 -999.9900    3.6930    3.6930    4.2225   -1.1126    2.8021    0.1171    0.0430
   0    2.0232 -999.9900    3.6925    3.6925    4.2225   -1.1136    2.8013    0.1171    0.0429
    
2023042900
   0    1.8981 -999.9900    3.4645    3.4645    4.0339   -0.9588    2.6792    0.0893    0.0460
   0    1.8981 -999.9900    3.4645    3.4645    4.0339   -0.9589    2.6792    0.0893    0.0460
   0    1.9533 -999.9900    3.5811    3.5811    3.9756   -1.0173    2.7862    0.1038    0.0471
   0    1.9533 -999.9900    3.5812    3.5812    3.9756   -1.0172    2.7862    0.1038    0.0471
    
2023043000
   0    2.5304 -999.9900    4.5891    4.5891    3.9661   -0.3688    3.5295    0.1619    0.1139
   0    2.5303 -999.9900    4.5891    4.5891    3.9661   -0.3693    3.5295    0.1619    0.1139
   0    2.5149 -999.9900    4.5440    4.5440    3.9922   -0.5384    3.4957    0.1726    0.1022
   0    2.5147 -999.9900    4.5438    4.5438    3.9922   -0.5386    3.4955    0.1726    0.1021
    
2023050100
   0    2.7470 -999.9900    4.9975    4.9975    4.2794    0.4188    3.9156    0.1288    0.1577
   0    2.7470 -999.9900    4.9975    4.9975    4.2794    0.4186    3.9155    0.1288    0.1577
   0    2.7123 -999.9900    4.9165    4.9165    4.1339    0.2640    3.8768    0.1459    0.1507
   0    2.7123 -999.9900    4.9165    4.9165    4.1339    0.2639    3.8768    0.1459    0.1507
    
2023050200
   0    2.7068 -999.9900    4.9168    4.9168    4.0074    0.7976    3.8224    0.1271    0.1721
   0    2.7069 -999.9900    4.9168    4.9168    4.0074    0.7977    3.8225    0.1271    0.1721
   0    2.7034 -999.9900    4.9132    4.9132    3.9247    0.8557    3.8075    0.1240    0.1856
   0    2.7035 -999.9900    4.9132    4.9132    3.9247    0.8558    3.8076    0.1240    0.1856
    
2023050300
   0    2.9822 -999.9900    5.4170    5.4170    3.7580    0.6412    4.0446    0.1319    0.2275
   0    2.9821 -999.9900    5.4169    5.4169    3.7580    0.6409    4.0444    0.1319    0.2275
   0    3.0654 -999.9900    5.5984    5.5984    3.9104    0.6768    4.1854    0.1296    0.2180
   0    3.0654 -999.9900    5.5984    5.5984    3.9104    0.6769    4.1854    0.1296    0.2180
    
2023050400
   0    2.4406 -999.9900    4.4793    4.4793    4.0678    0.3351    3.4053    0.0997    0.1611
   0    2.4406 -999.9900    4.4793    4.4793    4.0678    0.3351    3.4053    0.0997    0.1611
   0    2.5342 -999.9900    4.6696    4.6696    4.0578    0.1245    3.5587    0.1058    0.1607
   0    2.5342 -999.9900    4.6696    4.6696    4.0578    0.1246    3.5588    0.1058    0.1607
    
2023050500
   0    2.5950 -999.9900    4.6921    4.6921    3.9566   -0.5478    3.6664    0.1594    0.1607
   1 -999.9900 -999.9900 -999.9900 -999.9900 -999.9900 -999.9900 -999.9900 -999.9900 -999.9900
   0    2.5484 -999.9900    4.6606    4.6606    4.1875   -0.6979    3.6222    0.1485    0.1309
   1 -999.9900 -999.9900 -999.9900 -999.9900 -999.9900 -999.9900 -999.9900 -999.9900 -999.9900
    
2023050600
   0    2.2647 -999.9900    4.1181    4.1181    3.9216   -1.1005    3.2107    0.1725    0.0746
   0    2.2647 -999.9900    4.1181    4.1181    3.9216   -1.1005    3.2107    0.1725    0.0746
   0    2.2866 -999.9900    4.1704    4.1704    3.9178   -0.8644    3.2497    0.1569    0.0853
   0    2.2866 -999.9900    4.1704    4.1704    3.9178   -0.8644    3.2497    0.1569    0.0853
    
2023050700
   0    2.3786 -999.9900    4.3616    4.3616    4.2742   -1.1582    3.3637    0.1602    0.0752
   0    2.3784 -999.9900    4.3614    4.3614    4.2742   -1.1590    3.3631    0.1602    0.0751
   0    2.3457 -999.9900    4.3210    4.3210    4.1872   -1.1111    3.3141    0.1613    0.0777
   0    2.3457 -999.9900    4.3210    4.3210    4.1872   -1.1111    3.3141    0.1613    0.0777
    
2023050800
   0    2.2642 -999.9900    4.2154    4.2154    4.2966   -1.4835    3.3052    0.1530    0.0549
   0    2.2642 -999.9900    4.2154    4.2154    4.2966   -1.4835    3.3052    0.1530    0.0549
   0    2.3158 -999.9900    4.3006    4.3006    4.2356   -1.4355    3.3748    0.1555    0.0634
   0    2.3158 -999.9900    4.3006    4.3006    4.2356   -1.4355    3.3748    0.1555    0.0634
    
2023050900
   0    2.4724 -999.9900    4.5753    4.5753    3.9968   -1.2242    3.5764    0.1711    0.0839
   0    2.4724 -999.9900    4.5753    4.5753    3.9968   -1.2244    3.5764    0.1711    0.0839
   0    2.4712 -999.9900    4.5498    4.5498    4.0755   -1.2514    3.5726    0.1635    0.0805
   0    2.4712 -999.9900    4.5498    4.5498    4.0755   -1.2515    3.5727    0.1635    0.0805
    
2023051000
   0    2.8062 -999.9900    5.1996    5.1996    4.0998   -0.5704    3.9784    0.1832    0.1430
   0    2.8062 -999.9900    5.1996    5.1996    4.0998   -0.5705    3.9784    0.1832    0.1430
   0    2.8272 -999.9900    5.2744    5.2744    4.0515   -0.5761    4.0115    0.1846    0.1424
   0    2.8272 -999.9900    5.2744    5.2744    4.0515   -0.5761    4.0115    0.1846    0.1424
    
2023051100
   0    2.4786 -999.9900    4.7365    4.7365    3.9966   -0.8791    3.5318    0.1775    0.0987
   0    2.4787 -999.9900    4.7365    4.7365    3.9966   -0.8795    3.5319    0.1775    0.0987
   0    2.5543 -999.9900    4.9083    4.9083    4.0529   -1.1443    3.6279    0.1853    0.0734
   0    2.5543 -999.9900    4.9083    4.9083    4.0529   -1.1443    3.6279    0.1853    0.0734
    
2023051200
   1 -999.9900 -999.9900 -999.9900 -999.9900 -999.9900 -999.9900 -999.9900 -999.9900 -999.9900
   1 -999.9900 -999.9900 -999.9900 -999.9900 -999.9900 -999.9900 -999.9900 -999.9900 -999.9900
   1 -999.9900 -999.9900 -999.9900 -999.9900 -999.9900 -999.9900 -999.9900 -999.9900 -999.9900
   1 -999.9900 -999.9900 -999.9900 -999.9900 -999.9900 -999.9900 -999.9900 -999.9900 -999.9900
    
2023051300
   0    2.6993 -999.9900    4.8506    4.8506    4.2641   -2.4726    3.7646    0.2553    0.0420
   0    2.6993 -999.9900    4.8506    4.8506    4.2641   -2.4727    3.7646    0.2553    0.0420
   0    2.6156 -999.9900    4.7806    4.7806    4.2888   -2.4434    3.6610    0.2401    0.0310
   0    2.6156 -999.9900    4.7806    4.7806    4.2888   -2.4434    3.6610    0.2401    0.0310
    
2023051400
   0    2.6665 -999.9900    5.0207    5.0207    4.1715   -1.0873    3.7838    0.2106    0.1034
   0    2.6660 -999.9900    5.0203    5.0203    4.1715   -1.0897    3.7827    0.2107    0.1033
   0    2.6961 -999.9900    5.0007    5.0007    4.0542   -1.0918    3.7823    0.2181    0.1048
   0    2.6960 -999.9900    5.0007    5.0007    4.0542   -1.0925    3.7822    0.2181    0.1048
    
2023051500
   0    2.9726 -999.9900    5.3719    5.3719    4.0385   -1.4871    4.2183    0.2748    0.1182
   0    2.9724 -999.9900    5.3716    5.3716    4.0385   -1.4875    4.2179    0.2748    0.1182
   0    3.0064 -999.9900    5.4402    5.4402    3.9800   -1.6421    4.2518    0.2860    0.1113
   0    3.0061 -999.9900    5.4399    5.4399    3.9800   -1.6425    4.2514    0.2860    0.1112
    
2023051600
   0    2.9847 -999.9900    5.2801    5.2801    4.2251   -1.3637    4.1999    0.2420    0.1079
   0    2.9818 -999.9900    5.2770    5.2770    4.2251   -1.3674    4.1962    0.2420    0.1070
   0    2.9897 -999.9900    5.3000    5.3000    4.1048   -1.4193    4.2099    0.2537    0.1118
   0    2.9891 -999.9900    5.2994    5.2994    4.1048   -1.4199    4.2092    0.2537    0.1116
    
2023051700
   0    3.3130 -999.9900    6.0591    6.0591    3.9582   -1.0132    4.5094    0.2413    0.1696
   0    3.3130 -999.9900    6.0592    6.0592    3.9582   -1.0132    4.5094    0.2413    0.1696
   0    3.2145 -999.9900    5.8983    5.8983    3.9254   -0.9950    4.3878    0.2371    0.1680
   0    3.2145 -999.9900    5.8984    5.8984    3.9254   -0.9949    4.3878    0.2371    0.1680
    
2023051800
   0    3.6030 -999.9900    6.4876    6.4876    3.9362    0.2410    4.8062    0.2178    0.2016
   0    3.6030 -999.9900    6.4876    6.4876    3.9362    0.2410    4.8062    0.2178    0.2016
   0    3.5142 -999.9900    6.3352    6.3352    3.9657    0.0148    4.7080    0.2164    0.1931
   0    3.5142 -999.9900    6.3352    6.3352    3.9657    0.0148    4.7080    0.2164    0.1931
    
2023051900
   0    3.4236 -999.9900    6.1816    6.1816    4.0495   -0.7389    4.7079    0.2570    0.1798
   0    3.4233 -999.9900    6.1812    6.1812    4.0495   -0.7392    4.7076    0.2570    0.1798
   0    3.3010 -999.9900    5.9695    5.9695    4.0611   -0.7376    4.5620    0.2456    0.1766
   0    3.3010 -999.9900    5.9695    5.9695    4.0611   -0.7376    4.5620    0.2456    0.1766
    
2023052000
   0    2.4538 -999.9900    4.5578    4.5578    4.2544   -2.4301    3.3426    0.2517    0.0347
   0    2.4534 -999.9900    4.5575    4.5575    4.2544   -2.4306    3.3421    0.2517    0.0347
   0    2.3762 -999.9900    4.4371    4.4371    4.1090   -2.3430    3.2620    0.2419    0.0304
   0    2.3762 -999.9900    4.4371    4.4371    4.1090   -2.3430    3.2620    0.2419    0.0304
    
2023052100
   0    2.3089 -999.9900    4.3770    4.3770    3.7746   -1.9031    3.1971    0.2154    0.0338
   0    2.3089 -999.9900    4.3769    4.3769    3.7746   -1.9032    3.1971    0.2154    0.0338
   0    2.2830 -999.9900    4.3494    4.3494    3.8619   -2.0099    3.1896    0.2132    0.0274
   0    2.2830 -999.9900    4.3494    4.3494    3.8619   -2.0099    3.1896    0.2132    0.0274
    
2023052200
   0    2.5922 -999.9900    4.9319    4.9319    3.8389   -0.1311    3.5884    0.1581    0.1451
   0    2.5922 -999.9900    4.9319    4.9319    3.8389   -0.1312    3.5884    0.1581    0.1451
   0    2.4384 -999.9900    4.6508    4.6508    4.0029   -0.3066    3.3750    0.1444    0.1244
   0    2.4384 -999.9900    4.6508    4.6508    4.0029   -0.3066    3.3750    0.1444    0.1244
    
2023052300
   0    2.9594 -999.9900    5.5940    5.5940    4.0827   -0.1269    4.1397    0.1761    0.1490
   0    2.9536 -999.9900    5.5855    5.5855    4.0827   -0.1337    4.1330    0.1761    0.1478
   0    2.7849 -999.9900    5.3089    5.3089    4.0500   -0.1642    3.9391    0.1620    0.1293
   0    2.7848 -999.9900    5.3086    5.3086    4.0500   -0.1644    3.9390    0.1620    0.1295
    
2023052400
   0    1.9481 -999.9900    3.6362    3.6362    3.9666   -0.2913    2.7222    0.0961    0.0961
   0    1.9479 -999.9900    3.6357    3.6357    3.9666   -0.2919    2.7216    0.0961    0.0961
   0    1.9346 -999.9900    3.6353    3.6353    3.9865   -0.3126    2.7013    0.0969    0.0801
   0    1.9345 -999.9900    3.6350    3.6350    3.9865   -0.3129    2.7011    0.0969    0.0801
    
2023052500
   0    2.5923 -999.9900    4.9288    4.9288    3.5151    0.5107    3.5832    0.1197    0.2122
   0    2.5921 -999.9900    4.9285    4.9285    3.5151    0.5105    3.5830    0.1197    0.2123
   0    2.7228 -999.9900    5.1728    5.1728    3.5378    0.5683    3.7642    0.1291    0.2215
   0    2.7236 -999.9900    5.1735    5.1735    3.5378    0.5694    3.7653    0.1291    0.2217
    
2023052600
   0    3.3698 -999.9900    6.0269    6.0269    3.6142    0.8999    4.5629    0.1603    0.3048
   0    3.3913 -999.9900    6.0781    6.0781    3.6142    0.8587    4.5800    0.1629    0.2999
   0    3.1848 -999.9900    5.8323    5.8323    3.6969    0.6907    4.3557    0.1573    0.2556
   0    3.1840 -999.9900    5.8317    5.8317    3.6969    0.6890    4.3545    0.1573    0.2553
    
2023052700
   0    3.0700 -999.9900    5.5706    5.5706    3.7049    0.2595    4.1827    0.1604    0.2367
   0    3.0695 -999.9900    5.5701    5.5701    3.7049    0.2625    4.1812    0.1604    0.2368
   0    3.0596 -999.9900    5.5741    5.5741    3.6377    0.2435    4.1843    0.1655    0.2431
   0    3.0593 -999.9900    5.5738    5.5738    3.6377    0.2439    4.1838    0.1655    0.2432
    
2023052800
   0    2.8285 -999.9900    5.2170    5.2170    3.8881   -0.2526    3.9755    0.1782    0.1962
   0    2.8283 -999.9900    5.2156    5.2156    3.8881   -0.2522    3.9761    0.1782    0.1967
   0    2.8885 -999.9900    5.3169    5.3169    3.8800   -0.2079    4.0433    0.1711    0.1991
   0    2.8883 -999.9900    5.3157    5.3157    3.8800   -0.2077    4.0438    0.1711    0.1995
    
2023052900
   0    2.3861 -999.9900    4.4785    4.4785    4.0038   -0.1262    3.3658    0.1408    0.1317
   0    2.3862 -999.9900    4.4785    4.4785    4.0038   -0.1258    3.3659    0.1408    0.1318
   0    2.4304 -999.9900    4.5687    4.5687    3.9354   -0.0706    3.4438    0.1439    0.1345
   0    2.4305 -999.9900    4.5687    4.5687    3.9354   -0.0700    3.4438    0.1439    0.1346
    
2023053000
   0    2.1835 -999.9900    4.0176    4.0176    3.8157    0.4440    3.0883    0.1000    0.1603
   0    2.1835 -999.9900    4.0178    4.0178    3.8157    0.4438    3.0882    0.1000    0.1604
   0    2.0846 -999.9900    3.8424    3.8424    3.8366    0.4367    2.9634    0.0853    0.1544
   0    2.0846 -999.9900    3.8426    3.8426    3.8366    0.4366    2.9633    0.0853    0.1545
    
2023053100
   0    2.1948 -999.9900    4.1167    4.1167    3.7559   -0.3942    3.0282    0.1247    0.1487
   0    2.1951 -999.9900    4.1169    4.1169    3.7559   -0.3933    3.0281    0.1246    0.1486
   0    2.0808 -999.9900    3.9137    3.9137    3.7508   -0.4549    2.9198    0.1167    0.1316
   0    2.0814 -999.9900    3.9145    3.9145    3.7508   -0.4537    2.9206    0.1167    0.1322
    
2023060100
   0    2.0882 -999.9900    4.0017    4.0017    3.8894   -0.9932    2.9927    0.1217    0.1052
   0    2.0872 -999.9900    4.0010    4.0010    3.8894   -0.9947    2.9915    0.1217    0.1032
   0    2.0961 -999.9900    4.0486    4.0486    3.8681   -0.9720    2.9922    0.1204    0.1016
   0    2.0950 -999.9900    4.0480    4.0480    3.8681   -0.9733    2.9909    0.1204    0.0997
    
2023060200
   0    2.2942 -999.9900    4.3030    4.3030    3.6572   -1.3780    3.3128    0.1962    0.1000
   0    2.2917 -999.9900    4.3028    4.3028    3.6572   -1.3815    3.3095    0.1962    0.0963
   0    2.2694 -999.9900    4.2924    4.2924    3.7016   -1.3391    3.2965    0.1763    0.1012
   0    2.2674 -999.9900    4.2917    4.2917    3.7016   -1.3421    3.2938    0.1763    0.0987
    
2023060300
   0    2.4589 -999.9900    4.7258    4.7258    3.9163   -1.2406    3.4895    0.1777    0.0970
   0    2.4618 -999.9900    4.7324    4.7324    3.9163   -1.2376    3.4923    0.1777    0.0969
   0    2.4487 -999.9900    4.7141    4.7141    3.8618   -1.1674    3.4885    0.1761    0.1060
   0    2.4492 -999.9900    4.7155    4.7155    3.8618   -1.1667    3.4890    0.1761    0.1059
    
2023060400
   0    2.6297 -999.9900    4.8827    4.8827    3.6027   -0.6885    3.6749    0.2003    0.1538
   0    2.6298 -999.9900    4.8838    4.8838    3.6027   -0.6892    3.6746    0.2004    0.1530
   0    2.5823 -999.9900    4.8441    4.8441    3.6773   -0.6915    3.6623    0.1926    0.1469
   0    2.5829 -999.9900    4.8461    4.8461    3.6773   -0.6913    3.6627    0.1926    0.1465
    
2023060500
   0    2.5667 -999.9900    4.7528    4.7528    3.6447   -0.5848    3.5922    0.1724    0.1629
   0    2.5671 -999.9900    4.7532    4.7532    3.6447   -0.5845    3.5925    0.1724    0.1630
   0    2.5858 -999.9900    4.8212    4.8212    3.7066   -0.5590    3.6234    0.1689    0.1645
   0    2.5861 -999.9900    4.8214    4.8214    3.7066   -0.5587    3.6238    0.1689    0.1648
    
2023060600
   0    2.5908 -999.9900    4.7259    4.7259    3.8454   -0.3867    3.6344    0.1521    0.1974
   0    2.5893 -999.9900    4.7260    4.7260    3.8454   -0.3878    3.6337    0.1521    0.1962
   0    2.6285 -999.9900    4.8027    4.8027    3.8568   -0.3279    3.7110    0.1482    0.2042
   0    2.6274 -999.9900    4.8027    4.8027    3.8568   -0.3297    3.7101    0.1482    0.2032
    
2023060700
   0    2.7165 -999.9900    4.9911    4.9911    3.6585    0.9098    3.7951    0.1160    0.2246
   0    2.7164 -999.9900    4.9918    4.9918    3.6585    0.9082    3.7950    0.1161    0.2239
   0    2.6737 -999.9900    4.9204    4.9204    3.6043    0.7588    3.7472    0.1223    0.2109
   0    2.6740 -999.9900    4.9210    4.9210    3.6043    0.7586    3.7476    0.1223    0.2111
    
2023060800
   0    2.3357 -999.9900    4.4895    4.4895    3.7393    0.1271    3.2991    0.1188    0.1489
   0    2.3367 -999.9900    4.4905    4.4905    3.7393    0.1290    3.3010    0.1187    0.1490
   1 -999.9900 -999.9900 -999.9900 -999.9900 -999.9900 -999.9900 -999.9900 -999.9900 -999.9900
   0    2.4655 -999.9900    4.6847    4.6847    3.6884    0.2001    3.4649    0.1261    0.1705
    
2023060900
   0    1.9980 -999.9900    3.7883    3.7883    3.5269   -0.0885    2.7927    0.1072    0.1386
   0    1.9993 -999.9900    3.7914    3.7914    3.5269   -0.0908    2.7943    0.1075    0.1380
   0    2.0128 -999.9900    3.8473    3.8473    3.5935   -0.1416    2.8226    0.1077    0.1206
   0    2.0135 -999.9900    3.8493    3.8493    3.5935   -0.1429    2.8237    0.1079    0.1209
    
2023061000
   0    1.9596 -999.9900    3.6006    3.6006    3.3840    0.0608    2.7246    0.1149    0.1524
   0    1.9585 -999.9900    3.6001    3.6001    3.3840    0.0595    2.7234    0.1149    0.1503
   0    2.0217 -999.9900    3.7146    3.7146    3.4512   -0.1040    2.8068    0.1236    0.1524
   0    2.0213 -999.9900    3.7146    3.7146    3.4512   -0.1044    2.8064    0.1236    0.1510
    
2023061100
   0    1.7486 -999.9900    3.1746    3.1746    3.2968    0.1446    2.4577    0.0931    0.1445
   0    1.7478 -999.9900    3.1739    3.1739    3.2968    0.1463    2.4570    0.0931    0.1441
   0    1.7325 -999.9900    3.1634    3.1634    3.3067    0.1669    2.4560    0.0879    0.1380
   0    1.7311 -999.9900    3.1621    3.1621    3.3067    0.1669    2.4545    0.0879    0.1378
    
2023061200
   0    1.7359 -999.9900    3.3153    3.3153    3.5397   -1.0073    2.4638    0.1143    0.0524
   0    1.7328 -999.9900    3.3121    3.3121    3.5397   -1.0084    2.4595    0.1142    0.0521
   0    1.6974 -999.9900    3.2484    3.2484    3.5497   -0.9223    2.4182    0.1032    0.0474
   0    1.6952 -999.9900    3.2459    3.2459    3.5497   -0.9219    2.4150    0.1032    0.0473
    
2023061300
   0    1.9034 -999.9900    3.6528    3.6528    3.5456   -0.8754    2.6584    0.1507    0.0660
   0    1.8993 -999.9900    3.6499    3.6499    3.5456   -0.8813    2.6523    0.1506    0.0630
   0    1.8657 -999.9900    3.5946    3.5946    3.4995   -0.8064    2.6388    0.1303    0.0720
   0    1.8628 -999.9900    3.5930    3.5930    3.4995   -0.8099    2.6348    0.1303    0.0696
    
2023061400
   0    2.0356 -999.9900    3.8681    3.8681    3.2980   -0.7612    2.8692    0.1630    0.0909
   0    2.0329 -999.9900    3.8665    3.8665    3.2980   -0.7659    2.8652    0.1631    0.0883
   0    1.9199 -999.9900    3.6875    3.6875    3.4560   -0.6950    2.7336    0.1316    0.0767
   0    1.9181 -999.9900    3.6865    3.6865    3.4560   -0.6976    2.7311    0.1316    0.0750
    
2023061500
   0    2.0106 -999.9900    3.8146    3.8146    3.4042   -0.1226    2.8468    0.1385    0.1169
   0    2.0102 -999.9900    3.8147    3.8147    3.4042   -0.1217    2.8467    0.1385    0.1162
   0    1.9363 -999.9900    3.6853    3.6853    3.2925   -0.1293    2.7465    0.1344    0.1160
   0    1.9359 -999.9900    3.6854    3.6854    3.2925   -0.1290    2.7463    0.1344    0.1152
    
2023061600
   0    1.9323 -999.9900    3.7095    3.7095    3.5362   -0.2871    2.6952    0.1261    0.0864
   0    1.9326 -999.9900    3.7107    3.7107    3.5362   -0.2866    2.6958    0.1261    0.0862
   0    1.9188 -999.9900    3.6658    3.6658    3.5202   -0.2703    2.6799    0.1273    0.0851
   0    1.9191 -999.9900    3.6666    3.6666    3.5202   -0.2701    2.6804    0.1273    0.0851
    
2023061700
   0    1.9736 -999.9900    3.6150    3.6150    3.3918   -0.5396    2.7962    0.1733    0.1010
   0    1.9719 -999.9900    3.6145    3.6145    3.3918   -0.5420    2.7937    0.1733    0.0999
   0    1.9375 -999.9900    3.5747    3.5747    3.3881   -0.4884    2.7402    0.1643    0.0965
   0    1.9354 -999.9900    3.5736    3.5736    3.3881   -0.4915    2.7370    0.1643    0.0953
    
2023061800
   0    1.8490 -999.9900    3.3984    3.3984    3.4459   -0.0565    2.6110    0.1351    0.1254
   0    1.8445 -999.9900    3.3965    3.3965    3.4459   -0.0657    2.6039    0.1351    0.1224
   0    1.8679 -999.9900    3.4303    3.4303    3.4509   -0.1085    2.6381    0.1379    0.1213
   0    1.8633 -999.9900    3.4278    3.4278    3.4509   -0.1166    2.6309    0.1379    0.1186
    
2023061900
   0    1.8193 -999.9900    3.3079    3.3079    3.2265   -0.0660    2.5102    0.1595    0.1281
   0    1.8228 -999.9900    3.3149    3.3149    3.2265   -0.0644    2.5147    0.1595    0.1286
   0    1.8008 -999.9900    3.2887    3.2887    3.3245    0.1041    2.5184    0.1454    0.1198
   0    1.8024 -999.9900    3.2927    3.2927    3.3245    0.1028    2.5199    0.1453    0.1197
    
2023062000
   0    2.0078 -999.9900    3.7590    3.7590    3.4996   -0.2303    2.8091    0.1544    0.1180
   0    2.0085 -999.9900    3.7601    3.7601    3.4996   -0.2353    2.8105    0.1544    0.1180
   0    1.9952 -999.9900    3.7418    3.7418    3.4563   -0.2121    2.7973    0.1436    0.1154
   0    1.9956 -999.9900    3.7425    3.7425    3.4563   -0.2157    2.7979    0.1436    0.1155
    
2023062100
   0    2.0818 -999.9900    3.9621    3.9621    3.4080   -0.5350    2.8687    0.1591    0.1115
   0    2.0850 -999.9900    3.9644    3.9644    3.4080   -0.5388    2.8730    0.1609    0.1116
   0    2.0093 -999.9900    3.8456    3.8456    3.4340   -0.3481    2.7699    0.1447    0.1118
   0    2.0114 -999.9900    3.8472    3.8472    3.4340   -0.3513    2.7731    0.1454    0.1118
    
2023062200
   0    2.0541 -999.9900    3.9657    3.9657    3.3405   -0.3941    2.8699    0.1382    0.1131
   0    2.0549 -999.9900    3.9664    3.9664    3.3405   -0.4012    2.8713    0.1385    0.1132
   0    2.0791 -999.9900    4.0268    4.0268    3.2986   -0.3447    2.8898    0.1383    0.1228
   0    2.0799 -999.9900    4.0276    4.0276    3.2986   -0.3493    2.8913    0.1386    0.1229
    
2023062300
   0    2.0231 -999.9900    3.8776    3.8776    3.1385    0.0921    2.7933    0.1317    0.1539
   0    2.0233 -999.9900    3.8778    3.8778    3.1385    0.0788    2.7937    0.1325    0.1534
   0    2.0448 -999.9900    3.8889    3.8889    3.1907   -0.0363    2.8206    0.1365    0.1447
   0    2.0453 -999.9900    3.8894    3.8894    3.1907   -0.0447    2.8216    0.1370    0.1446
    
2023062400
   0    2.2618 -999.9900    4.3074    4.3074    3.1641   -0.4927    3.1191    0.1872    0.1427
   0    2.2588 -999.9900    4.3052    4.3052    3.1641   -0.5003    3.1118    0.1872    0.1420
   0    2.1589 -999.9900    4.1692    4.1692    3.2732   -0.4102    3.0168    0.1557    0.1340
   0    2.1567 -999.9900    4.1677    4.1677    3.2732   -0.4157    3.0116    0.1557    0.1334
    
2023062500
   0    1.9774 -999.9900    3.8429    3.8429    3.1649    0.3558    2.7670    0.1169    0.1630
   0    1.9775 -999.9900    3.8430    3.8430    3.1649    0.3569    2.7671    0.1168    0.1631
   0    2.0466 -999.9900    3.9991    3.9991    3.1946    0.2171    2.8632    0.1305    0.1485
   0    2.0467 -999.9900    3.9993    3.9993    3.1946    0.2175    2.8634    0.1305    0.1486
    
2023062600
   0    1.9724 -999.9900    3.7502    3.7502    3.2523    0.0387    2.7653    0.1326    0.1369
   0    1.9720 -999.9900    3.7500    3.7500    3.2523    0.0370    2.7642    0.1327    0.1369
   0    1.9026 -999.9900    3.6183    3.6183    3.2753   -0.0594    2.6824    0.1298    0.1190
   0    1.9022 -999.9900    3.6183    3.6183    3.2753   -0.0607    2.6814    0.1298    0.1190
    
2023062700
   0    1.8191 -999.9900    3.5320    3.5320    3.1718   -0.2566    2.5383    0.1212    0.1098
   0    1.8193 -999.9900    3.5325    3.5325    3.1718   -0.2579    2.5386    0.1214    0.1098
   0    1.8276 -999.9900    3.5608    3.5608    3.1402   -0.3325    2.5514    0.1234    0.1082
   0    1.8271 -999.9900    3.5605    3.5605    3.1402   -0.3336    2.5507    0.1234    0.1076
    
2023062800
   0    1.7550 -999.9900    3.3078    3.3078    3.3308   -0.4557    2.4882    0.1120    0.0951
   0    1.7531 -999.9900    3.3062    3.3062    3.3308   -0.4602    2.4859    0.1125    0.0936
   0    1.7640 -999.9900    3.3346    3.3346    3.3539   -0.4385    2.4925    0.1143    0.0888
   0    1.7619 -999.9900    3.3328    3.3328    3.3539   -0.4430    2.4897    0.1144    0.0874
    
2023062900
   0    1.8888 -999.9900    3.5869    3.5869    3.2555   -0.9159    2.6395    0.1933    0.0825
   0    1.8887 -999.9900    3.5872    3.5872    3.2555   -0.9157    2.6392    0.1933    0.0821
   0    1.8370 -999.9900    3.5256    3.5256    3.3466   -0.8268    2.5838    0.1794    0.0782
   0    1.8369 -999.9900    3.5258    3.5258    3.3466   -0.8264    2.5835    0.1795    0.0782
    
2023063000
   0    1.8831 -999.9900    3.6748    3.6748    3.3364   -1.4975    2.6500    0.1993    0.0487
   0    1.8831 -999.9900    3.6748    3.6748    3.3364   -1.4975    2.6500    0.1993    0.0487
   0    1.8940 -999.9900    3.6786    3.6786    3.4391   -1.5953    2.6788    0.1913    0.0391
   0    1.8939 -999.9900    3.6787    3.6787    3.4391   -1.5947    2.6785    0.1913    0.0391
    
