2023050100
    
2023050200
    
2023050300
    
2023050400
    
2023050500
    
2023050600
    
2023050700
    
2023050800
    
2023050900
    
2023051000
    
2023051100
    
2023051200
    
2023051300
    
2023051400
    
2023051500
    
2023051600
    
2023051700
    
2023051800
    
2023051900
    
2023052000
    
2023052100
    
2023052200
    
2023052300
    
2023052400
    
2023052500
    
2023052600
    
2023052700
    
2023052800
    
2023052900
    
2023053000
    
2023053100
    
2023060100
    
2023060200
    
2023060300
    
2023060400
    
2023060500
    
2023060600
    
2023060700
    
2023060800
    
2023060900
    
2023061000
    
2023061100
    
2023061200
    
2023061300
    
2023061400
    
2023061500
    
2023061600
    
2023061700
    
2023061800
    
2023061900
    
2023062000
    
2023062100
    
2023062200
    
2023062300
    
2023062400
    
2023062500
    
2023062600
    
2023062700
    
2023062800
    
2023062900
    
2023063000
    
