v6.1 gefs
v6.1 naefs
v7.0 gefs
v7.0 naefs
    
2023010700
   1 -999.9900 -999.9900 -999.9900 -999.9900 -999.9900 -999.9900 -999.9900 -999.9900 -999.9900
   1 -999.9900 -999.9900 -999.9900 -999.9900 -999.9900 -999.9900 -999.9900 -999.9900 -999.9900
   1 -999.9900 -999.9900 -999.9900 -999.9900 -999.9900 -999.9900 -999.9900 -999.9900 -999.9900
   1 -999.9900 -999.9900 -999.9900 -999.9900 -999.9900 -999.9900 -999.9900 -999.9900 -999.9900
    
2023010800
   1 -999.9900 -999.9900 -999.9900 -999.9900 -999.9900 -999.9900 -999.9900 -999.9900 -999.9900
   1 -999.9900 -999.9900 -999.9900 -999.9900 -999.9900 -999.9900 -999.9900 -999.9900 -999.9900
   1 -999.9900 -999.9900 -999.9900 -999.9900 -999.9900 -999.9900 -999.9900 -999.9900 -999.9900
   1 -999.9900 -999.9900 -999.9900 -999.9900 -999.9900 -999.9900 -999.9900 -999.9900 -999.9900
    
2023010900
   0    1.1690 -999.9900    2.2986    2.2986    1.2880   -0.4956    1.5181    0.2253    0.1588
   0    0.9931 -999.9900    2.0175    2.0175    1.7263   -0.1899    1.3683    0.1426    0.1253
   0    1.4259 -999.9900    2.7287    2.7287    1.3204   -0.8587    1.8130    0.3032    0.1410
   0    1.0767 -999.9900    2.1973    2.1973    1.8554   -0.4749    1.4726    0.1701    0.1120
    
2023011000
   0    1.0182 -999.9900    1.9604    1.9604    1.2392   -0.3106    1.3230    0.1985    0.1542
   0    0.9324 -999.9900    1.9050    1.9050    1.6770    0.0428    1.2664    0.1107    0.1436
   0    1.2696 -999.9900    2.4053    2.4053    1.2698   -0.4798    1.6033    0.2482    0.1549
   0    0.9954 -999.9900    2.0269    2.0269    1.7426   -0.1492    1.3469    0.1226    0.1300
    
2023011100
   0    1.2328 -999.9900    2.3975    2.3975    1.1676   -0.5327    1.5608    0.2601    0.1583
   0    0.9598 -999.9900    2.0146    2.0146    1.7627   -0.0936    1.3259    0.1304    0.1240
   0    1.4258 -999.9900    2.7047    2.7047    1.1868   -0.7206    1.7726    0.2937    0.1638
   0    1.0489 -999.9900    2.1984    2.1984    1.7619   -0.3475    1.4437    0.1615    0.1115
    
2023011200
   0    1.2515 -999.9900    2.4120    2.4120    1.0735   -0.4389    1.5617    0.2431    0.2191
   0    0.9311 -999.9900    1.9142    1.9142    1.7068   -0.2431    1.2878    0.1337    0.1362
   0    1.2644 -999.9900    2.4574    2.4574    1.1038   -0.7464    1.5675    0.2880    0.1604
   0    0.9747 -999.9900    2.0268    2.0268    1.6537   -0.4667    1.3466    0.1695    0.1156
    
2023011300
   0    1.2086 -999.9900    2.2652    2.2652    0.9928   -0.0539    1.5064    0.2097    0.2601
   0    0.9003 -999.9900    1.8220    1.8220    1.7310   -0.0700    1.2340    0.1093    0.1513
   0    1.1832 -999.9900    2.2388    2.2388    0.9998   -0.4411    1.4917    0.2715    0.1985
   0    0.9131 -999.9900    1.8670    1.8670    1.6619   -0.3126    1.2522    0.1426    0.1233
    
2023011400
   0    1.3271 -999.9900    2.6275    2.6275    0.9322    0.1184    1.6005    0.2120    0.2681
   0    0.9984 -999.9900    2.1628    2.1628    1.7110   -0.0099    1.3572    0.1330    0.1501
   0    1.4985 -999.9900    2.9242    2.9242    0.9209   -0.1991    1.7942    0.3087    0.2090
   0    1.1223 -999.9900    2.4393    2.4393    1.6365   -0.1746    1.5132    0.1867    0.1258
    
2023011500
   0    1.2200 -999.9900    2.3358    2.3358    1.0093   -0.1005    1.5169    0.2316    0.2659
   0    0.9788 -999.9900    1.9828    1.9828    1.6214   -0.2126    1.3362    0.1745    0.1749
   0    1.3091 -999.9900    2.4931    2.4931    1.0042   -0.4190    1.6120    0.3001    0.2014
   0    1.0127 -999.9900    2.0639    2.0639    1.6043   -0.3680    1.3688    0.2127    0.1412
    
2023011600
   0    1.0830 -999.9900    2.0268    2.0268    1.1444   -0.3843    1.3758    0.2485    0.1686
   0    0.9187 -999.9900    1.8191    1.8191    1.5704   -0.3439    1.2565    0.1687    0.1147
   0    1.1835 -999.9900    2.1544    2.1544    1.1403   -0.5041    1.4961    0.3019    0.1497
   0    0.9642 -999.9900    1.8875    1.8875    1.5733   -0.4237    1.3234    0.1919    0.1032
    
2023011700
   0    1.0503 -999.9900    1.9890    1.9890    1.0843   -0.4769    1.3527    0.2288    0.1646
   0    0.9156 -999.9900    1.8457    1.8457    1.6080   -0.2745    1.2622    0.1387    0.1167
   0    1.1974 -999.9900    2.2151    2.2151    1.1002   -0.5607    1.5110    0.2666    0.1588
   0    0.9682 -999.9900    1.9354    1.9354    1.6391   -0.3653    1.3196    0.1585    0.1110
    
2023011800
   0    1.1476 -999.9900    2.1463    2.1463    1.2021   -0.3288    1.4662    0.2248    0.2176
   0    0.9286 -999.9900    1.8355    1.8355    1.6100   -0.1044    1.2533    0.1282    0.1473
   0    1.2975 -999.9900    2.4110    2.4110    1.1652   -0.4969    1.6257    0.2846    0.1957
   0    1.0026 -999.9900    2.0088    2.0088    1.6233   -0.2501    1.3603    0.1557    0.1398
    
2023011900
   0    1.1852 -999.9900    2.3641    2.3641    1.2570   -0.2513    1.5063    0.1925    0.1928
   0    0.9733 -999.9900    2.0335    2.0335    1.7352    0.0454    1.3269    0.0971    0.1575
   0    1.2470 -999.9900    2.4130    2.4130    1.1176   -0.3877    1.5544    0.2377    0.1989
   0    0.9916 -999.9900    2.0560    2.0560    1.6995   -0.0957    1.3441    0.1187    0.1490
    
2023012000
   0    1.2161 -999.9900    2.2620    2.2620    1.1236   -0.1648    1.5254    0.2230    0.2579
   0    0.9680 -999.9900    1.9179    1.9179    1.7835    0.0978    1.3160    0.1038    0.1837
   0    1.2260 -999.9900    2.2606    2.2606    1.1108   -0.2229    1.5326    0.2513    0.2359
   0    0.9820 -999.9900    1.9503    1.9503    1.7194    0.0107    1.3343    0.1183    0.1739
    
2023012100
   0    1.2413 -999.9900    2.3263    2.3263    1.1037   -0.0881    1.5179    0.2205    0.2143
   0    0.9818 -999.9900    1.9774    1.9774    1.9266    0.1941    1.3312    0.0820    0.1348
   0    1.2696 -999.9900    2.2996    2.2996    1.0945   -0.4631    1.5656    0.2773    0.1726
   0    0.9906 -999.9900    1.9597    1.9597    1.8734   -0.0874    1.3472    0.1123    0.1196
    
2023012200
   1 -999.9900 -999.9900 -999.9900 -999.9900 -999.9900 -999.9900 -999.9900 -999.9900 -999.9900
   1 -999.9900 -999.9900 -999.9900 -999.9900 -999.9900 -999.9900 -999.9900 -999.9900 -999.9900
   1 -999.9900 -999.9900 -999.9900 -999.9900 -999.9900 -999.9900 -999.9900 -999.9900 -999.9900
   1 -999.9900 -999.9900 -999.9900 -999.9900 -999.9900 -999.9900 -999.9900 -999.9900 -999.9900
    
2023012300
   0    1.1751 -999.9900    2.2238    2.2238    1.2307   -0.0319    1.4954    0.1924    0.2685
   0    1.1751 -999.9900    2.2238    2.2238    1.2307   -0.0319    1.4954    0.1924    0.2685
   0    1.1140 -999.9900    2.1275    2.1275    1.2119   -0.1272    1.4270    0.2162    0.2304
   0    0.9660 -999.9900    1.9649    1.9649    1.7983   -0.0079    1.3239    0.1073    0.1547
    
2023012400
   0    1.1819 -999.9900    2.2205    2.2205    1.0847    0.2827    1.4713    0.1632    0.3207
   0    0.9744 -999.9900    2.0333    2.0333    1.8547    0.1168    1.3362    0.0957    0.1765
   0    1.0929 -999.9900    2.0501    2.0501    1.0890    0.1014    1.3907    0.1954    0.2883
   0    0.9497 -999.9900    1.9842    1.9842    1.7086    0.0411    1.3081    0.1039    0.1655
    
2023012500
   0    1.2472 -999.9900    2.2350    2.2350    1.0920    0.2618    1.5176    0.1772    0.3604
   0    0.9892 -999.9900    1.9964    1.9964    1.9389    0.0204    1.3315    0.0967    0.1905
   0    1.3586 -999.9900    2.5053    2.5053    1.0787   -0.0255    1.6688    0.2418    0.3112
   0    1.0674 -999.9900    2.1764    2.1764    1.8609   -0.1038    1.4490    0.1347    0.1839
    
2023012600
   0    1.0734 -999.9900    1.9648    1.9648    1.0920    0.3942    1.3501    0.1609    0.3602
   0    0.8193 -999.9900    1.6367    1.6367    1.8941   -0.0344    1.1084    0.0960    0.1406
   0    1.1447 -999.9900    2.1410    2.1410    1.1450    0.1275    1.4401    0.2050    0.2947
   0    0.8808 -999.9900    1.7822    1.7822    1.8350   -0.1088    1.1985    0.1237    0.1263
    
2023012700
   0    1.0259 -999.9900    1.9544    1.9544    1.1480    0.2352    1.3027    0.1544    0.2983
   0    0.8585 -999.9900    1.7856    1.7856    1.7252    0.0113    1.1747    0.1087    0.1379
   0    1.0252 -999.9900    1.9524    1.9524    1.1795   -0.0295    1.3245    0.2079    0.2416
   0    0.8708 -999.9900    1.7793    1.7793    1.6885   -0.1027    1.1965    0.1318    0.1261
    
2023012800
   1 -999.9900 -999.9900 -999.9900 -999.9900 -999.9900 -999.9900 -999.9900 -999.9900 -999.9900
   1 -999.9900 -999.9900 -999.9900 -999.9900 -999.9900 -999.9900 -999.9900 -999.9900 -999.9900
   1 -999.9900 -999.9900 -999.9900 -999.9900 -999.9900 -999.9900 -999.9900 -999.9900 -999.9900
   1 -999.9900 -999.9900 -999.9900 -999.9900 -999.9900 -999.9900 -999.9900 -999.9900 -999.9900
    
2023012900
   0    1.3222 -999.9900    2.5550    2.5550    1.2038    0.3874    1.6721    0.1720    0.3693
   0    1.0218 -999.9900    2.1036    2.1036    1.8435    0.0796    1.4094    0.1060    0.2141
   0    1.3147 -999.9900    2.5564    2.5564    1.1928    0.2620    1.6683    0.1777    0.3539
   0    1.0427 -999.9900    2.1638    2.1638    1.7717    0.1310    1.4402    0.1049    0.2284
    
2023013000
   0    1.1426 -999.9900    2.2654    2.2654    1.2312    0.2608    1.4678    0.1874    0.2656
   0    0.9415 -999.9900    1.9985    1.9985    1.8327   -0.1017    1.2920    0.1400    0.1357
   0    1.1111 -999.9900    2.2095    2.2095    1.2897   -0.0145    1.4555    0.2393    0.2193
   0    0.9461 -999.9900    2.0029    2.0029    1.7759   -0.1944    1.3048    0.1655    0.1146
    
2023013100
   0    0.8779 -999.9900    1.7536    1.7536    1.1998    0.1005    1.1537    0.1810    0.2145
   0    0.7926 -999.9900    1.6395    1.6395    1.6421    0.0101    1.0957    0.1150    0.1353
   0    0.9468 -999.9900    1.8837    1.8837    1.1870   -0.1592    1.2427    0.2672    0.1700
   0    0.8117 -999.9900    1.6716    1.6716    1.6430   -0.1278    1.1251    0.1558    0.1091
    
2023020100
   1 -999.9900 -999.9900 -999.9900 -999.9900 -999.9900 -999.9900 -999.9900 -999.9900 -999.9900
   1 -999.9900 -999.9900 -999.9900 -999.9900 -999.9900 -999.9900 -999.9900 -999.9900 -999.9900
   1 -999.9900 -999.9900 -999.9900 -999.9900 -999.9900 -999.9900 -999.9900 -999.9900 -999.9900
   1 -999.9900 -999.9900 -999.9900 -999.9900 -999.9900 -999.9900 -999.9900 -999.9900 -999.9900
    
2023020200
   1 -999.9900 -999.9900 -999.9900 -999.9900 -999.9900 -999.9900 -999.9900 -999.9900 -999.9900
   1 -999.9900 -999.9900 -999.9900 -999.9900 -999.9900 -999.9900 -999.9900 -999.9900 -999.9900
   1 -999.9900 -999.9900 -999.9900 -999.9900 -999.9900 -999.9900 -999.9900 -999.9900 -999.9900
   1 -999.9900 -999.9900 -999.9900 -999.9900 -999.9900 -999.9900 -999.9900 -999.9900 -999.9900
    
2023020300
   0    1.0681 -999.9900    1.9850    1.9850    0.9205   -0.0933    1.3474    0.2701    0.2303
   0    0.9023 -999.9900    1.8106    1.8106    1.5933   -0.0037    1.2470    0.1770    0.1311
   0    1.0547 -999.9900    2.0121    2.0121    0.9734   -0.1923    1.3400    0.2430    0.2108
   0    0.8823 -999.9900    1.7834    1.7834    1.6039   -0.0811    1.2162    0.1467    0.1228
    
2023020400
   0    1.1327 -999.9900    2.1511    2.1511    1.1067   -0.1672    1.4382    0.2314    0.1922
   0    0.9057 -999.9900    1.8486    1.8486    1.7108    0.0044    1.2575    0.1300    0.1297
   0    1.2165 -999.9900    2.2521    2.2521    1.0369   -0.2545    1.4980    0.2637    0.2020
   0    0.9369 -999.9900    1.9083    1.9083    1.6704   -0.0823    1.2981    0.1430    0.1339
    
2023020500
   0    1.2142 -999.9900    2.1759    2.1759    0.8986   -0.2215    1.4744    0.2496    0.2555
   0    0.9853 -999.9900    1.9955    1.9955    1.6943   -0.0494    1.3209    0.1309    0.1541
   0    1.3071 -999.9900    2.3536    2.3536    0.9050   -0.5384    1.5905    0.3089    0.2229
   0    1.0150 -999.9900    2.0387    2.0387    1.7153   -0.2741    1.3564    0.1588    0.1401
    
2023020600
   0    1.0163 -999.9900    1.8973    1.8973    0.9519    0.1238    1.2642    0.1991    0.2580
   0    0.8896 -999.9900    1.8118    1.8118    1.6907    0.2103    1.2154    0.0900    0.1665
   0    1.1412 -999.9900    2.0545    2.0545    0.9638   -0.1765    1.4190    0.2744    0.2256
   0    0.9030 -999.9900    1.7836    1.7836    1.7439    0.0129    1.2203    0.1207    0.1502
    
2023020700
   0    0.9220 -999.9900    1.7349    1.7349    1.1183    0.0216    1.2030    0.1901    0.2032
   0    0.8449 -999.9900    1.6680    1.6680    1.7091    0.2216    1.1724    0.1006    0.1483
   0    1.0382 -999.9900    1.9124    1.9124    1.1194   -0.2976    1.3321    0.2559    0.1753
   0    0.8599 -999.9900    1.6762    1.6762    1.7360   -0.0099    1.1587    0.1059    0.1294
    
2023020800
   0    0.9249 -999.9900    1.7507    1.7507    1.1585   -0.2064    1.2107    0.2244    0.1520
   0    0.8107 -999.9900    1.5858    1.5858    1.6417    0.0529    1.1262    0.1198    0.1099
   0    1.0623 -999.9900    1.9880    1.9880    1.1522   -0.2911    1.3661    0.2614    0.1544
   0    0.8607 -999.9900    1.7028    1.7028    1.6410   -0.0498    1.1862    0.1284    0.1109
    
2023020900
   0    0.9236 -999.9900    1.7635    1.7635    1.2198    0.3229    1.2103    0.1202    0.2415
   0    0.8339 -999.9900    1.6673    1.6673    1.6385    0.3398    1.1494    0.0636    0.1601
   0    0.9853 -999.9900    1.8832    1.8832    1.2099   -0.0708    1.2937    0.1852    0.1991
   0    0.8397 -999.9900    1.6748    1.6748    1.6607    0.1002    1.1537    0.0827    0.1363
    
2023021000
   1 -999.9900 -999.9900 -999.9900 -999.9900 -999.9900 -999.9900 -999.9900 -999.9900 -999.9900
   1 -999.9900 -999.9900 -999.9900 -999.9900 -999.9900 -999.9900 -999.9900 -999.9900 -999.9900
   1 -999.9900 -999.9900 -999.9900 -999.9900 -999.9900 -999.9900 -999.9900 -999.9900 -999.9900
   1 -999.9900 -999.9900 -999.9900 -999.9900 -999.9900 -999.9900 -999.9900 -999.9900 -999.9900
    
2023021100
   0    1.0421 -999.9900    1.9880    1.9880    1.0713   -0.3803    1.3062    0.2603    0.1798
   0    0.9281 -999.9900    1.9152    1.9152    1.5600   -0.2966    1.2535    0.1730    0.1178
   0    1.0823 -999.9900    2.0493    2.0493    1.0581   -0.3080    1.3523    0.2653    0.1916
   0    0.9534 -999.9900    1.9562    1.9562    1.4897   -0.2700    1.2873    0.1735    0.1254
    
2023021200
   1 -999.9900 -999.9900 -999.9900 -999.9900 -999.9900 -999.9900 -999.9900 -999.9900 -999.9900
   1 -999.9900 -999.9900 -999.9900 -999.9900 -999.9900 -999.9900 -999.9900 -999.9900 -999.9900
   1 -999.9900 -999.9900 -999.9900 -999.9900 -999.9900 -999.9900 -999.9900 -999.9900 -999.9900
   1 -999.9900 -999.9900 -999.9900 -999.9900 -999.9900 -999.9900 -999.9900 -999.9900 -999.9900
    
2023021300
   0    1.1244 -999.9900    1.9797    1.9797    1.1621   -0.0361    1.4653    0.2087    0.2424
   0    0.8602 -999.9900    1.6391    1.6391    1.7627    0.1683    1.1820    0.0721    0.1331
   0    1.1130 -999.9900    2.0179    2.0179    1.1367   -0.0398    1.4327    0.2284    0.2135
   0    0.8662 -999.9900    1.6691    1.6691    1.7245    0.1250    1.1973    0.0882    0.1228
    
2023021400
   0    1.1334 -999.9900    2.0774    2.0774    1.2464   -0.1610    1.4548    0.1994    0.1899
   0    0.9221 -999.9900    1.8037    1.8037    1.7341    0.0399    1.2561    0.1023    0.1203
   0    1.0946 -999.9900    1.9863    1.9863    1.2347   -0.0652    1.4003    0.2034    0.1960
   0    0.9267 -999.9900    1.7898    1.7898    1.6592    0.0569    1.2531    0.1122    0.1283
    
2023021500
   0    0.9865 -999.9900    1.7408    1.7408    0.9693   -0.2393    1.2597    0.2548    0.2002
   0    0.7898 -999.9900    1.4983    1.4983    1.5588   -0.1276    1.0744    0.1109    0.1165
   0    0.9481 -999.9900    1.6811    1.6811    0.9728   -0.2007    1.2045    0.2502    0.1973
   0    0.7927 -999.9900    1.5036    1.5036    1.4713   -0.1269    1.0687    0.1203    0.1273
    
2023021600
   0    1.0121 -999.9900    1.7806    1.7806    0.8850    0.0497    1.2672    0.2209    0.2809
   0    0.8593 -999.9900    1.6412    1.6412    1.3764    0.0945    1.1681    0.1174    0.1863
   0    0.9521 -999.9900    1.6852    1.6852    0.8515   -0.0698    1.2121    0.2502    0.2476
   0    0.8204 -999.9900    1.5689    1.5689    1.3337    0.0139    1.1271    0.1296    0.1640
    
2023021700
   0    1.0746 -999.9900    1.9201    1.9201    1.0495    0.4207    1.3577    0.1497    0.3640
   0    0.8920 -999.9900    1.7023    1.7023    1.5296    0.3521    1.2263    0.0752    0.2421
   0    1.0928 -999.9900    1.9471    1.9471    1.0396    0.2163    1.3876    0.1951    0.3187
   0    0.8899 -999.9900    1.6983    1.6983    1.5258    0.2432    1.2340    0.0906    0.2181
    
2023021800
   0    1.0828 -999.9900    1.9934    1.9934    1.1640    0.3221    1.3758    0.1523    0.3418
   0    0.9276 -999.9900    1.8044    1.8044    1.5910    0.3231    1.2625    0.0927    0.2390
   0    1.0559 -999.9900    1.9570    1.9570    1.1449    0.2124    1.3525    0.1923    0.3078
   0    0.9024 -999.9900    1.7505    1.7505    1.5918    0.2569    1.2437    0.1067    0.2190
    
2023021900
   0    1.0841 -999.9900    2.0707    2.0707    1.1779    0.1201    1.3818    0.2202    0.2927
   0    0.8984 -999.9900    1.8419    1.8419    1.6329    0.1261    1.2411    0.1401    0.1816
   0    0.9971 -999.9900    1.9339    1.9339    1.1841    0.1226    1.2972    0.2091    0.2715
   0    0.8611 -999.9900    1.7699    1.7699    1.5936    0.1264    1.2001    0.1338    0.1742
    
2023022000
   0    1.0321 -999.9900    1.8874    1.8874    1.0507    0.1685    1.3206    0.1898    0.3192
   0    0.8849 -999.9900    1.7233    1.7233    1.5641    0.1752    1.2112    0.1218    0.1962
   0    1.0768 -999.9900    1.9429    1.9429    1.0404    0.1905    1.3748    0.2152    0.3157
   0    0.9019 -999.9900    1.7432    1.7432    1.5351    0.1869    1.2197    0.1317    0.1977
    
2023022100
   0    1.0283 -999.9900    1.9132    1.9132    1.1018    0.1327    1.2996    0.2162    0.2898
   0    0.9205 -999.9900    1.8395    1.8395    1.5422    0.1449    1.2283    0.1488    0.1951
   0    1.0804 -999.9900    2.0307    2.0307    1.0940    0.0655    1.3693    0.2491    0.2706
   0    0.9472 -999.9900    1.8912    1.8912    1.5131    0.1020    1.2634    0.1577    0.1990
    
2023022200
   0    1.0861 -999.9900    2.0221    2.0221    0.9702   -0.0546    1.3771    0.2614    0.3263
   0    0.9117 -999.9900    1.8051    1.8051    1.5380    0.0028    1.2440    0.1693    0.1868
   0    1.1915 -999.9900    2.1987    2.1987    1.0026   -0.0898    1.5039    0.2852    0.3221
   0    0.9844 -999.9900    1.9371    1.9371    1.5010   -0.0297    1.3453    0.1988    0.1994
    
2023022300
   0    1.0806 -999.9900    2.0259    2.0259    1.0241   -0.2153    1.3743    0.2246    0.3162
   0    0.8481 -999.9900    1.6949    1.6949    1.5877    0.0103    1.1621    0.1244    0.1768
   0    1.0393 -999.9900    1.9209    1.9209    1.0168   -0.1047    1.3321    0.2284    0.3124
   0    0.8607 -999.9900    1.7086    1.7086    1.4754    0.0316    1.1845    0.1341    0.1895
    
2023022400
   0    1.2241 -999.9900    2.2716    2.2716    1.1156   -0.4650    1.5258    0.2766    0.2422
   0    0.9243 -999.9900    1.8336    1.8336    1.7474   -0.1404    1.2384    0.1417    0.1320
   0    1.1410 -999.9900    2.1769    2.1769    1.0864   -0.2521    1.4416    0.2372    0.2725
   0    0.9373 -999.9900    1.8917    1.8917    1.5975   -0.0775    1.2725    0.1407    0.1527
    
2023022500
   0    1.1203 -999.9900    2.0529    2.0529    1.0348   -0.4398    1.4323    0.3229    0.1873
   0    0.9051 -999.9900    1.7804    1.7804    1.6449   -0.1235    1.2435    0.1914    0.1191
   0    1.0854 -999.9900    2.0533    2.0533    1.0221   -0.2596    1.3937    0.2877    0.2053
   0    0.9156 -999.9900    1.8391    1.8391    1.5391   -0.0786    1.2612    0.1827    0.1338
    
2023022600
   0    1.1927 -999.9900    2.2393    2.2393    1.0312   -0.2225    1.5003    0.2629    0.2602
   0    0.9395 -999.9900    1.9048    1.9048    1.6590    0.0280    1.2832    0.1487    0.1674
   0    1.1700 -999.9900    2.1782    2.1782    1.0247   -0.1687    1.4862    0.2729    0.2644
   0    0.9439 -999.9900    1.8856    1.8856    1.6150    0.0102    1.2959    0.1648    0.1753
    
2023022700
   0    1.1551 -999.9900    2.0865    2.0865    1.1172   -0.2990    1.4733    0.2308    0.2810
   0    0.9855 -999.9900    1.9053    1.9053    1.7012    0.0193    1.3501    0.1453    0.1875
   0    1.2006 -999.9900    2.1419    2.1419    1.1190   -0.2108    1.5222    0.2350    0.3018
   0    1.0024 -999.9900    1.9212    1.9212    1.6748    0.0086    1.3626    0.1456    0.2016
    
2023022800
   0    1.0716 -999.9900    1.8724    1.8724    0.9431    0.0507    1.3562    0.2145    0.3245
   0    0.8937 -999.9900    1.6960    1.6960    1.5891    0.3058    1.1989    0.0988    0.2324
   0    1.1106 -999.9900    1.9384    1.9384    0.9482    0.0252    1.3993    0.2128    0.3181
   0    0.9153 -999.9900    1.7171    1.7171    1.5555    0.2394    1.2321    0.0995    0.2383
    
2023030100
   0    0.9830 -999.9900    1.7596    1.7596    1.0040    0.1378    1.2620    0.2200    0.2890
   0    0.9114 -999.9900    1.7788    1.7788    1.4672    0.4925    1.2446    0.0995    0.2508
   0    1.0089 -999.9900    1.7757    1.7757    1.0613    0.2270    1.2894    0.1844    0.3084
   0    0.9059 -999.9900    1.7227    1.7227    1.4999    0.4809    1.2299    0.0875    0.2535
    
2023030200
   0    0.9174 -999.9900    1.7095    1.7095    0.8903    0.1837    1.1687    0.2225    0.2468
   0    0.8820 -999.9900    1.7710    1.7710    1.3660    0.4377    1.2028    0.1452    0.1929
   0    0.9239 -999.9900    1.6557    1.6557    0.8951    0.1647    1.1933    0.2784    0.2366
   0    0.8670 -999.9900    1.6977    1.6977    1.3302    0.3755    1.1859    0.1712    0.1853
    
2023030300
   1 -999.9900 -999.9900 -999.9900 -999.9900 -999.9900 -999.9900 -999.9900 -999.9900 -999.9900
   1 -999.9900 -999.9900 -999.9900 -999.9900 -999.9900 -999.9900 -999.9900 -999.9900 -999.9900
   1 -999.9900 -999.9900 -999.9900 -999.9900 -999.9900 -999.9900 -999.9900 -999.9900 -999.9900
   1 -999.9900 -999.9900 -999.9900 -999.9900 -999.9900 -999.9900 -999.9900 -999.9900 -999.9900
    
2023030400
   1 -999.9900 -999.9900 -999.9900 -999.9900 -999.9900 -999.9900 -999.9900 -999.9900 -999.9900
   1 -999.9900 -999.9900 -999.9900 -999.9900 -999.9900 -999.9900 -999.9900 -999.9900 -999.9900
   1 -999.9900 -999.9900 -999.9900 -999.9900 -999.9900 -999.9900 -999.9900 -999.9900 -999.9900
   1 -999.9900 -999.9900 -999.9900 -999.9900 -999.9900 -999.9900 -999.9900 -999.9900 -999.9900
    
2023030500
   0    1.0788 -999.9900    1.9162    1.9162    1.1037   -0.2011    1.3699    0.2739    0.2871
   0    0.8526 -999.9900    1.6652    1.6652    1.5784   -0.0368    1.1634    0.1218    0.1647
   0    0.9350 -999.9900    1.7233    1.7233    1.1705    0.0398    1.2036    0.1964    0.2748
   0    0.8320 -999.9900    1.5966    1.5966    1.5232    0.0749    1.1269    0.1116    0.1895
    
2023030600
   0    1.1840 -999.9900    2.2103    2.2103    1.1269   -0.1827    1.5050    0.3067    0.2400
   0    0.9582 -999.9900    1.8604    1.8604    1.6390   -0.0550    1.3091    0.1779    0.1580
   0    1.0807 -999.9900    2.0089    2.0089    1.1029    0.0035    1.3746    0.2375    0.2731
   0    0.9319 -999.9900    1.8160    1.8160    1.5232    0.0311    1.2691    0.1512    0.1809
    
2023030700
   0    1.1270 -999.9900    2.0871    2.0871    1.0660   -0.1415    1.4303    0.3102    0.2665
   0    0.9668 -999.9900    1.9692    1.9692    1.4465   -0.0147    1.3251    0.1800    0.1691
   0    1.0102 -999.9900    1.8576    1.8576    1.0369   -0.0987    1.2831    0.2598    0.2705
   0    0.8922 -999.9900    1.7927    1.7927    1.4483   -0.0144    1.2206    0.1646    0.1678
    
2023030800
   0    1.0899 -999.9900    2.1551    2.1551    1.1842   -0.0854    1.4180    0.3034    0.2629
   0    0.9328 -999.9900    1.9970    1.9970    1.4338   -0.1128    1.2878    0.2174    0.1452
   0    1.0089 -999.9900    1.9428    1.9428    1.1764   -0.0564    1.3118    0.2558    0.2698
   0    0.8779 -999.9900    1.8479    1.8479    1.4531   -0.0900    1.2173    0.1819    0.1481
    
2023030900
   0    0.9879 -999.9900    1.8342    1.8342    1.3245   -0.0350    1.2805    0.2226    0.2300
   0    0.8021 -999.9900    1.5807    1.5807    1.5326   -0.0873    1.1034    0.1526    0.1108
   0    0.9178 -999.9900    1.6764    1.6764    1.3890    0.0169    1.1754    0.1860    0.2536
   0    0.7643 -999.9900    1.4814    1.4814    1.5786   -0.0458    1.0312    0.1267    0.1156
    
2023031000
   0    1.0738 -999.9900    1.9672    1.9672    0.9429    0.0985    1.3497    0.2509    0.2987
   0    0.8958 -999.9900    1.7976    1.7976    1.3761    0.0778    1.2074    0.1735    0.1338
   0    1.0591 -999.9900    1.9565    1.9565    0.9805    0.1244    1.3434    0.2344    0.2975
   0    0.8959 -999.9900    1.7966    1.7966    1.3580    0.0975    1.2086    0.1685    0.1449
    
2023031100
   0    0.9656 -999.9900    1.7384    1.7384    0.8808   -0.3245    1.2020    0.3360    0.1967
   0    0.8170 -999.9900    1.5875    1.5875    1.4381   -0.1629    1.0935    0.1979    0.1083
   0    0.9014 -999.9900    1.6337    1.6337    0.8546   -0.1083    1.1362    0.2884    0.2370
   0    0.7878 -999.9900    1.5322    1.5322    1.3612   -0.0656    1.0647    0.1941    0.1240
    
2023031200
   0    0.9525 -999.9900    1.7663    1.7663    0.9288   -0.4193    1.2023    0.3303    0.1807
   0    0.8275 -999.9900    1.6447    1.6447    1.4150   -0.1575    1.1089    0.2104    0.1171
   0    0.9202 -999.9900    1.6677    1.6677    0.8557   -0.2214    1.1507    0.3001    0.2406
   0    0.7892 -999.9900    1.5575    1.5575    1.3657   -0.0911    1.0671    0.1951    0.1264
    
2023031300
   0    1.0922 -999.9900    1.9831    1.9831    0.7877   -0.5395    1.3298    0.3542    0.2170
   0    0.8386 -999.9900    1.7071    1.7071    1.4269   -0.2567    1.1483    0.1866    0.1312
   0    1.0124 -999.9900    1.8509    1.8509    0.8053   -0.3321    1.2487    0.2837    0.2541
   0    0.8173 -999.9900    1.6545    1.6545    1.3618   -0.1889    1.1154    0.1677    0.1539
    
2023031400
   0    0.9675 -999.9900    1.6968    1.6968    0.7440   -0.3834    1.1996    0.3218    0.2046
   0    0.7287 -999.9900    1.3941    1.3941    1.3504   -0.0919    0.9939    0.1551    0.1209
   0    0.8819 -999.9900    1.5921    1.5921    0.7508   -0.1347    1.0993    0.2528    0.2381
   0    0.7162 -999.9900    1.3951    1.3951    1.2489   -0.0009    0.9752    0.1332    0.1425
    
2023031500
   0    0.9514 -999.9900    1.6206    1.6206    0.7463   -0.4091    1.1845    0.3608    0.1860
   0    0.7803 -999.9900    1.4663    1.4663    1.2797   -0.1175    1.0661    0.2029    0.1137
   0    0.8766 -999.9900    1.5264    1.5264    0.7497   -0.0442    1.0953    0.2407    0.2393
   0    0.7529 -999.9900    1.4335    1.4335    1.2019    0.0431    1.0287    0.1514    0.1421
    
2023031600
   0    0.9961 -999.9900    1.7048    1.7048    0.8938   -0.2261    1.2712    0.2505    0.2372
   0    0.8379 -999.9900    1.5569    1.5569    1.3860   -0.0742    1.1397    0.1445    0.1511
   0    0.9495 -999.9900    1.6687    1.6687    0.8832    0.0974    1.1936    0.1830    0.2743
   0    0.8125 -999.9900    1.5338    1.5338    1.3375    0.0894    1.1051    0.1073    0.1687
    
2023031700
   0    0.9602 -999.9900    1.6350    1.6350    0.8799   -0.2730    1.2174    0.2981    0.2298
   0    0.7749 -999.9900    1.4433    1.4433    1.3057   -0.1785    1.0533    0.1686    0.1394
   0    0.9554 -999.9900    1.6579    1.6579    0.8747   -0.0833    1.2030    0.2494    0.2598
   0    0.7758 -999.9900    1.4514    1.4514    1.2895   -0.0835    1.0553    0.1594    0.1530
    
2023031800
   0    1.0429 -999.9900    1.8569    1.8569    0.9438   -0.3199    1.2755    0.3052    0.1877
   0    0.8442 -999.9900    1.6468    1.6468    1.3367   -0.2817    1.1466    0.1948    0.1106
   0    1.0483 -999.9900    1.8631    1.8631    0.9230   -0.2449    1.2905    0.2986    0.1995
   0    0.8499 -999.9900    1.6547    1.6547    1.3155   -0.2441    1.1475    0.1937    0.1178
    
2023031900
   0    0.9827 -999.9900    1.8250    1.8250    0.9687   -0.4378    1.2358    0.3007    0.1448
   0    0.7915 -999.9900    1.5808    1.5808    1.4820   -0.3462    1.0671    0.1815    0.0731
   0    0.9350 -999.9900    1.7691    1.7691    0.9445   -0.3208    1.1764    0.2726    0.1411
   0    0.7732 -999.9900    1.5603    1.5603    1.4269   -0.2943    1.0495    0.1696    0.0742
    
2023032000
   0    0.9901 -999.9900    1.8092    1.8092    0.8977   -0.1887    1.2530    0.2612    0.2332
   0    0.9240 -999.9900    1.8511    1.8511    1.5174    0.0637    1.2539    0.1453    0.1677
   0    0.9455 -999.9900    1.7285    1.7285    0.8898   -0.1574    1.2028    0.2663    0.2275
   0    0.8942 -999.9900    1.7751    1.7751    1.4405    0.0320    1.2126    0.1545    0.1684
    
2023032100
   0    0.9170 -999.9900    1.6602    1.6602    0.8698   -0.1163    1.1720    0.2478    0.2474
   0    0.8900 -999.9900    1.7649    1.7649    1.4072    0.2841    1.2096    0.1263    0.2224
   0    0.9022 -999.9900    1.6535    1.6535    0.8832   -0.0996    1.1614    0.2537    0.2448
   0    0.8778 -999.9900    1.7375    1.7375    1.3293    0.2140    1.1947    0.1450    0.2153
    
2023032200
   0    0.8887 -999.9900    1.6787    1.6787    0.8897    0.0028    1.1168    0.2059    0.2657
   0    0.8100 -999.9900    1.6438    1.6438    1.4430    0.4332    1.1124    0.0945    0.2131
   0    0.8495 -999.9900    1.6104    1.6104    0.8899    0.1030    1.0838    0.1948    0.2597
   0    0.8038 -999.9900    1.6203    1.6203    1.3397    0.4072    1.0977    0.1056    0.2153
    
2023032300
   0    0.8633 -999.9900    1.5737    1.5737    0.9371   -0.4310    1.1125    0.2899    0.1640
   0    0.7235 -999.9900    1.4225    1.4225    1.4970    0.0536    0.9943    0.1194    0.1391
   0    0.8634 -999.9900    1.5658    1.5658    0.9137   -0.3273    1.1145    0.2795    0.1889
   0    0.7404 -999.9900    1.4373    1.4373    1.4077    0.0189    1.0172    0.1361    0.1453
    
2023032400
   0    0.8816 -999.9900    1.5819    1.5819    0.8420   -0.0589    1.1124    0.2302    0.2522
   0    0.7599 -999.9900    1.4960    1.4960    1.3232    0.2026    1.0192    0.1216    0.1782
   0    0.9040 -999.9900    1.5988    1.5988    0.8633    0.0433    1.1531    0.2227    0.2799
   0    0.7891 -999.9900    1.5254    1.5254    1.2513    0.2115    1.0674    0.1282    0.2038
    
2023032500
   0    0.9595 -999.9900    1.7380    1.7380    0.9115   -0.1189    1.2061    0.2407    0.3343
   0    0.7754 -999.9900    1.5353    1.5353    1.3571    0.0827    1.0486    0.1484    0.2135
   0    0.9310 -999.9900    1.7440    1.7440    0.9251   -0.0208    1.1759    0.2181    0.3196
   0    0.7813 -999.9900    1.5674    1.5674    1.3068    0.1011    1.0586    0.1419    0.2162
    
2023032600
   0    0.9890 -999.9900    1.8065    1.8065    0.8694   -0.1326    1.2354    0.2313    0.3447
   0    0.7554 -999.9900    1.5035    1.5035    1.2941    0.0554    1.0287    0.1294    0.2143
   0    0.9390 -999.9900    1.7002    1.7002    0.8904    0.0285    1.1856    0.2034    0.3397
   0    0.7584 -999.9900    1.4912    1.4912    1.2384    0.1145    1.0345    0.1299    0.2270
    
2023032700
   0    0.8242 -999.9900    1.4257    1.4257    0.7338    0.0224    1.0527    0.2274    0.3116
   0    0.6939 -999.9900    1.3156    1.3156    1.1204    0.0968    0.9451    0.1508    0.1863
   0    0.8375 -999.9900    1.4539    1.4539    0.7386    0.2392    1.0632    0.1726    0.3563
   0    0.6952 -999.9900    1.3244    1.3244    1.1003    0.2119    0.9547    0.1238    0.2068
    
2023032800
   0    0.8317 -999.9900    1.5299    1.5299    0.7960   -0.1088    1.0477    0.2654    0.2486
   0    0.7132 -999.9900    1.4156    1.4156    1.2320   -0.1273    0.9657    0.1773    0.1369
   0    0.8401 -999.9900    1.5227    1.5227    0.7763    0.0160    1.0577    0.2654    0.2699
   0    0.6953 -999.9900    1.3723    1.3723    1.2275   -0.0487    0.9429    0.1793    0.1383
    
2023032900
   0    0.7309 -999.9900    1.3987    1.3987    0.7310   -0.0649    0.9249    0.2785    0.2561
   0    0.6702 -999.9900    1.3868    1.3868    1.0982   -0.0809    0.9041    0.1949    0.1393
   0    0.7403 -999.9900    1.3992    1.3992    0.7418   -0.0026    0.9446    0.2885    0.2437
   0    0.6508 -999.9900    1.3341    1.3341    1.1139   -0.0403    0.8784    0.1958    0.1356
    
2023033000
   0    0.7908 -999.9900    1.4694    1.4694    0.6737   -0.1429    0.9931    0.2540    0.3005
   0    0.6729 -999.9900    1.3334    1.3334    1.0627   -0.1408    0.9124    0.1816    0.1629
   0    0.7879 -999.9900    1.4557    1.4557    0.6869    0.0097    0.9956    0.2366    0.3307
   0    0.6598 -999.9900    1.3075    1.3075    1.0629   -0.0496    0.8983    0.1694    0.1759
    
2023033100
   0    0.8442 -999.9900    1.5100    1.5100    0.6301   -0.2235    1.0474    0.3009    0.2530
   0    0.6653 -999.9900    1.3125    1.3125    1.0863   -0.0209    0.9038    0.1749    0.1634
   0    0.7936 -999.9900    1.4268    1.4268    0.6350   -0.0550    0.9923    0.2532    0.2706
   0    0.6581 -999.9900    1.2946    1.2946    1.0219    0.0397    0.8936    0.1667    0.1739
    
2023040100
   0    0.8061 -999.9900    1.4009    1.4009    0.7291    0.0843    1.0256    0.2658    0.3088
   0    0.7151 -999.9900    1.3449    1.3449    1.1815    0.2734    0.9809    0.1605    0.2224
   0    0.8123 -999.9900    1.4254    1.4254    0.7174    0.2375    1.0297    0.2103    0.3390
   0    0.7219 -999.9900    1.3605    1.3605    1.1179    0.3275    0.9860    0.1412    0.2416
    
2023040200
   0    0.9233 -999.9900    1.6470    1.6470    0.7754    0.2701    1.1584    0.2037    0.3874
   0    0.7382 -999.9900    1.4078    1.4078    1.1894    0.3824    1.0077    0.1084    0.2750
   0    0.9389 -999.9900    1.6880    1.6880    0.7811    0.3912    1.1699    0.1689    0.3713
   0    0.7729 -999.9900    1.4864    1.4864    1.1238    0.4326    1.0501    0.1010    0.2798
    
2023040300
   0    0.8262 -999.9900    1.4435    1.4435    0.8238    0.0966    1.0559    0.1940    0.3307
   0    0.6487 -999.9900    1.2208    1.2208    1.1295    0.2249    0.8957    0.1017    0.2175
   0    0.7915 -999.9900    1.4178    1.4178    0.8008    0.2895    1.0131    0.1701    0.3288
   0    0.6608 -999.9900    1.2582    1.2582    1.0591    0.3149    0.9144    0.1068    0.2366
    
2023040400
   0    0.9030 -999.9900    1.5884    1.5884    0.7192    0.1240    1.1238    0.2148    0.3739
   0    0.7042 -999.9900    1.3834    1.3834    1.0749    0.1981    0.9622    0.1209    0.2413
   0    0.8856 -999.9900    1.5433    1.5433    0.7147    0.3334    1.1066    0.1962    0.3872
   0    0.7245 -999.9900    1.4026    1.4026    1.0062    0.3089    0.9825    0.1270    0.2629
    
2023040500
   0    0.9041 -999.9900    1.6236    1.6236    0.7045    0.0387    1.1159    0.2414    0.3213
   0    0.7110 -999.9900    1.4214    1.4214    1.1833    0.1311    0.9598    0.1254    0.1976
   0    0.8621 -999.9900    1.5922    1.5922    0.6846    0.1751    1.0699    0.2175    0.3209
   0    0.7036 -999.9900    1.4279    1.4279    1.1191    0.1944    0.9512    0.1139    0.1980
    
2023040600
   1 -999.9900 -999.9900 -999.9900 -999.9900 -999.9900 -999.9900 -999.9900 -999.9900 -999.9900
   0    0.6869 -999.9900    1.3687    1.3687    1.1739    0.0504    0.9473    0.1383    0.1613
   1 -999.9900 -999.9900 -999.9900 -999.9900 -999.9900 -999.9900 -999.9900 -999.9900 -999.9900
   0    0.6941 -999.9900    1.3779    1.3779    1.1053    0.0549    0.9538    0.1620    0.1632
    
2023040700
   0    0.9309 -999.9900    1.6765    1.6765    0.7293   -0.3012    1.1492    0.3587    0.1738
   0    0.7942 -999.9900    1.5444    1.5444    1.1255   -0.0859    1.0826    0.2587    0.1307
   0    0.9746 -999.9900    1.7240    1.7240    0.7241   -0.1569    1.2043    0.3722    0.2080
   0    0.8309 -999.9900    1.5929    1.5929    1.0722   -0.0426    1.1250    0.2796    0.1500
    
2023040800
   0    0.8754 -999.9900    1.5925    1.5925    0.7391   -0.0721    1.0866    0.2517    0.2398
   0    0.7552 -999.9900    1.4419    1.4419    1.2359    0.2065    1.0296    0.1544    0.1872
   0    0.9325 -999.9900    1.6519    1.6519    0.7323    0.0480    1.1612    0.2539    0.2722
   0    0.7944 -999.9900    1.4977    1.4977    1.1717    0.2227    1.0807    0.1730    0.2102
    
2023040900
   0    0.9279 -999.9900    1.5733    1.5733    0.8139   -0.0440    1.1682    0.2728    0.2978
   0    0.8340 -999.9900    1.5614    1.5614    1.2042    0.2064    1.1347    0.1660    0.2252
   0    0.8893 -999.9900    1.5491    1.5491    0.8087    0.0701    1.1200    0.2356    0.2921
   0    0.7990 -999.9900    1.5082    1.5082    1.1842    0.2205    1.0820    0.1537    0.2169
    
2023041000
   0    1.0831 -999.9900    1.8504    1.8504    0.8613   -0.0823    1.3413    0.2288    0.3326
   0    0.8685 -999.9900    1.5704    1.5704    1.3765    0.2938    1.1687    0.1050    0.2843
   0    1.0106 -999.9900    1.7415    1.7415    0.8857    0.0971    1.2674    0.2068    0.3416
   0    0.8402 -999.9900    1.5359    1.5359    1.2948    0.2919    1.1266    0.1073    0.2757
    
2023041100
   0    1.0402 -999.9900    1.8236    1.8236    0.8865   -0.0803    1.3022    0.2316    0.3264
   0    0.7737 -999.9900    1.4609    1.4609    1.4213    0.1771    1.0590    0.0914    0.2309
   0    1.0068 -999.9900    1.7955    1.7955    0.8755    0.1172    1.2692    0.2128    0.3484
   0    0.7776 -999.9900    1.4869    1.4869    1.3377    0.2253    1.0733    0.1048    0.2405
    
2023041200
   0    0.9645 -999.9900    1.7639    1.7639    0.9288   -0.1066    1.2183    0.2917    0.2561
   0    0.7544 -999.9900    1.4884    1.4884    1.3580    0.1200    1.0367    0.1589    0.1809
   0    0.9131 -999.9900    1.7033    1.7033    0.9377    0.1069    1.1695    0.2518    0.2777
   0    0.7510 -999.9900    1.4941    1.4941    1.2855    0.1978    1.0378    0.1502    0.1898
    
2023041300
   0    0.7799 -999.9900    1.4695    1.4695    0.9056   -0.0297    1.0025    0.2473    0.2341
   0    0.6700 -999.9900    1.3504    1.3504    1.2009    0.1290    0.9227    0.1401    0.1691
   0    0.7960 -999.9900    1.4873    1.4873    0.8695    0.1361    1.0239    0.2489    0.2537
   0    0.6830 -999.9900    1.3730    1.3730    1.1405    0.1848    0.9426    0.1475    0.1740
    
2023041400
   0    0.7244 -999.9900    1.2939    1.2939    0.7116   -0.0623    0.9231    0.2340    0.2426
   0    0.6026 -999.9900    1.1712    1.1712    1.1074    0.0384    0.8233    0.1179    0.1415
   0    0.7240 -999.9900    1.3109    1.3109    0.7406    0.1421    0.9219    0.2023    0.2550
   0    0.6096 -999.9900    1.1885    1.1885    1.0771    0.1410    0.8272    0.1176    0.1531
    
2023041500
   0    0.8019 -999.9900    1.4108    1.4108    0.7014   -0.2372    1.0190    0.2805    0.2032
   0    0.6731 -999.9900    1.3144    1.3144    1.0228   -0.0646    0.9233    0.1471    0.1368
   0    0.7568 -999.9900    1.3433    1.3433    0.7019    0.0368    0.9607    0.2087    0.2545
   0    0.6552 -999.9900    1.2805    1.2805    0.9854    0.0655    0.8980    0.1237    0.1592
    
2023041600
   0    0.8834 -999.9900    1.4783    1.4783    0.7438   -0.3646    1.1106    0.3125    0.2196
   0    0.7259 -999.9900    1.3514    1.3514    1.1749   -0.1230    1.0055    0.1699    0.1402
   0    0.8105 -999.9900    1.3803    1.3803    0.7420   -0.1622    1.0287    0.2522    0.2328
   0    0.7010 -999.9900    1.3102    1.3102    1.1106   -0.0500    0.9716    0.1444    0.1504
    
2023041700
   0    0.8164 -999.9900    1.4488    1.4488    0.7434   -0.2389    1.0354    0.2707    0.2045
   0    0.7158 -999.9900    1.3604    1.3604    1.1291   -0.0555    0.9830    0.1643    0.1438
   0    0.7842 -999.9900    1.4078    1.4078    0.7668   -0.0546    1.0010    0.2298    0.2174
   0    0.6955 -999.9900    1.3310    1.3310    1.1034    0.0185    0.9553    0.1452    0.1479
    
2023041800
   0    0.9093 -999.9900    1.5444    1.5444    0.7467   -0.1722    1.1404    0.2781    0.2735
   0    0.7891 -999.9900    1.4852    1.4852    1.1340   -0.0581    1.0728    0.1819    0.1839
   0    0.8378 -999.9900    1.5020    1.5020    0.7472    0.0028    1.0670    0.2288    0.2697
   0    0.7525 -999.9900    1.4523    1.4523    1.0969    0.0239    1.0268    0.1572    0.1770
    
2023041900
   0    0.9135 -999.9900    1.5873    1.5873    0.7923    0.0058    1.1538    0.2434    0.2985
   0    0.7831 -999.9900    1.4805    1.4805    1.0727    0.0759    1.0567    0.1517    0.2286
   0    0.8353 -999.9900    1.5430    1.5430    0.7750    0.0819    1.0644    0.2181    0.2572
   0    0.7488 -999.9900    1.4579    1.4579    1.0433    0.1076    1.0157    0.1429    0.2071
    
2023042000
   0    0.7389 -999.9900    1.3476    1.3476    0.7960    0.0109    0.9453    0.2269    0.2346
   0    0.6413 -999.9900    1.2871    1.2871    1.0547    0.0938    0.8791    0.1258    0.1635
   0    0.7174 -999.9900    1.3298    1.3298    0.7940    0.1262    0.9170    0.2002    0.2392
   0    0.6299 -999.9900    1.2636    1.2636    1.0422    0.1464    0.8659    0.1193    0.1601
    
2023042100
   0    0.9347 -999.9900    1.6480    1.6480    0.7213   -0.1316    1.1429    0.2721    0.2751
   0    0.7368 -999.9900    1.4101    1.4101    1.0509   -0.0579    0.9876    0.1634    0.2031
   0    0.8567 -999.9900    1.5059    1.5059    0.7277   -0.0980    1.0627    0.2832    0.2601
   0    0.7115 -999.9900    1.3550    1.3550    1.0145   -0.0525    0.9594    0.1682    0.1945
    
2023042200
   0    0.9141 -999.9900    1.5666    1.5666    0.6392    0.0158    1.1011    0.2603    0.3693
   0    0.6682 -999.9900    1.2571    1.2571    1.0701    0.0760    0.8925    0.1440    0.2443
   0    0.8432 -999.9900    1.4809    1.4809    0.6514    0.0412    1.0293    0.2598    0.3245
   0    0.6621 -999.9900    1.2615    1.2615    1.0098    0.0788    0.8921    0.1539    0.2293
    
2023042300
   0    0.8490 -999.9900    1.4569    1.4569    0.6355    0.0139    1.0426    0.2443    0.4117
   0    0.6563 -999.9900    1.2809    1.2809    1.0417    0.1161    0.8791    0.1293    0.2404
   0    0.7982 -999.9900    1.4611    1.4611    0.6493    0.1243    0.9859    0.2079    0.3686
   0    0.6570 -999.9900    1.3186    1.3186    0.9867    0.1619    0.8796    0.1222    0.2374
    
2023042400
   0    1.1276 -999.9900    2.1235    2.1235    0.6565    0.0057    1.3402    0.2869    0.3582
   0    0.7846 -999.9900    1.6995    1.6995    1.2113    0.1273    1.0668    0.1567    0.2062
   0    1.1123 -999.9900    2.1164    2.1164    0.6449    0.2277    1.3248    0.2707    0.3792
   0    0.8238 -999.9900    1.7819    1.7819    1.1304    0.2363    1.1082    0.1708    0.2306
    
2023042500
   0    0.9582 -999.9900    1.7859    1.7859    0.7554   -0.2503    1.1831    0.3095    0.2466
   0    0.6603 -999.9900    1.3339    1.3339    1.2137   -0.1149    0.9198    0.1801    0.1285
   0    0.9469 -999.9900    1.8159    1.8159    0.7577    0.0443    1.1709    0.2633    0.2980
   0    0.6790 -999.9900    1.4090    1.4090    1.2018    0.0349    0.9468    0.1668    0.1557
    
2023042600
   0    0.8451 -999.9900    1.4545    1.4545    0.7548   -0.0786    1.0728    0.2571    0.3067
   0    0.6264 -999.9900    1.1698    1.1698    1.2042   -0.0144    0.8506    0.1367    0.1747
   0    0.8243 -999.9900    1.4538    1.4538    0.7340    0.0810    1.0392    0.2249    0.3192
   0    0.6223 -999.9900    1.1831    1.1831    1.1756    0.0685    0.8459    0.1228    0.1866
    
2023042700
   0    0.9471 -999.9900    1.6487    1.6487    0.7013    0.0558    1.1673    0.2866    0.3040
   0    0.7774 -999.9900    1.4984    1.4984    1.1092    0.0597    1.0522    0.1948    0.2013
   0    0.9200 -999.9900    1.6073    1.6073    0.7003    0.2080    1.1365    0.2487    0.3251
   0    0.7748 -999.9900    1.4834    1.4834    1.0715    0.1502    1.0464    0.1869    0.2166
    
2023042800
   1 -999.9900 -999.9900 -999.9900 -999.9900 -999.9900 -999.9900 -999.9900 -999.9900 -999.9900
   1 -999.9900 -999.9900 -999.9900 -999.9900 -999.9900 -999.9900 -999.9900 -999.9900 -999.9900
   1 -999.9900 -999.9900 -999.9900 -999.9900 -999.9900 -999.9900 -999.9900 -999.9900 -999.9900
   1 -999.9900 -999.9900 -999.9900 -999.9900 -999.9900 -999.9900 -999.9900 -999.9900 -999.9900
    
2023042900
   0    0.8921 -999.9900    1.5355    1.5355    0.5907   -0.1714    1.0779    0.3048    0.2792
   0    0.6984 -999.9900    1.3449    1.3449    1.0487   -0.1332    0.9486    0.1719    0.1538
   0    0.8289 -999.9900    1.4758    1.4758    0.5996   -0.0237    1.0079    0.2634    0.2821
   0    0.6791 -999.9900    1.3268    1.3268    1.0085   -0.0521    0.9151    0.1628    0.1589
    
2023043000
   0    0.8989 -999.9900    1.5525    1.5525    0.7025   -0.2409    1.0995    0.2977    0.2482
   0    0.7138 -999.9900    1.3521    1.3521    1.0979   -0.1214    0.9665    0.1762    0.1539
   0    0.8674 -999.9900    1.5346    1.5346    0.6939   -0.1388    1.0655    0.2887    0.2514
   0    0.7118 -999.9900    1.3549    1.3549    1.0683   -0.0841    0.9643    0.1869    0.1573
    
2023050100
   0    0.9515 -999.9900    1.6414    1.6414    0.8212   -0.1415    1.2007    0.3118    0.2800
   0    0.7922 -999.9900    1.4649    1.4649    1.1749    0.0327    1.0669    0.2045    0.2068
   0    0.9040 -999.9900    1.6194    1.6194    0.8236   -0.0562    1.1398    0.2935    0.2673
   0    0.7831 -999.9900    1.4690    1.4690    1.1431    0.0491    1.0552    0.2074    0.2035
    
2023050200
   0    0.7934 -999.9900    1.4596    1.4596    0.7942   -0.0906    1.0143    0.2493    0.2738
   0    0.6404 -999.9900    1.2661    1.2661    1.1814    0.0572    0.8831    0.1437    0.1621
   0    0.8257 -999.9900    1.5395    1.5395    0.7896   -0.0259    1.0561    0.2532    0.2812
   0    0.6564 -999.9900    1.3083    1.3083    1.1791    0.0670    0.9096    0.1465    0.1681
    
2023050300
   0    0.8333 -999.9900    1.5300    1.5300    0.7143    0.2083    1.0486    0.1965    0.3074
   0    0.6380 -999.9900    1.2529    1.2529    1.1528    0.1400    0.8642    0.1208    0.1674
   0    0.8162 -999.9900    1.5309    1.5309    0.7367    0.2038    1.0297    0.1969    0.2882
   0    0.6425 -999.9900    1.2766    1.2766    1.1362    0.1516    0.8753    0.1289    0.1719
    
2023050400
   0    0.9710 -999.9900    1.8212    1.8212    0.7988    0.5531    1.2063    0.1660    0.3777
   0    0.6997 -999.9900    1.4555    1.4555    1.1746    0.3523    0.9637    0.1028    0.2106
   0    0.9792 -999.9900    1.8674    1.8674    0.7957    0.5344    1.2075    0.1693    0.3550
   0    0.7232 -999.9900    1.5195    1.5195    1.1823    0.3823    0.9958    0.1072    0.2138
    
2023050500
   0    0.9454 -999.9900    1.7536    1.7536    0.7971    0.3871    1.1702    0.2079    0.3239
   0    0.7411 -999.9900    1.4617    1.4617    1.2314    0.1480    0.9949    0.1683    0.1842
   0    0.9929 -999.9900    1.8547    1.8547    0.8078    0.3986    1.2217    0.2181    0.3317
   0    0.7702 -999.9900    1.5372    1.5372    1.2431    0.2020    1.0414    0.1701    0.1928
    
2023050600
   0    0.8531 -999.9900    1.7308    1.7308    0.9772    0.2509    1.0971    0.2330    0.2655
   0    0.6936 -999.9900    1.4457    1.4457    1.2844    0.0931    0.9335    0.1844    0.1259
   0    0.8418 -999.9900    1.7344    1.7344    0.9692    0.2229    1.0754    0.2257    0.2501
   0    0.6872 -999.9900    1.4549    1.4549    1.2964    0.1078    0.9293    0.1768    0.1238
    
2023050700
   0    0.8938 -999.9900    1.9022    1.9022    0.8607    0.4271    1.1091    0.1516    0.3486
   0    0.7112 -999.9900    1.6233    1.6233    1.2559    0.2189    0.9419    0.1234    0.1782
   0    0.8992 -999.9900    1.9025    1.9025    0.8757    0.3568    1.1247    0.1785    0.3356
   0    0.7198 -999.9900    1.6410    1.6410    1.2593    0.2193    0.9610    0.1269    0.1785
    
2023050800
   0    0.8730 -999.9900    1.8515    1.8515    0.8658    0.5929    1.0892    0.1431    0.3699
   0    0.6908 -999.9900    1.4904    1.4904    1.2197    0.4019    0.9450    0.1154    0.2210
   0    0.8536 -999.9900    1.7693    1.7693    0.8402    0.4497    1.0673    0.1848    0.3338
   0    0.6908 -999.9900    1.4907    1.4907    1.1801    0.3542    0.9423    0.1315    0.2095
    
2023050900
   0    1.0031 -999.9900    2.0931    2.0931    0.7722    0.7354    1.2223    0.1376    0.4191
   0    0.7532 -999.9900    1.5938    1.5938    1.2096    0.5138    1.0093    0.1025    0.2728
   0    0.9934 -999.9900    2.0775    2.0775    0.7944    0.5790    1.2202    0.1756    0.3797
   0    0.7688 -999.9900    1.6500    1.6500    1.2174    0.4693    1.0346    0.1200    0.2668
    
2023051000
   0    0.9755 -999.9900    2.0288    2.0288    0.7581    0.7474    1.2038    0.1497    0.4303
   0    0.7083 -999.9900    1.4602    1.4602    1.2563    0.4296    0.9570    0.1309    0.2587
   0    0.9736 -999.9900    1.9963    1.9963    0.7770    0.6796    1.2052    0.1747    0.3944
   0    0.7276 -999.9900    1.5190    1.5190    1.2464    0.4531    0.9934    0.1384    0.2525
    
2023051100
   0    0.8696 -999.9900    1.6712    1.6712    0.6855    0.5151    1.0759    0.1517    0.3787
   0    0.6203 -999.9900    1.2724    1.2724    1.1641    0.1453    0.8470    0.1235    0.1565
   0    0.8702 -999.9900    1.6570    1.6570    0.6784    0.4468    1.0805    0.1948    0.3577
   0    0.6467 -999.9900    1.3284    1.3284    1.1188    0.1797    0.8857    0.1482    0.1725
    
2023051200
   0    0.9088 -999.9900    1.7014    1.7014    0.7147    0.5768    1.1126    0.1257    0.4782
   0    0.6685 -999.9900    1.4158    1.4158    1.1756    0.1495    0.9132    0.1108    0.2128
   0    0.9249 -999.9900    1.7233    1.7233    0.7118    0.5592    1.1348    0.1507    0.4676
   0    0.6887 -999.9900    1.4386    1.4386    1.1777    0.2257    0.9450    0.1174    0.2344
    
2023051300
   0    1.1667 -999.9900    2.0286    2.0286    0.7055    0.8804    1.3798    0.0977    0.6007
   0    0.7951 -999.9900    1.5543    1.5543    1.2576    0.3761    1.0701    0.0902    0.3034
   0    1.1375 -999.9900    2.0129    2.0129    0.7047    0.8074    1.3498    0.1150    0.5509
   0    0.8057 -999.9900    1.5932    1.5932    1.2493    0.4330    1.0841    0.0924    0.3116
    
2023051400
   0    1.1031 -999.9900    1.8430    1.8430    0.8188    0.9007    1.3420    0.1209    0.5889
   0    0.7851 -999.9900    1.4706    1.4706    1.2293    0.4686    1.0650    0.1165    0.3343
   0    1.0925 -999.9900    1.9025    1.9025    0.8026    0.7705    1.3380    0.1544    0.5483
   0    0.7925 -999.9900    1.5153    1.5153    1.2631    0.4769    1.0838    0.1255    0.3330
    
2023051500
   0    1.0750 -999.9900    1.8000    1.8000    0.8400    0.7184    1.3045    0.1553    0.5100
   0    0.7524 -999.9900    1.4400    1.4400    1.2841    0.2601    1.0109    0.1319    0.2300
   0    1.0351 -999.9900    1.8123    1.8123    0.8178    0.5372    1.2614    0.1816    0.4436
   0    0.7435 -999.9900    1.4548    1.4548    1.2947    0.2429    1.0019    0.1424    0.2295
    
2023051600
   0    1.1833 -999.9900    2.1534    2.1534    0.9378    0.8084    1.4362    0.1689    0.4718
   0    0.8200 -999.9900    1.6884    1.6884    1.4217    0.3924    1.1130    0.1269    0.2214
   0    1.1831 -999.9900    2.2541    2.2541    0.9835    0.6728    1.4366    0.2085    0.3904
   0    0.8551 -999.9900    1.8023    1.8023    1.4482    0.3943    1.1581    0.1541    0.2160
    
2023051700
   0    1.0927 -999.9900    2.0701    2.0701    0.9294    0.7834    1.3551    0.1764    0.3967
   0    0.8002 -999.9900    1.6688    1.6688    1.3833    0.4008    1.0991    0.1316    0.1616
   0    1.0844 -999.9900    2.1192    2.1192    0.9362    0.7663    1.3548    0.1602    0.3798
   0    0.8150 -999.9900    1.7310    1.7310    1.3686    0.4965    1.1231    0.1158    0.1832
    
2023051800
   0    1.1543 -999.9900    1.9675    1.9675    0.8480    0.4670    1.4148    0.3013    0.3680
   0    0.8608 -999.9900    1.6437    1.6437    1.3403    0.0736    1.1678    0.2541    0.1552
   0    1.0963 -999.9900    1.9386    1.9386    0.8537    0.3978    1.3500    0.2791    0.3356
   0    0.8473 -999.9900    1.6401    1.6401    1.2966    0.1277    1.1510    0.2426    0.1599
    
2023051900
   0    1.0211 -999.9900    1.7756    1.7756    0.8556    0.3984    1.2728    0.2714    0.3330
   0    0.8079 -999.9900    1.5412    1.5412    1.3151    0.0049    1.1019    0.2486    0.1351
   0    1.0554 -999.9900    1.8982    1.8982    0.8856    0.3523    1.3159    0.2523    0.3152
   0    0.8192 -999.9900    1.5844    1.5844    1.3724    0.0558    1.1110    0.2323    0.1369
    
2023052000
   0    0.9328 -999.9900    1.6828    1.6828    0.8022    0.3201    1.1679    0.2731    0.3192
   0    0.7618 -999.9900    1.4958    1.4958    1.2146    0.0411    1.0156    0.2163    0.1448
   0    1.0061 -999.9900    1.8185    1.8185    0.7999    0.3389    1.2497    0.2694    0.3260
   0    0.7823 -999.9900    1.5420    1.5420    1.2617    0.1083    1.0481    0.2078    0.1406
    
2023052100
   0    0.9154 -999.9900    1.7106    1.7106    0.8660    0.4159    1.1363    0.2246    0.3488
   0    0.7025 -999.9900    1.4563    1.4563    1.2451    0.0922    0.9446    0.1681    0.1449
   0    0.9616 -999.9900    1.8186    1.8186    0.8491    0.3571    1.1858    0.2340    0.3287
   0    0.7186 -999.9900    1.4941    1.4941    1.2962    0.1214    0.9677    0.1673    0.1430
    
2023052200
   0    1.0431 -999.9900    1.8300    1.8300    0.9425    0.3870    1.2769    0.2216    0.3844
   0    0.7965 -999.9900    1.4989    1.4989    1.3986    0.1206    1.0723    0.1811    0.1989
   0    1.0818 -999.9900    1.9579    1.9579    0.9295    0.3541    1.3298    0.2304    0.3845
   0    0.8112 -999.9900    1.5671    1.5671    1.4377    0.1547    1.0994    0.1790    0.1987
    
2023052300
   0    1.1039 -999.9900    1.9028    1.9028    1.0829    0.4846    1.3656    0.2676    0.3856
   0    0.8648 -999.9900    1.6288    1.6288    1.4698    0.2432    1.1621    0.2268    0.2166
   0    1.1068 -999.9900    2.0113    2.0113    1.0672    0.4460    1.3641    0.2711    0.3505
   0    0.8699 -999.9900    1.6829    1.6829    1.4966    0.2686    1.1782    0.2222    0.2011
    
2023052400
   0    0.8754 -999.9900    1.8411    1.8411    1.1194    0.3811    1.1209    0.1571    0.2919
   0    0.6950 -999.9900    1.5236    1.5236    1.5579    0.0366    0.9548    0.1358    0.1067
   0    0.9409 -999.9900    1.9380    1.9380    1.0084    0.3567    1.1798    0.1926    0.3195
   0    0.7101 -999.9900    1.5600    1.5600    1.5455    0.0910    0.9784    0.1440    0.1167
    
2023052500
   0    1.0373 -999.9900    1.9942    1.9942    1.0052    0.8265    1.2995    0.1269    0.4497
   0    0.8164 -999.9900    1.6961    1.6961    1.4182    0.4900    1.1108    0.1150    0.2513
   1 -999.9900 -999.9900 -999.9900 -999.9900 -999.9900 -999.9900 -999.9900 -999.9900 -999.9900
   0    0.8280 -999.9900    1.7392    1.7392    1.4628    0.4464    1.1274    0.1405    0.2208
    
2023052600
   0    0.9091 -999.9900    1.7155    1.7155    1.0617    0.6909    1.1558    0.1210    0.3818
   0    0.7677 -999.9900    1.4813    1.4813    1.3531    0.4529    1.0419    0.1064    0.2668
   0    0.9735 -999.9900    1.8548    1.8548    1.0600    0.5739    1.2374    0.1803    0.3443
   0    0.7821 -999.9900    1.5326    1.5326    1.4172    0.4301    1.0648    0.1225    0.2333
    
2023052700
   0    0.8880 -999.9900    1.7520    1.7520    1.1862    0.5352    1.1630    0.1922    0.3427
   0    0.7337 -999.9900    1.4873    1.4873    1.4097    0.2569    1.0021    0.1646    0.2030
   0    0.9703 -999.9900    1.9101    1.9101    1.1801    0.4487    1.2650    0.2718    0.3106
   0    0.7763 -999.9900    1.5772    1.5772    1.4612    0.2605    1.0635    0.1990    0.1909
    
2023052800
   0    0.8141 -999.9900    1.5492    1.5492    1.0498    0.4444    1.0381    0.2200    0.3590
   0    0.6088 -999.9900    1.2298    1.2298    1.3098    0.1364    0.8273    0.1859    0.1625
   0    0.8319 -999.9900    1.6413    1.6413    1.0652    0.3321    1.0680    0.2530    0.3197
   0    0.6212 -999.9900    1.2704    1.2704    1.3767    0.1305    0.8453    0.1979    0.1543
    
2023052900
   0    0.8767 -999.9900    1.7618    1.7618    1.0761    0.6174    1.1123    0.1555    0.4065
   0    0.6531 -999.9900    1.4004    1.4004    1.3431    0.2483    0.8983    0.1410    0.1869
   0    0.9407 -999.9900    1.9275    1.9275    1.1025    0.5560    1.2056    0.1700    0.4111
   0    0.6936 -999.9900    1.5262    1.5262    1.4023    0.2852    0.9620    0.1376    0.1994
    
2023053000
   0    0.9233 -999.9900    1.8193    1.8193    1.1105    0.5712    1.1812    0.1763    0.3940
   0    0.7105 -999.9900    1.4854    1.4854    1.3703    0.1850    0.9822    0.1564    0.1830
   0    0.9557 -999.9900    1.9173    1.9173    1.0831    0.5891    1.2246    0.1785    0.3787
   0    0.7242 -999.9900    1.5407    1.5407    1.4197    0.2732    1.0007    0.1460    0.1783
    
2023053100
   0    1.0645 -999.9900    2.0014    2.0014    1.1771    0.7879    1.3406    0.1633    0.4025
   0    0.7618 -999.9900    1.5271    1.5271    1.5006    0.2614    1.0275    0.1491    0.1761
   0    1.0217 -999.9900    1.9282    1.9282    1.1831    0.6484    1.2813    0.1804    0.3602
   0    0.7572 -999.9900    1.5113    1.5113    1.5237    0.2837    1.0295    0.1573    0.1744
    
2023060100
   0    0.9967 -999.9900    1.9952    1.9952    1.1505    0.8618    1.2832    0.1011    0.3974
   0    0.7623 -999.9900    1.5611    1.5611    1.5054    0.4191    1.0423    0.1130    0.2369
   0    1.0156 -999.9900    2.0932    2.0932    1.1462    0.7962    1.3047    0.1112    0.3621
   0    0.7707 -999.9900    1.6254    1.6254    1.5659    0.4677    1.0648    0.0977    0.2167
    
2023060200
   0    0.9167 -999.9900    1.8957    1.8957    1.0623    0.6748    1.1868    0.1411    0.3584
   0    0.7048 -999.9900    1.5119    1.5119    1.3338    0.3528    0.9674    0.1282    0.2168
   0    0.9308 -999.9900    1.9045    1.9045    1.0691    0.5871    1.1929    0.1561    0.3590
   0    0.7141 -999.9900    1.5313    1.5313    1.3824    0.3646    0.9854    0.1183    0.2180
    
2023060300
   0    0.8276 -999.9900    1.5987    1.5987    0.9608    0.4899    1.0395    0.1601    0.3549
   0    0.6261 -999.9900    1.2543    1.2543    1.2156    0.1658    0.8550    0.1386    0.1794
   0    0.8959 -999.9900    1.7178    1.7178    0.9429    0.5533    1.1188    0.1698    0.3722
   0    0.6612 -999.9900    1.3447    1.3447    1.2559    0.2696    0.9101    0.1319    0.1894
    
2023060400
   0    0.9037 -999.9900    1.8277    1.8277    1.0195    0.8054    1.1547    0.0717    0.4641
   0    0.6538 -999.9900    1.3475    1.3475    1.4311    0.3203    0.8944    0.0740    0.2312
   0    0.9619 -999.9900    1.9215    1.9215    0.9562    0.7652    1.2186    0.0959    0.4721
   0    0.6879 -999.9900    1.4435    1.4435    1.4334    0.3930    0.9482    0.0751    0.2503
    
2023060500
   0    0.8632 -999.9900    1.8042    1.8042    1.0356    0.6777    1.0983    0.0962    0.4447
   0    0.6799 -999.9900    1.4517    1.4517    1.3693    0.3637    0.9316    0.0802    0.2446
   0    0.9002 -999.9900    1.8527    1.8527    1.0603    0.4970    1.1499    0.1582    0.4036
   0    0.7004 -999.9900    1.5013    1.5013    1.4033    0.3178    0.9679    0.1035    0.2348
    
2023060600
   0    0.8064 -999.9900    1.6480    1.6480    1.2006    0.2566    1.0451    0.1587    0.3522
   0    0.7006 -999.9900    1.4682    1.4682    1.4012    0.1152    0.9611    0.1426    0.2194
   0    0.8894 -999.9900    1.8776    1.8776    1.2065    0.1278    1.1484    0.2154    0.3110
   0    0.7343 -999.9900    1.5716    1.5716    1.4788    0.0663    1.0080    0.1699    0.2022
    
2023060700
   0    0.7402 -999.9900    1.4680    1.4680    1.1217    0.3247    0.9503    0.1590    0.3149
   0    0.6365 -999.9900    1.3111    1.3111    1.3158    0.1527    0.8569    0.1383    0.2055
   0    0.8308 -999.9900    1.7188    1.7188    1.0997    0.3091    1.0768    0.1933    0.3194
   0    0.6658 -999.9900    1.4008    1.4008    1.4013    0.1780    0.8986    0.1542    0.1996
    
2023060800
   0    0.8360 -999.9900    1.6863    1.6863    0.9765    0.2935    1.0696    0.2251    0.2923
   0    0.7150 -999.9900    1.5033    1.5033    1.1903    0.1081    0.9649    0.2033    0.1957
   0    0.8534 -999.9900    1.7108    1.7108    0.9827    0.1313    1.0908    0.2702    0.2605
   0    0.7226 -999.9900    1.5088    1.5088    1.2284    0.0477    0.9730    0.2237    0.1781
    
2023060900
   0    0.9374 -999.9900    1.8295    1.8295    0.9405    0.5566    1.1842    0.2055    0.3525
   0    0.7459 -999.9900    1.5873    1.5873    1.2306    0.2669    1.0032    0.1686    0.1941
   0    0.9472 -999.9900    1.8537    1.8537    0.9621    0.4919    1.2001    0.2321    0.3400
   0    0.7625 -999.9900    1.6101    1.6101    1.2600    0.2859    1.0283    0.1764    0.1930
    
2023061000
   0    0.9773 -999.9900    1.9700    1.9700    1.2122    0.3934    1.2501    0.1855    0.3470
   0    0.7912 -999.9900    1.6749    1.6749    1.4298    0.2157    1.0663    0.1605    0.2083
   0    1.0566 -999.9900    2.1471    2.1471    1.1685    0.3982    1.3406    0.2055    0.3552
   0    0.8386 -999.9900    1.7957    1.7957    1.4642    0.2540    1.1347    0.1659    0.2215
    
2023061100
   0    0.9338 -999.9900    1.8854    1.8854    1.2897    0.4390    1.2013    0.1776    0.3887
   0    0.7763 -999.9900    1.6316    1.6316    1.5285    0.2852    1.0517    0.1524    0.2272
   0    0.9871 -999.9900    2.0439    2.0439    1.2885    0.3309    1.2775    0.2098    0.3677
   0    0.8038 -999.9900    1.7165    1.7165    1.5836    0.2511    1.1038    0.1638    0.2142
    
2023061200
   0    0.8304 -999.9900    1.6576    1.6576    1.1304    0.4110    1.0621    0.1606    0.3542
   0    0.6541 -999.9900    1.3286    1.3286    1.3842    0.1243    0.8793    0.1391    0.1826
   0    0.8653 -999.9900    1.7868    1.7868    1.1126    0.2298    1.1053    0.2041    0.3089
   0    0.6792 -999.9900    1.4230    1.4230    1.4120    0.0727    0.9187    0.1511    0.1708
    
2023061300
   0    0.9733 -999.9900    1.9468    1.9468    1.3369    0.3451    1.2704    0.1460    0.3510
   0    0.8103 -999.9900    1.6248    1.6248    1.5726    0.1467    1.0878    0.1452    0.2238
   0    1.0364 -999.9900    2.0246    2.0246    1.2055    0.2781    1.3128    0.1858    0.3725
   0    0.8404 -999.9900    1.6826    1.6826    1.5452    0.1461    1.1207    0.1547    0.2357
    
2023061400
   0    0.8043 -999.9900    1.6163    1.6163    1.2162    0.2368    1.0600    0.1654    0.3283
   0    0.6886 -999.9900    1.4562    1.4562    1.4097    0.1061    0.9468    0.1168    0.1768
   0    0.8666 -999.9900    1.7633    1.7633    1.2173    0.1635    1.1366    0.1951    0.3258
   0    0.7109 -999.9900    1.5158    1.5158    1.4575    0.0869    0.9748    0.1263    0.1800
    
2023061500
   0    0.8008 -999.9900    1.5234    1.5234    1.1626    0.2989    1.0280    0.1977    0.2644
   0    0.7181 -999.9900    1.4376    1.4376    1.3267    0.1363    0.9755    0.1563    0.1571
   0    0.8501 -999.9900    1.6205    1.6205    1.1959    0.1159    1.0964    0.2440    0.2456
   0    0.7306 -999.9900    1.4505    1.4505    1.3887    0.0602    0.9904    0.1748    0.1489
    
2023061600
   0    0.8211 -999.9900    1.6180    1.6180    0.9791    0.1969    1.0512    0.2310    0.2991
   0    0.8211 -999.9900    1.6180    1.6180    0.9791    0.1969    1.0512    0.2310    0.2991
   0    0.8120 -999.9900    1.6077    1.6077    0.9800    0.1954    1.0446    0.2254    0.2969
   0    0.7130 -999.9900    1.4371    1.4371    1.3137    0.1376    0.9625    0.1576    0.1861
    
2023061700
   0    0.7812 -999.9900    1.5140    1.5140    1.1557    0.1539    1.0134    0.2289    0.2785
   0    0.6887 -999.9900    1.3768    1.3768    1.2774    0.1014    0.9379    0.1934    0.1861
   0    0.7984 -999.9900    1.6079    1.6079    1.1515    0.0089    1.0521    0.2504    0.2324
   0    0.6884 -999.9900    1.4014    1.4014    1.3357    0.0248    0.9387    0.1916    0.1602
    
2023061800
   0    0.7925 -999.9900    1.5827    1.5827    1.1372    0.1290    1.0353    0.2179    0.2600
   0    0.6631 -999.9900    1.3566    1.3566    1.2727    0.0892    0.8961    0.1507    0.1583
   0    0.7804 -999.9900    1.5626    1.5626    1.1328    0.1286    1.0216    0.2114    0.2625
   0    0.6646 -999.9900    1.3664    1.3664    1.2743    0.0971    0.8979    0.1495    0.1606
    
2023061900
   0    0.8441 -999.9900    1.4718    1.4718    1.0653    0.3882    1.0770    0.1763    0.3882
   0    0.6931 -999.9900    1.3329    1.3329    1.2233    0.1657    0.9466    0.1315    0.2222
   0    0.8633 -999.9900    1.5786    1.5786    1.0555    0.2509    1.1070    0.2084    0.3397
   0    0.6956 -999.9900    1.3617    1.3617    1.2796    0.1278    0.9483    0.1342    0.1982
    
2023062000
   0    0.8512 -999.9900    1.6129    1.6129    1.1966    0.3062    1.1003    0.1704    0.3524
   0    0.7219 -999.9900    1.4297    1.4297    1.3345    0.1933    0.9757    0.1163    0.2427
   0    0.8472 -999.9900    1.6064    1.6064    1.1663    0.3014    1.0987    0.1712    0.3489
   0    0.7235 -999.9900    1.4317    1.4317    1.3307    0.2132    0.9794    0.1169    0.2468
    
2023062100
   0    0.7696 -999.9900    1.4203    1.4203    1.2210    0.3379    0.9963    0.1167    0.4145
   0    0.6813 -999.9900    1.3486    1.3486    1.2710    0.2717    0.9268    0.0813    0.2539
   0    0.7787 -999.9900    1.5063    1.5063    1.1992    0.2802    1.0123    0.1401    0.3601
   0    0.6702 -999.9900    1.3463    1.3463    1.3380    0.2501    0.9058    0.0808    0.2360
    
2023062200
   0    0.8836 -999.9900    1.7110    1.7110    1.2081    0.0764    1.1519    0.2376    0.3470
   0    0.7540 -999.9900    1.4826    1.4826    1.3572    0.0642    1.0318    0.1816    0.2473
   0    0.8767 -999.9900    1.6938    1.6938    1.1933    0.1011    1.1422    0.2403    0.3481
   0    0.7511 -999.9900    1.4955    1.4955    1.3435    0.0859    1.0261    0.1609    0.2453
    
2023062300
   0    0.9511 -999.9900    1.9040    1.9040    1.3972   -0.0948    1.2332    0.3033    0.2449
   0    0.7303 -999.9900    1.5006    1.5006    1.5519   -0.0656    0.9892    0.2044    0.1520
   0    0.9442 -999.9900    1.8955    1.8955    1.3933   -0.0910    1.2267    0.2994    0.2409
   0    0.7355 -999.9900    1.5432    1.5432    1.5472   -0.0512    1.0046    0.1882    0.1575
    
2023062400
   0    0.8018 -999.9900    1.5702    1.5702    1.2965    0.0194    1.0585    0.2979    0.2149
   0    0.6920 -999.9900    1.4437    1.4437    1.3282    0.0178    0.9483    0.2039    0.1362
   0    0.9143 -999.9900    1.8167    1.8167    1.2765   -0.0624    1.1926    0.3343    0.2139
   0    0.7254 -999.9900    1.5391    1.5391    1.4272   -0.0231    1.0002    0.1942    0.1310
    
2023062500
   0    0.7118 -999.9900    1.4507    1.4507    1.2598    0.0971    0.9483    0.2301    0.1923
   0    0.6430 -999.9900    1.3610    1.3610    1.3106    0.0464    0.8844    0.1681    0.1395
   0    0.8038 -999.9900    1.6932    1.6932    1.2688    0.0222    1.0678    0.2586    0.1969
   0    0.6758 -999.9900    1.4456    1.4456    1.4225    0.0118    0.9286    0.1712    0.1359
    
2023062600
   0    0.7588 -999.9900    1.5498    1.5498    1.1152    0.0327    0.9918    0.2108    0.2436
   0    0.6588 -999.9900    1.4218    1.4218    1.2728   -0.0315    0.8852    0.1429    0.1507
   0    0.7518 -999.9900    1.5413    1.5413    1.1116    0.0464    0.9848    0.2065    0.2402
   0    0.6589 -999.9900    1.4198    1.4198    1.2709   -0.0108    0.8852    0.1413    0.1542
    
2023062700
   0    0.7056 -999.9900    1.4017    1.4017    1.1336   -0.1629    0.9433    0.2324    0.2333
   0    0.6597 -999.9900    1.3891    1.3891    1.2507   -0.2350    0.8975    0.1998    0.1319
   0    0.7970 -999.9900    1.6388    1.6388    1.1308   -0.2016    1.0494    0.2425    0.2383
   0    0.6954 -999.9900    1.4860    1.4860    1.3078   -0.2431    0.9499    0.1921    0.1353
    
2023062800
   0    0.7288 -999.9900    1.4502    1.4502    1.0594   -0.0547    0.9691    0.2824    0.2336
   0    0.6321 -999.9900    1.3390    1.3390    1.1647   -0.0796    0.8688    0.1936    0.1254
   0    0.7992 -999.9900    1.6327    1.6327    1.0456   -0.1006    1.0485    0.2840    0.2390
   0    0.6564 -999.9900    1.4130    1.4130    1.2415   -0.1009    0.9091    0.1826    0.1310
    
2023062900
   0    0.7570 -999.9900    1.4250    1.4250    0.9999    0.0538    0.9880    0.2954    0.2558
   0    0.6246 -999.9900    1.2974    1.2974    1.1881    0.0516    0.8490    0.2052    0.1244
   0    0.8512 -999.9900    1.6800    1.6800    0.9995   -0.0397    1.0947    0.3153    0.2546
   0    0.6647 -999.9900    1.3976    1.3976    1.2858   -0.0028    0.9084    0.2136    0.1272
    
2023063000
   0    0.8843 -999.9900    1.7696    1.7696    1.1604    0.0837    1.1639    0.2747    0.2498
   0    0.7565 -999.9900    1.6128    1.6128    1.3193   -0.0486    1.0366    0.2212    0.1322
   0    0.9603 -999.9900    1.9684    1.9684    1.1668   -0.0186    1.2607    0.3040    0.2429
   0    0.7763 -999.9900    1.6810    1.6810    1.4354   -0.0827    1.0698    0.2253    0.1193
    
